0.5 1.0 0.5 0.0 1.0 0.5 0.0 0.0 0.0
0.500019038468 0.995636732251 0.506493506494 3.80769358288e-05 0.991273464502 0.506493506494 0.00463821892393 0.00463821892393 0.00927643784787
0.500076152422 0.991273796781 0.506493506494 0.000152304843609 0.982547593563 0.506493506494 0.00463821892393 0.00463821892393 0.00927643784787
0.500171337512 0.986911525846 0.506493506494 0.000342675024443 0.973823051692 0.506493506494 0.00927643784787 0.00463821892393 0.00927643784787
0.50030458649 0.982550251649 0.50974025974 0.000609172980904 0.965100503297 0.50974025974 0.00927643784787 0.00463821892393 0.0139146567718
0.500475889209 0.978190306317 0.50974025974 0.000951778418142 0.956380612635 0.50974025974 0.0139146567718 0.00463821892393 0.0139146567718
0.500685232623 0.973832021879 0.50974025974 0.00137046524543 0.947664043757 0.50974025974 0.0139146567718 0.00927643784787 0.0139146567718
0.500932600789 0.969475730233 0.50974025974 0.00186520157813 0.938951460465 0.50974025974 0.0139146567718 0.0139146567718 0.0139146567718
0.50121797487 0.965121763128 0.50974025974 0.00243594974018 0.930243526256 0.50974025974 0.0139146567718 0.0139146567718 0.0139146567718
0.501541333133 0.960770452136 0.50974025974 0.00308266626687 0.921540904272 0.50974025974 0.0139146567718 0.0139146567718 0.0139146567718
0.501902650954 0.956422128626 0.50974025974 0.00380530190825 0.912844257252 0.50974025974 0.0139146567718 0.0185528756957 0.0139146567718
0.502301900816 0.95207712374 0.50974025974 0.00460380163282 0.90415424748 0.50974025974 0.0139146567718 0.0185528756957 0.0139146567718
0.502739052316 0.947735768366 0.50974025974 0.00547810463173 0.895471536732 0.50974025974 0.0139146567718 0.0231910946197 0.0139146567718
0.503214072162 0.943398393116 0.50974025974 0.00642814432341 0.886796786232 0.50974025974 0.0139146567718 0.0231910946197 0.0139146567718
0.503726924179 0.939065328297 0.50974025974 0.00745384835868 0.878130656595 0.50974025974 0.00927643784787 0.0231910946197 0.0139146567718
0.504277569313 0.93473690389 0.50974025974 0.00855513862619 0.86947380778 0.50974025974 0.00463821892393 0.0231910946197 0.0139146567718
0.504865965629 0.93041344952 0.512987012987 0.00973193125843 0.86082689904 0.512987012987 0.0 0.0231910946197 0.0185528756957
0.505492068319 0.926095294435 0.512987012987 0.0109841366381 0.85219058887 0.512987012987 0.0 0.0231910946197 0.0185528756957
0.506155829702 0.92178276748 0.512987012987 0.0123116594049 0.84356553496 0.512987012987 0.0 0.0278293135436 0.0185528756957
0.506857199231 0.91747619707 0.516233766234 0.0137143984628 0.834952394139 0.516233766234 -0.00463821892393 0.0278293135436 0.0231910946197
0.507596123494 0.913175911167 0.519480519481 0.0151922469878 0.826351822333 0.519480519481 -0.00463821892393 0.0278293135436 0.0278293135436
0.508372546218 0.908882237254 0.519480519481 0.016745092436 0.817764474508 0.519480519481 -0.00463821892393 0.0278293135436 0.0278293135436
0.509186408276 0.904595502312 0.519480519481 0.0183728165523 0.809191004623 0.519480519481 -0.00463821892393 0.0278293135436 0.0278293135436
0.51003764769 0.900316032791 0.519480519481 0.0200752953792 0.800632065583 0.519480519481 -0.00927643784787 0.0324675324675 0.0278293135436
0.510926199633 0.896044154591 0.519480519481 0.0218523992662 0.792088309182 0.519480519481 -0.00927643784787 0.0324675324675 0.0278293135436
0.51185199644 0.891780193031 0.519480519481 0.0237039928801 0.783560386062 0.519480519481 -0.00927643784787 0.0371057513915 0.0278293135436
0.512814967607 0.887524472828 0.519480519481 0.0256299352148 0.775048945656 0.519480519481 -0.00927643784787 0.0371057513915 0.0278293135436
0.513815039801 0.883277318072 0.516233766234 0.0276300796023 0.766554636144 0.516233766234 -0.00927643784787 0.0371057513915 0.0231910946197
0.514852136862 0.8790390522 0.512987012987 0.029704273724 0.7580781044 0.512987012987 -0.00927643784787 0.0371057513915 0.0185528756957
0.515926179811 0.874809997973 0.512987012987 0.0318523596219 0.749619995946 0.512987012987 -0.00927643784787 0.0371057513915 0.0185528756957
0.517037086855 0.870590477449 0.50974025974 0.0340741737109 0.741180954897 0.50974025974 -0.00927643784787 0.0371057513915 0.0139146567718
0.518184773396 0.866380811961 0.50974025974 0.0363695467914 0.732761623922 0.50974025974 -0.00927643784787 0.0371057513915 0.0139146567718
0.519369152031 0.862181322092 0.506493506494 0.0387383040617 0.724362644183 0.506493506494 -0.00927643784787 0.0371057513915 0.00927643784787
0.520590132566 0.857992327648 0.503246753247 0.0411802651318 0.715984655296 0.503246753247 -0.00927643784787 0.0371057513915 0.00463821892393
0.521847622018 0.853814147639 0.503246753247 0.043695244037 0.707628295277 0.503246753247 -0.00927643784787 0.0371057513915 0.00463821892393
0.523141524626 0.849647100248 0.503246753247 0.0462830492518 0.699294200496 0.503246753247 -0.00927643784787 0.0371057513915 0.00463821892393
0.524471741852 0.845491502813 0.5 0.0489434837048 0.690983005625 0.5 -0.00927643784787 0.0371057513915 0.0
0.525838172397 0.841347671797 0.496753246753 0.0516763447938 0.682695343595 0.496753246753 -0.00927643784787 0.0371057513915 -0.00463821892393
0.5272407122 0.837215922771 0.496753246753 0.0544814244007 0.674431845543 0.496753246753 -0.00927643784787 0.0417439703154 -0.00463821892393
0.528679254454 0.833096570383 0.493506493506 0.0573585089078 0.666193140766 0.493506493506 -0.00927643784787 0.0417439703154 -0.00927643784787
0.530153689607 0.828989928337 0.493506493506 0.0603073792141 0.657979856674 0.493506493506 -0.00927643784787 0.0417439703154 -0.00927643784787
0.531663905376 0.82489630937 0.49025974026 0.0633278107516 0.649792618741 0.49025974026 -0.00927643784787 0.0463821892393 -0.0139146567718
0.533209786751 0.820816025227 0.49025974026 0.0664195735028 0.641632050455 0.49025974026 -0.00927643784787 0.0463821892393 -0.0139146567718
0.534791216009 0.816749386638 0.49025974026 0.069582432018 0.633498773276 0.49025974026 -0.00927643784787 0.0510204081633 -0.0139146567718
0.536408072717 0.812696703292 0.487012987013 0.0728161454332 0.625393406584 0.487012987013 -0.00927643784787 0.0556586270872 -0.0185528756957
0.538060233744 0.808658283817 0.487012987013 0.0761204674887 0.617316567635 0.487012987013 -0.00463821892393 0.0556586270872 -0.0185528756957
0.539747573274 0.804634435755 0.487012987013 0.0794951465476 0.609268871511 0.487012987013 -0.00463821892393 0.0602968460111 -0.0185528756957
0.541469962807 0.800625465537 0.483766233766 0.0829399256149 0.601250931075 0.483766233766 0.0 0.0602968460111 -0.0231910946197
0.543227271179 0.796631678462 0.483766233766 0.0864545423574 0.593263356924 0.483766233766 -0.00463821892393 0.0602968460111 -0.0231910946197
0.545019364562 0.792653378672 0.483766233766 0.0900387291235 0.585306757344 0.483766233766 -0.00463821892393 0.0602968460111 -0.0231910946197
0.546846106482 0.78869086913 0.483766233766 0.0936922129633 0.577381738259 0.483766233766 -0.00927643784787 0.0602968460111 -0.0231910946197
0.548707357825 0.784744451596 0.480519480519 0.0974147156501 0.569488903192 0.480519480519 -0.00927643784787 0.0602968460111 -0.0278293135436
0.55060297685 0.780814426605 0.480519480519 0.101205953701 0.561628853211 0.480519480519 -0.00927643784787 0.0602968460111 -0.0278293135436
0.552532819199 0.776901093445 0.480519480519 0.105065638398 0.55380218689 0.480519480519 -0.0139146567718 0.0602968460111 -0.0278293135436
0.554496737906 0.77300475013 0.480519480519 0.108993475812 0.54600950026 0.480519480519 -0.0139146567718 0.0602968460111 -0.0278293135436
0.556494583411 0.769125693382 0.480519480519 0.112989166822 0.538251386765 0.480519480519 -0.0139146567718 0.0556586270872 -0.0278293135436
0.558526203571 0.765264218607 0.480519480519 0.117052407141 0.530528437214 0.480519480519 -0.0185528756957 0.0510204081633 -0.0278293135436
0.560591443669 0.76142061987 0.480519480519 0.121182887338 0.52284123974 0.480519480519 -0.0231910946197 0.0510204081633 -0.0278293135436
0.56269014643 0.757595189877 0.480519480519 0.125380292861 0.515190379754 0.480519480519 -0.0278293135436 0.0510204081633 -0.0278293135436
0.56482215203 0.753788219948 0.480519480519 0.12964430406 0.507576439897 0.480519480519 -0.0278293135436 0.0463821892393 -0.0278293135436
0.566987298108 0.75 0.480519480519 0.133974596216 0.5 0.480519480519 -0.0324675324675 0.0417439703154 -0.0278293135436
0.569185419779 0.74623081852 0.480519480519 0.138370839558 0.492461637039 0.480519480519 -0.0324675324675 0.0417439703154 -0.0278293135436
0.571416349649 0.742480962545 0.480519480519 0.142832699298 0.48496192509 0.480519480519 -0.0371057513915 0.0417439703154 -0.0278293135436
0.573679917823 0.738750717642 0.480519480519 0.147359835646 0.477501435284 0.480519480519 -0.0371057513915 0.0371057513915 -0.0278293135436
0.575975951922 0.735040367883 0.480519480519 0.151951903844 0.470080735767 0.480519480519 -0.0417439703154 0.0371057513915 -0.0278293135436
0.578304277094 0.731350195827 0.480519480519 0.156608554187 0.462700391653 0.480519480519 -0.0417439703154 0.0278293135436 -0.0278293135436
0.580664716027 0.727680482492 0.480519480519 0.161329432055 0.455360964985 0.480519480519 -0.0417439703154 0.0278293135436 -0.0278293135436
0.583057088966 0.724031507344 0.480519480519 0.166114177933 0.448063014688 0.480519480519 -0.0417439703154 0.0231910946197 -0.0278293135436
0.585481213722 0.720403548265 0.477272727273 0.170962427445 0.440807096529 0.477272727273 -0.0417439703154 0.0231910946197 -0.0324675324675
0.587936905689 0.716796881538 0.474025974026 0.175873811378 0.433593763075 0.474025974026 -0.0417439703154 0.0185528756957 -0.0371057513915
0.590423977856 0.713211781824 0.474025974026 0.180847955711 0.426423563649 0.474025974026 -0.0417439703154 0.0139146567718 -0.0371057513915
0.592942240822 0.709648522145 0.474025974026 0.185884481644 0.419297044289 0.474025974026 -0.0417439703154 0.0139146567718 -0.0371057513915
0.595491502813 0.706107373854 0.474025974026 0.190983005625 0.412214747708 0.474025974026 -0.0371057513915 0.00927643784787 -0.0371057513915
0.598071569691 0.702588606624 0.474025974026 0.196143139383 0.405177213249 0.474025974026 -0.0324675324675 0.00463821892393 -0.0371057513915
0.600682244976 0.699092488424 0.474025974026 0.201364489953 0.398184976848 0.474025974026 -0.0324675324675 0.00463821892393 -0.0371057513915
0.603323329854 0.695619285496 0.474025974026 0.206646659709 0.391238570991 0.474025974026 -0.0324675324675 0.00463821892393 -0.0371057513915
0.605994623197 0.692169262337 0.474025974026 0.211989246393 0.384338524674 0.474025974026 -0.0324675324675 -0.00463821892393 -0.0371057513915
0.608695921574 0.688742681681 0.474025974026 0.217391843148 0.377485363362 0.474025974026 -0.0324675324675 -0.00927643784787 -0.0371057513915
0.611427019272 0.685339804475 0.474025974026 0.222854038543 0.37067960895 0.474025974026 -0.00463821892393 -0.00927643784787 -0.0371057513915
0.614187708306 0.681960889861 0.474025974026 0.228375416612 0.363921779722 0.474025974026 0.0 -0.00927643784787 -0.0371057513915
0.616977778441 0.678606195157 0.470779220779 0.233955556881 0.357212390313 0.470779220779 0.0 -0.00927643784787 -0.0417439703154
0.6197970172 0.675275975835 0.470779220779 0.2395940344 0.35055195167 0.470779220779 0.0 -0.0139146567718 -0.0417439703154
0.622645209889 0.671970485505 0.470779220779 0.245290419777 0.343940971009 0.470779220779 0.0 -0.0139146567718 -0.0417439703154
0.625522139605 0.668689975892 0.464285714286 0.251044279211 0.337379951784 0.464285714286 0.0 -0.0139146567718 -0.0510204081633
0.628427587261 0.665434696821 0.464285714286 0.256855174523 0.330869393641 0.464285714286 0.0 -0.0139146567718 -0.0510204081633
0.631361331595 0.662204896192 0.464285714286 0.26272266319 0.324409792384 0.464285714286 0.0 -0.0139146567718 -0.0510204081633
0.63432314919 0.659000819969 0.464285714286 0.268646298381 0.318001639938 0.464285714286 0.0 -0.0139146567718 -0.0510204081633
0.637312814494 0.655822712153 0.464285714286 0.274625628988 0.311645424306 0.464285714286 0.00463821892393 -0.0139146567718 -0.0510204081633
0.640330099831 0.652670814771 0.464285714286 0.280660199661 0.305341629541 0.464285714286 0.00463821892393 -0.0139146567718 -0.0510204081633
0.643374775423 0.64954536785 0.464285714286 0.286749550846 0.2990907357 0.464285714286 0.00463821892393 -0.0139146567718 -0.0510204081633
0.646446609407 0.646446609407 0.464285714286 0.292893218813 0.292893218813 0.464285714286 0.00463821892393 -0.0139146567718 -0.0510204081633
0.64954536785 0.643374775423 0.464285714286 0.2990907357 0.286749550846 0.464285714286 0.0139146567718 -0.0139146567718 -0.0510204081633
0.652670814771 0.640330099831 0.461038961039 0.305341629541 0.280660199661 0.461038961039 0.0185528756957 -0.0139146567718 -0.0556586270872
0.655822712153 0.637312814494 0.461038961039 0.311645424306 0.274625628988 0.461038961039 0.0185528756957 -0.0139146567718 -0.0556586270872
0.659000819969 0.63432314919 0.461038961039 0.318001639938 0.268646298381 0.461038961039 0.0185528756957 -0.0139146567718 -0.0556586270872
0.662204896192 0.631361331595 0.461038961039 0.324409792384 0.26272266319 0.461038961039 0.0185528756957 -0.0139146567718 -0.0556586270872
0.665434696821 0.628427587261 0.461038961039 0.330869393641 0.256855174523 0.461038961039 0.0185528756957 -0.0139146567718 -0.0556586270872
0.668689975892 0.625522139605 0.461038961039 0.337379951784 0.251044279211 0.461038961039 0.0185528756957 -0.0139146567718 -0.0556586270872
0.671970485505 0.622645209889 0.464285714286 0.343940971009 0.245290419777 0.464285714286 0.0231910946197 -0.0139146567718 -0.0510204081633
0.675275975835 0.6197970172 0.464285714286 0.35055195167 0.2395940344 0.464285714286 0.0231910946197 -0.0139146567718 -0.0510204081633
0.678606195157 0.616977778441 0.464285714286 0.357212390313 0.233955556881 0.464285714286 0.0278293135436 -0.0139146567718 -0.0510204081633
0.681960889861 0.614187708306 0.467532467532 0.363921779722 0.228375416612 0.467532467532 0.0324675324675 -0.0139146567718 -0.0463821892393
0.685339804475 0.611427019272 0.467532467532 0.37067960895 0.222854038543 0.467532467532 0.0324675324675 -0.0139146567718 -0.0463821892393
0.688742681681 0.608695921574 0.467532467532 0.377485363362 0.217391843148 0.467532467532 0.0324675324675 -0.00927643784787 -0.0463821892393
0.692169262337 0.605994623197 0.467532467532 0.384338524674 0.211989246393 0.467532467532 0.0324675324675 -0.00927643784787 -0.0463821892393
0.695619285496 0.603323329854 0.467532467532 0.391238570991 0.206646659709 0.467532467532 0.0324675324675 -0.00927643784787 -0.0463821892393
0.699092488424 0.600682244976 0.467532467532 0.398184976848 0.201364489953 0.467532467532 0.0324675324675 -0.00927643784787 -0.0463821892393
0.702588606624 0.598071569691 0.467532467532 0.405177213249 0.196143139383 0.467532467532 0.0324675324675 -0.00927643784787 -0.0463821892393
0.706107373854 0.595491502813 0.467532467532 0.412214747708 0.190983005625 0.467532467532 0.0324675324675 -0.00927643784787 -0.0463821892393
0.709648522145 0.592942240822 0.467532467532 0.419297044289 0.185884481644 0.467532467532 0.0324675324675 -0.00927643784787 -0.0463821892393
0.713211781824 0.590423977856 0.470779220779 0.426423563649 0.180847955711 0.470779220779 0.0324675324675 -0.00927643784787 -0.0417439703154
0.716796881538 0.587936905689 0.470779220779 0.433593763075 0.175873811378 0.470779220779 0.0324675324675 -0.00927643784787 -0.0417439703154
0.720403548265 0.585481213722 0.477272727273 0.440807096529 0.170962427445 0.477272727273 0.0324675324675 -0.00927643784787 -0.0324675324675
0.724031507344 0.583057088966 0.477272727273 0.448063014688 0.166114177933 0.477272727273 0.0371057513915 -0.00463821892393 -0.0324675324675
0.727680482492 0.580664716027 0.480519480519 0.455360964985 0.161329432055 0.480519480519 0.0371057513915 -0.00463821892393 -0.0278293135436
0.731350195827 0.578304277094 0.480519480519 0.462700391653 0.156608554187 0.480519480519 0.0371057513915 -0.00463821892393 -0.0278293135436
0.735040367883 0.575975951922 0.480519480519 0.470080735767 0.151951903844 0.480519480519 0.0371057513915 -0.00463821892393 -0.0278293135436
0.738750717642 0.573679917823 0.480519480519 0.477501435284 0.147359835646 0.480519480519 0.0371057513915 -0.00463821892393 -0.0278293135436
0.742480962545 0.571416349649 0.480519480519 0.48496192509 0.142832699298 0.480519480519 0.0371057513915 -0.00463821892393 -0.0278293135436
0.74623081852 0.569185419779 0.483766233766 0.492461637039 0.138370839558 0.483766233766 0.0371057513915 -0.00463821892393 -0.0231910946197
0.75 0.566987298108 0.483766233766 0.5 0.133974596216 0.483766233766 0.0371057513915 -0.00463821892393 -0.0231910946197
0.753788219948 0.56482215203 0.483766233766 0.507576439897 0.12964430406 0.483766233766 0.0371057513915 0.0 -0.0231910946197
0.757595189877 0.56269014643 0.483766233766 0.515190379754 0.125380292861 0.483766233766 0.0371057513915 0.0 -0.0231910946197
0.76142061987 0.560591443669 0.487012987013 0.52284123974 0.121182887338 0.487012987013 0.0371057513915 0.0 -0.0185528756957
0.765264218607 0.558526203571 0.487012987013 0.530528437214 0.117052407141 0.487012987013 0.0324675324675 0.0 -0.0185528756957
0.769125693382 0.556494583411 0.487012987013 0.538251386765 0.112989166822 0.487012987013 0.0324675324675 0.0 -0.0185528756957
0.77300475013 0.554496737906 0.487012987013 0.54600950026 0.108993475812 0.487012987013 0.0278293135436 0.0 -0.0185528756957
0.776901093445 0.552532819199 0.487012987013 0.55380218689 0.105065638398 0.487012987013 0.0231910946197 0.00463821892393 -0.0185528756957
0.780814426605 0.55060297685 0.487012987013 0.561628853211 0.101205953701 0.487012987013 0.0185528756957 0.00463821892393 -0.0185528756957
0.784744451596 0.548707357825 0.487012987013 0.569488903192 0.0974147156501 0.487012987013 0.0185528756957 0.00463821892393 -0.0185528756957
0.78869086913 0.546846106482 0.487012987013 0.577381738259 0.0936922129633 0.487012987013 0.0139146567718 0.00463821892393 -0.0185528756957
0.792653378672 0.545019364562 0.49025974026 0.585306757344 0.0900387291235 0.49025974026 0.00927643784787 0.00463821892393 -0.0139146567718
0.796631678462 0.543227271179 0.49025974026 0.593263356924 0.0864545423574 0.49025974026 0.00927643784787 0.00927643784787 -0.0139146567718
0.800625465537 0.541469962807 0.496753246753 0.601250931075 0.0829399256149 0.496753246753 0.00927643784787 0.00927643784787 -0.00463821892393
0.804634435755 0.539747573274 0.496753246753 0.609268871511 0.0794951465476 0.496753246753 0.00927643784787 0.0139146567718 -0.00463821892393
0.808658283817 0.538060233744 0.496753246753 0.617316567635 0.0761204674887 0.496753246753 0.00927643784787 0.0139146567718 -0.00463821892393
0.812696703292 0.536408072717 0.5 0.625393406584 0.0728161454332 0.5 0.00927643784787 0.0185528756957 0.0
0.816749386638 0.534791216009 0.5 0.633498773276 0.069582432018 0.5 0.00927643784787 0.0185528756957 0.0
0.820816025227 0.533209786751 0.5 0.641632050455 0.0664195735028 0.5 0.00927643784787 0.0185528756957 0.0
0.82489630937 0.531663905376 0.5 0.649792618741 0.0633278107516 0.5 0.00927643784787 0.0185528756957 0.0
0.828989928337 0.530153689607 0.5 0.657979856674 0.0603073792141 0.5 0.00927643784787 0.0185528756957 0.0
0.833096570383 0.528679254454 0.5 0.666193140766 0.0573585089078 0.5 0.00927643784787 0.0185528756957 0.0
0.837215922771 0.5272407122 0.5 0.674431845543 0.0544814244007 0.5 0.00463821892393 0.0185528756957 0.0
0.841347671797 0.525838172397 0.5 0.682695343595 0.0516763447938 0.5 0.00463821892393 0.0231910946197 0.0
0.845491502813 0.524471741852 0.5 0.690983005625 0.0489434837048 0.5 0.00463821892393 0.0231910946197 0.0
0.849647100248 0.523141524626 0.503246753247 0.699294200496 0.0462830492518 0.503246753247 0.00463821892393 0.0231910946197 0.00463821892393
0.853814147639 0.521847622018 0.506493506494 0.707628295277 0.043695244037 0.506493506494 0.00463821892393 0.0231910946197 0.00927643784787
0.857992327648 0.520590132566 0.50974025974 0.715984655296 0.0411802651318 0.50974025974 0.00463821892393 0.0278293135436 0.0139146567718
0.862181322092 0.519369152031 0.50974025974 0.724362644183 0.0387383040617 0.50974025974 0.00463821892393 0.0278293135436 0.0139146567718
0.866380811961 0.518184773396 0.512987012987 0.732761623922 0.0363695467914 0.512987012987 0.00927643784787 0.0278293135436 0.0185528756957
0.870590477449 0.517037086855 0.516233766234 0.741180954897 0.0340741737109 0.516233766234 0.00927643784787 0.0278293135436 0.0231910946197
0.874809997973 0.515926179811 0.516233766234 0.749619995946 0.0318523596219 0.516233766234 0.00927643784787 0.0278293135436 0.0231910946197
0.8790390522 0.514852136862 0.519480519481 0.7580781044 0.029704273724 0.519480519481 0.00927643784787 0.0278293135436 0.0278293135436
0.883277318072 0.513815039801 0.519480519481 0.766554636144 0.0276300796023 0.519480519481 0.00927643784787 0.0278293135436 0.0278293135436
0.887524472828 0.512814967607 0.519480519481 0.775048945656 0.0256299352148 0.519480519481 0.0139146567718 0.0278293135436 0.0278293135436
0.891780193031 0.51185199644 0.519480519481 0.783560386062 0.0237039928801 0.519480519481 0.0139146567718 0.0278293135436 0.0278293135436
0.896044154591 0.510926199633 0.519480519481 0.792088309182 0.0218523992662 0.519480519481 0.0185528756957 0.0278293135436 0.0278293135436
0.900316032791 0.51003764769 0.519480519481 0.800632065583 0.0200752953792 0.519480519481 0.0185528756957 0.0278293135436 0.0278293135436
0.904595502312 0.509186408276 0.519480519481 0.809191004623 0.0183728165523 0.519480519481 0.0185528756957 0.0278293135436 0.0278293135436
0.908882237254 0.508372546218 0.519480519481 0.817764474508 0.016745092436 0.519480519481 0.0185528756957 0.0278293135436 0.0278293135436
0.913175911167 0.507596123494 0.519480519481 0.826351822333 0.0151922469878 0.519480519481 0.0185528756957 0.0278293135436 0.0278293135436
0.91747619707 0.506857199231 0.519480519481 0.834952394139 0.0137143984628 0.519480519481 0.0231910946197 0.0278293135436 0.0278293135436
0.92178276748 0.506155829702 0.519480519481 0.84356553496 0.0123116594049 0.519480519481 0.0231910946197 0.0324675324675 0.0278293135436
0.926095294435 0.505492068319 0.519480519481 0.85219058887 0.0109841366381 0.519480519481 0.0231910946197 0.0371057513915 0.0278293135436
0.93041344952 0.504865965629 0.519480519481 0.86082689904 0.00973193125843 0.519480519481 0.0231910946197 0.0371057513915 0.0278293135436
0.93473690389 0.504277569313 0.516233766234 0.86947380778 0.00855513862619 0.516233766234 0.0231910946197 0.0324675324675 0.0231910946197
0.939065328297 0.503726924179 0.516233766234 0.878130656595 0.00745384835868 0.516233766234 0.0231910946197 0.0324675324675 0.0231910946197
0.943398393116 0.503214072162 0.516233766234 0.886796786232 0.00642814432341 0.516233766234 0.0231910946197 0.0324675324675 0.0231910946197
0.947735768366 0.502739052316 0.512987012987 0.895471536732 0.00547810463173 0.512987012987 0.0231910946197 0.0324675324675 0.0185528756957
0.95207712374 0.502301900816 0.512987012987 0.90415424748 0.00460380163282 0.512987012987 0.0231910946197 0.0371057513915 0.0185528756957
0.956422128626 0.501902650954 0.512987012987 0.912844257252 0.00380530190825 0.512987012987 0.0231910946197 0.0371057513915 0.0185528756957
0.960770452136 0.501541333133 0.512987012987 0.921540904272 0.00308266626687 0.512987012987 0.0231910946197 0.0371057513915 0.0185528756957
0.965121763128 0.50121797487 0.512987012987 0.930243526256 0.00243594974018 0.512987012987 0.0231910946197 0.0371057513915 0.0185528756957
0.969475730233 0.500932600789 0.512987012987 0.938951460465 0.00186520157813 0.512987012987 0.0231910946197 0.0371057513915 0.0185528756957
0.973832021879 0.500685232623 0.512987012987 0.947664043757 0.00137046524543 0.512987012987 0.0185528756957 0.0371057513915 0.0185528756957
0.978190306317 0.500475889209 0.50974025974 0.956380612635 0.000951778418142 0.50974025974 0.0185528756957 0.0324675324675 0.0139146567718
0.982550251649 0.50030458649 0.50974025974 0.965100503297 0.000609172980904 0.50974025974 0.0139146567718 0.0324675324675 0.0139146567718
0.986911525846 0.500171337512 0.506493506494 0.973823051692 0.000342675024443 0.506493506494 0.0139146567718 0.0324675324675 0.00927643784787
0.991273796781 0.500076152422 0.506493506494 0.982547593563 0.000152304843609 0.506493506494 0.0139146567718 0.0278293135436 0.00927643784787
0.995636732251 0.500019038468 0.506493506494 0.991273464502 3.80769358288e-05 0.506493506494 0.0139146567718 0.0278293135436 0.00927643784787
1.0 0.5 0.506493506494 1.0 0.0 0.506493506494 0.0139146567718 0.0231910946197 0.00927643784787
1.00436326775 0.500019038468 0.506493506494 1.0087265355 3.80769358288e-05 0.506493506494 0.0139146567718 0.0185528756957 0.00927643784787
1.00872620322 0.500076152422 0.503246753247 1.01745240644 0.000152304843609 0.503246753247 0.0139146567718 0.0185528756957 0.00463821892393
1.01308847415 0.500171337512 0.503246753247 1.02617694831 0.000342675024443 0.503246753247 0.0139146567718 0.0185528756957 0.00463821892393
1.01744974835 0.50030458649 0.5 1.0348994967 0.000609172980904 0.5 0.0139146567718 0.0139146567718 0.0
1.02180969368 0.500475889209 0.5 1.04361938737 0.000951778418142 0.5 0.0139146567718 0.0139146567718 0.0
1.02616797812 0.500685232623 0.5 1.05233595624 0.00137046524543 0.5 0.0139146567718 0.0139146567718 0.0
1.03052426977 0.500932600789 0.5 1.06104853953 0.00186520157813 0.5 0.0139146567718 0.0139146567718 0.0
1.03487823687 0.50121797487 0.5 1.06975647374 0.00243594974018 0.5 0.0139146567718 0.0139146567718 0.0
1.03922954786 0.501541333133 0.5 1.07845909573 0.00308266626687 0.5 0.0139146567718 0.00927643784787 0.0
1.04357787137 0.501902650954 0.5 1.08715574275 0.00380530190825 0.5 0.0139146567718 0.00927643784787 0.0
1.04792287626 0.502301900816 0.496753246753 1.09584575252 0.00460380163282 0.496753246753 0.0139146567718 0.00927643784787 -0.00463821892393
1.05226423163 0.502739052316 0.496753246753 1.10452846327 0.00547810463173 0.496753246753 0.00927643784787 0.00927643784787 -0.00463821892393
1.05660160688 0.503214072162 0.493506493506 1.11320321377 0.00642814432341 0.493506493506 0.00463821892393 0.00927643784787 -0.00927643784787
1.0609346717 0.503726924179 0.493506493506 1.12186934341 0.00745384835868 0.493506493506 0.00463821892393 0.00927643784787 -0.00927643784787
1.06526309611 0.504277569313 0.493506493506 1.13052619222 0.00855513862619 0.493506493506 0.0 0.00927643784787 -0.00927643784787
1.06958655048 0.504865965629 0.493506493506 1.13917310096 0.00973193125843 0.493506493506 0.0 0.00927643784787 -0.00927643784787
1.07390470556 0.505492068319 0.493506493506 1.14780941113 0.0109841366381 0.493506493506 -0.00463821892393 0.00927643784787 -0.00927643784787
1.07821723252 0.506155829702 0.493506493506 1.15643446504 0.0123116594049 0.493506493506 -0.00463821892393 0.0139146567718 -0.00927643784787
1.08252380293 0.506857199231 0.493506493506 1.16504760586 0.0137143984628 0.493506493506 -0.00463821892393 0.0139146567718 -0.00927643784787
1.08682408883 0.507596123494 0.493506493506 1.17364817767 0.0151922469878 0.493506493506 -0.00463821892393 0.0139146567718 -0.00927643784787
1.09111776275 0.508372546218 0.493506493506 1.18223552549 0.016745092436 0.493506493506 -0.00463821892393 0.0139146567718 -0.00927643784787
1.09540449769 0.509186408276 0.493506493506 1.19080899538 0.0183728165523 0.493506493506 -0.00927643784787 0.0139146567718 -0.00927643784787
1.09968396721 0.51003764769 0.493506493506 1.19936793442 0.0200752953792 0.493506493506 -0.00927643784787 0.0139146567718 -0.00927643784787
1.10395584541 0.510926199633 0.493506493506 1.20791169082 0.0218523992662 0.493506493506 -0.00927643784787 0.00927643784787 -0.00927643784787
1.10821980697 0.51185199644 0.493506493506 1.21643961394 0.0237039928801 0.493506493506 -0.00927643784787 0.00927643784787 -0.00927643784787
1.11247552717 0.512814967607 0.493506493506 1.22495105434 0.0256299352148 0.493506493506 -0.00927643784787 0.00463821892393 -0.00927643784787
1.11672268193 0.513815039801 0.493506493506 1.23344536386 0.0276300796023 0.493506493506 -0.00927643784787 0.00463821892393 -0.00927643784787
1.1209609478 0.514852136862 0.493506493506 1.2419218956 0.029704273724 0.493506493506 -0.00927643784787 0.00463821892393 -0.00927643784787
1.12519000203 0.515926179811 0.493506493506 1.25038000405 0.0318523596219 0.493506493506 -0.0139146567718 0.00463821892393 -0.00927643784787
1.12940952255 0.517037086855 0.493506493506 1.2588190451 0.0340741737109 0.493506493506 -0.0139146567718 0.00463821892393 -0.00927643784787
1.13361918804 0.518184773396 0.493506493506 1.26723837608 0.0363695467914 0.493506493506 -0.0139146567718 0.00463821892393 -0.00927643784787
1.13781867791 0.519369152031 0.493506493506 1.27563735582 0.0387383040617 0.493506493506 -0.0185528756957 0.00463821892393 -0.00927643784787
1.14200767235 0.520590132566 0.493506493506 1.2840153447 0.0411802651318 0.493506493506 -0.0185528756957 0.00463821892393 -0.00927643784787
1.14618585236 0.521847622018 0.493506493506 1.29237170472 0.043695244037 0.493506493506 -0.0231910946197 0.00463821892393 -0.00927643784787
1.15035289975 0.523141524626 0.496753246753 1.3007057995 0.0462830492518 0.496753246753 -0.0231910946197 0.00463821892393 -0.00463821892393
1.15450849719 0.524471741852 0.5 1.30901699437 0.0489434837048 0.5 -0.0231910946197 0.00463821892393 0.0
1.1586523282 0.525838172397 0.5 1.31730465641 0.0516763447938 0.5 -0.0231910946197 0.00463821892393 0.0
1.16278407723 0.5272407122 0.5 1.32556815446 0.0544814244007 0.5 -0.0231910946197 0.00463821892393 0.0
1.16690342962 0.528679254454 0.5 1.33380685923 0.0573585089078 0.5 -0.0231910946197 0.00463821892393 0.0
1.17101007166 0.530153689607 0.503246753247 1.34202014333 0.0603073792141 0.503246753247 -0.0231910946197 0.00463821892393 0.00463821892393
1.17510369063 0.531663905376 0.503246753247 1.35020738126 0.0633278107516 0.503246753247 -0.0231910946197 0.00927643784787 0.00463821892393
1.17918397477 0.533209786751 0.503246753247 1.35836794955 0.0664195735028 0.503246753247 -0.0231910946197 0.00927643784787 0.00463821892393
1.18325061336 0.534791216009 0.506493506494 1.36650122672 0.069582432018 0.506493506494 -0.0231910946197 0.0139146567718 0.00927643784787
1.18730329671 0.536408072717 0.50974025974 1.37460659342 0.0728161454332 0.50974025974 -0.0231910946197 0.0139146567718 0.0139146567718
1.19134171618 0.538060233744 0.50974025974 1.38268343237 0.0761204674887 0.50974025974 -0.0231910946197 0.0185528756957 0.0139146567718
1.19536556424 0.539747573274 0.50974025974 1.39073112849 0.0794951465476 0.50974025974 -0.0231910946197 0.0185528756957 0.0139146567718
1.19937453446 0.541469962807 0.50974025974 1.39874906893 0.0829399256149 0.50974025974 -0.0231910946197 0.0185528756957 0.0139146567718
1.20336832154 0.543227271179 0.50974025974 1.40673664308 0.0864545423574 0.50974025974 -0.0231910946197 0.0231910946197 0.0139146567718
1.20734662133 0.545019364562 0.50974025974 1.41469324266 0.0900387291235 0.50974025974 -0.0231910946197 0.0231910946197 0.0139146567718
1.21130913087 0.546846106482 0.50974025974 1.42261826174 0.0936922129633 0.50974025974 -0.0231910946197 0.0231910946197 0.0139146567718
1.2152555484 0.548707357825 0.50974025974 1.43051109681 0.0974147156501 0.50974025974 -0.0278293135436 0.0231910946197 0.0139146567718
1.21918557339 0.55060297685 0.50974025974 1.43837114679 0.101205953701 0.50974025974 -0.0278293135436 0.0231910946197 0.0139146567718
1.22309890655 0.552532819199 0.506493506494 1.44619781311 0.105065638398 0.506493506494 -0.0278293135436 0.0231910946197 0.00927643784787
1.22699524987 0.554496737906 0.506493506494 1.45399049974 0.108993475812 0.506493506494 -0.0278293135436 0.0231910946197 0.00927643784787
1.23087430662 0.556494583411 0.506493506494 1.46174861324 0.112989166822 0.506493506494 -0.0278293135436 0.0231910946197 0.00927643784787
1.23473578139 0.558526203571 0.506493506494 1.46947156279 0.117052407141 0.506493506494 -0.0278293135436 0.0231910946197 0.00927643784787
1.23857938013 0.560591443669 0.506493506494 1.47715876026 0.121182887338 0.506493506494 -0.0278293135436 0.0231910946197 0.00927643784787
1.24240481012 0.56269014643 0.506493506494 1.48480962025 0.125380292861 0.506493506494 -0.0278293135436 0.0231910946197 0.00927643784787
1.24621178005 0.56482215203 0.506493506494 1.4924235601 0.12964430406 0.506493506494 -0.0278293135436 0.0231910946197 0.00927643784787
1.25 0.566987298108 0.506493506494 1.5 0.133974596216 0.506493506494 -0.0231910946197 0.0231910946197 0.00927643784787
1.25376918148 0.569185419779 0.506493506494 1.50753836296 0.138370839558 0.506493506494 -0.0231910946197 0.0231910946197 0.00927643784787
1.25751903746 0.571416349649 0.506493506494 1.51503807491 0.142832699298 0.506493506494 -0.0231910946197 0.0231910946197 0.00927643784787
1.26124928236 0.573679917823 0.506493506494 1.52249856472 0.147359835646 0.506493506494 -0.0231910946197 0.0231910946197 0.00927643784787
1.26495963212 0.575975951922 0.506493506494 1.52991926423 0.151951903844 0.506493506494 -0.0185528756957 0.0185528756957 0.00927643784787
1.26864980417 0.578304277094 0.506493506494 1.53729960835 0.156608554187 0.506493506494 -0.0185528756957 0.0185528756957 0.00927643784787
1.27231951751 0.580664716027 0.506493506494 1.54463903502 0.161329432055 0.506493506494 -0.0185528756957 0.0139146567718 0.00927643784787
1.27596849266 0.583057088966 0.506493506494 1.55193698531 0.166114177933 0.506493506494 -0.0139146567718 0.0139146567718 0.00927643784787
1.27959645174 0.585481213722 0.506493506494 1.55919290347 0.170962427445 0.506493506494 -0.00927643784787 0.0139146567718 0.00927643784787
1.28320311846 0.587936905689 0.506493506494 1.56640623692 0.175873811378 0.506493506494 -0.00463821892393 0.0139146567718 0.00927643784787
1.28678821818 0.590423977856 0.506493506494 1.57357643635 0.180847955711 0.506493506494 -0.00463821892393 0.0139146567718 0.00927643784787
1.29035147786 0.592942240822 0.506493506494 1.58070295571 0.185884481644 0.506493506494 0.0 0.0139146567718 0.00927643784787
1.29389262615 0.595491502813 0.506493506494 1.58778525229 0.190983005625 0.506493506494 0.0 0.0139146567718 0.00927643784787
1.29741139338 0.598071569691 0.506493506494 1.59482278675 0.196143139383 0.506493506494 0.0 0.0139146567718 0.00927643784787
1.30090751158 0.600682244976 0.506493506494 1.60181502315 0.201364489953 0.506493506494 0.00463821892393 0.0139146567718 0.00927643784787
1.3043807145 0.603323329854 0.506493506494 1.60876142901 0.206646659709 0.506493506494 0.00463821892393 0.0185528756957 0.00927643784787
1.30783073766 0.605994623197 0.506493506494 1.61566147533 0.211989246393 0.506493506494 0.00463821892393 0.0185528756957 0.00927643784787
1.31125731832 0.608695921574 0.506493506494 1.62251463664 0.217391843148 0.506493506494 0.00463821892393 0.0231910946197 0.00927643784787
1.31466019552 0.611427019272 0.506493506494 1.62932039105 0.222854038543 0.506493506494 0.00463821892393 0.0231910946197 0.00927643784787
1.31803911014 0.614187708306 0.506493506494 1.63607822028 0.228375416612 0.506493506494 0.00463821892393 0.0231910946197 0.00927643784787
1.32139380484 0.616977778441 0.506493506494 1.64278760969 0.233955556881 0.506493506494 0.00463821892393 0.0278293135436 0.00927643784787
1.32472402417 0.6197970172 0.506493506494 1.64944804833 0.2395940344 0.506493506494 0.00927643784787 0.0278293135436 0.00927643784787
1.3280295145 0.622645209889 0.506493506494 1.65605902899 0.245290419777 0.506493506494 0.00927643784787 0.0278293135436 0.00927643784787
1.33131002411 0.625522139605 0.50974025974 1.66262004822 0.251044279211 0.50974025974 0.0139146567718 0.0278293135436 0.0139146567718
1.33456530318 0.628427587261 0.50974025974 1.66913060636 0.256855174523 0.50974025974 0.0185528756957 0.0278293135436 0.0139146567718
1.33779510381 0.631361331595 0.50974025974 1.67559020762 0.26272266319 0.50974025974 0.0185528756957 0.0278293135436 0.0139146567718
1.34099918003 0.63432314919 0.506493506494 1.68199836006 0.268646298381 0.506493506494 0.0185528756957 0.0278293135436 0.00927643784787
1.34417728785 0.637312814494 0.506493506494 1.68835457569 0.274625628988 0.506493506494 0.0185528756957 0.0278293135436 0.00927643784787
1.34732918523 0.640330099831 0.506493506494 1.69465837046 0.280660199661 0.506493506494 0.0185528756957 0.0278293135436 0.00927643784787
1.35045463215 0.643374775423 0.506493506494 1.7009092643 0.286749550846 0.506493506494 0.0185528756957 0.0278293135436 0.00927643784787
1.35355339059 0.646446609407 0.503246753247 1.70710678119 0.292893218813 0.503246753247 0.0185528756957 0.0278293135436 0.00463821892393
1.35662522458 0.64954536785 0.503246753247 1.71325044915 0.2990907357 0.503246753247 0.0185528756957 0.0278293135436 0.00463821892393
1.35966990017 0.652670814771 0.503246753247 1.71933980034 0.305341629541 0.503246753247 0.0185528756957 0.0278293135436 0.00463821892393
1.36268718551 0.655822712153 0.503246753247 1.72537437101 0.311645424306 0.503246753247 0.0185528756957 0.0278293135436 0.00463821892393
1.36567685081 0.659000819969 0.503246753247 1.73135370162 0.318001639938 0.503246753247 0.0185528756957 0.0371057513915 0.00463821892393
1.36863866841 0.662204896192 0.5 1.73727733681 0.324409792384 0.5 0.0185528756957 0.0371057513915 0.0
1.37157241274 0.665434696821 0.5 1.74314482548 0.330869393641 0.5 0.0185528756957 0.0417439703154 0.0
1.37447786039 0.668689975892 0.5 1.74895572079 0.337379951784 0.5 0.0139146567718 0.0417439703154 0.0
1.37735479011 0.671970485505 0.5 1.75470958022 0.343940971009 0.5 0.00927643784787 0.0417439703154 0.0
1.3802029828 0.675275975835 0.496753246753 1.7604059656 0.35055195167 0.496753246753 0.00463821892393 0.0417439703154 -0.00463821892393
1.38302222156 0.678606195157 0.496753246753 1.76604444312 0.357212390313 0.496753246753 0.00463821892393 0.0417439703154 -0.00463821892393
1.38581229169 0.681960889861 0.496753246753 1.77162458339 0.363921779722 0.496753246753 0.00463821892393 0.0463821892393 -0.00463821892393
1.38857298073 0.685339804475 0.496753246753 1.77714596146 0.37067960895 0.496753246753 0.00463821892393 0.0463821892393 -0.00463821892393
1.39130407843 0.688742681681 0.496753246753 1.78260815685 0.377485363362 0.496753246753 0.0 0.0463821892393 -0.00463821892393
1.3940053768 0.692169262337 0.493506493506 1.78801075361 0.384338524674 0.493506493506 -0.00463821892393 0.0463821892393 -0.00927643784787
1.39667667015 0.695619285496 0.493506493506 1.79335334029 0.391238570991 0.493506493506 -0.00463821892393 0.0463821892393 -0.00927643784787
1.39931775502 0.699092488424 0.493506493506 1.79863551005 0.398184976848 0.493506493506 -0.00463821892393 0.0417439703154 -0.00927643784787
1.40192843031 0.702588606624 0.496753246753 1.80385686062 0.405177213249 0.496753246753 -0.00463821892393 0.0417439703154 -0.00463821892393
1.40450849719 0.706107373854 0.496753246753 1.80901699437 0.412214747708 0.496753246753 -0.00463821892393 0.0417439703154 -0.00463821892393
1.40705775918 0.709648522145 0.496753246753 1.81411551836 0.419297044289 0.496753246753 -0.00463821892393 0.0417439703154 -0.00463821892393
1.40957602214 0.713211781824 0.496753246753 1.81915204429 0.426423563649 0.496753246753 -0.00463821892393 0.0371057513915 -0.00463821892393
1.41206309431 0.716796881538 0.496753246753 1.82412618862 0.433593763075 0.496753246753 -0.00463821892393 0.0324675324675 -0.00463821892393
1.41451878628 0.720403548265 0.496753246753 1.82903757256 0.440807096529 0.496753246753 0.0 0.0324675324675 -0.00463821892393
1.41694291103 0.724031507344 0.496753246753 1.83388582207 0.448063014688 0.496753246753 0.0 0.0324675324675 -0.00463821892393
1.41933528397 0.727680482492 0.493506493506 1.83867056795 0.455360964985 0.493506493506 0.0 0.0324675324675 -0.00927643784787
1.42169572291 0.731350195827 0.493506493506 1.84339144581 0.462700391653 0.493506493506 0.0 0.0324675324675 -0.00927643784787
1.42402404808 0.735040367883 0.49025974026 1.84804809616 0.470080735767 0.49025974026 0.00463821892393 0.0324675324675 -0.0139146567718
1.42632008218 0.738750717642 0.49025974026 1.85264016435 0.477501435284 0.49025974026 0.00463821892393 0.0324675324675 -0.0139146567718
1.42858365035 0.742480962545 0.49025974026 1.8571673007 0.48496192509 0.49025974026 0.00927643784787 0.0324675324675 -0.0139146567718
1.43081458022 0.74623081852 0.49025974026 1.86162916044 0.492461637039 0.49025974026 0.00927643784787 0.0324675324675 -0.0139146567718
1.43301270189 0.75 0.487012987013 1.86602540378 0.5 0.487012987013 0.00927643784787 0.0278293135436 -0.0185528756957
1.43517784797 0.753788219948 0.487012987013 1.87035569594 0.507576439897 0.487012987013 0.00927643784787 0.0278293135436 -0.0185528756957
1.43730985357 0.757595189877 0.487012987013 1.87461970714 0.515190379754 0.487012987013 0.00927643784787 0.0278293135436 -0.0185528756957
1.43940855633 0.76142061987 0.487012987013 1.87881711266 0.52284123974 0.487012987013 0.00927643784787 0.0231910946197 -0.0185528756957
1.44147379643 0.765264218607 0.483766233766 1.88294759286 0.530528437214 0.483766233766 0.00927643784787 0.0185528756957 -0.0231910946197
1.44350541659 0.769125693382 0.483766233766 1.88701083318 0.538251386765 0.483766233766 0.00927643784787 0.0139146567718 -0.0231910946197
1.44550326209 0.77300475013 0.483766233766 1.89100652419 0.54600950026 0.483766233766 0.00927643784787 0.0139146567718 -0.0231910946197
1.4474671808 0.776901093445 0.483766233766 1.8949343616 0.55380218689 0.483766233766 0.00927643784787 0.00927643784787 -0.0231910946197
1.44939702315 0.780814426605 0.483766233766 1.8987940463 0.561628853211 0.483766233766 0.00927643784787 0.00927643784787 -0.0231910946197
1.45129264217 0.784744451596 0.480519480519 1.90258528435 0.569488903192 0.480519480519 0.00927643784787 0.00927643784787 -0.0278293135436
1.45315389352 0.78869086913 0.480519480519 1.90630778704 0.577381738259 0.480519480519 0.0139146567718 0.00927643784787 -0.0278293135436
1.45498063544 0.792653378672 0.480519480519 1.90996127088 0.585306757344 0.480519480519 0.0139146567718 0.00927643784787 -0.0278293135436
1.45677272882 0.796631678462 0.480519480519 1.91354545764 0.593263356924 0.480519480519 0.0139146567718 0.00927643784787 -0.0278293135436
1.45853003719 0.800625465537 0.480519480519 1.91706007439 0.601250931075 0.480519480519 0.0139146567718 0.00927643784787 -0.0278293135436
1.46025242673 0.804634435755 0.480519480519 1.92050485345 0.609268871511 0.480519480519 0.0185528756957 0.00927643784787 -0.0278293135436
1.46193976626 0.808658283817 0.480519480519 1.92387953251 0.617316567635 0.480519480519 0.0185528756957 0.00927643784787 -0.0278293135436
1.46359192728 0.812696703292 0.480519480519 1.92718385457 0.625393406584 0.480519480519 0.0185528756957 0.00927643784787 -0.0278293135436
1.46520878399 0.816749386638 0.480519480519 1.93041756798 0.633498773276 0.480519480519 0.0185528756957 0.00927643784787 -0.0278293135436
1.46679021325 0.820816025227 0.480519480519 1.9335804265 0.641632050455 0.480519480519 0.0185528756957 0.00927643784787 -0.0278293135436
1.46833609462 0.82489630937 0.480519480519 1.93667218925 0.649792618741 0.480519480519 0.0185528756957 0.00927643784787 -0.0278293135436
1.46984631039 0.828989928337 0.480519480519 1.93969262079 0.657979856674 0.480519480519 0.0185528756957 0.00927643784787 -0.0278293135436
1.47132074555 0.833096570383 0.480519480519 1.94264149109 0.666193140766 0.480519480519 0.0185528756957 0.00927643784787 -0.0278293135436
1.4727592878 0.837215922771 0.480519480519 1.9455185756 0.674431845543 0.480519480519 0.0139146567718 0.00927643784787 -0.0278293135436
1.4741618276 0.841347671797 0.480519480519 1.94832365521 0.682695343595 0.480519480519 0.00927643784787 0.00927643784787 -0.0278293135436
1.47552825815 0.845491502813 0.480519480519 1.9510565163 0.690983005625 0.480519480519 0.00927643784787 0.00927643784787 -0.0278293135436
1.47685847537 0.849647100248 0.480519480519 1.95371695075 0.699294200496 0.480519480519 0.00463821892393 0.00927643784787 -0.0278293135436
1.47815237798 0.853814147639 0.480519480519 1.95630475596 0.707628295277 0.480519480519 0.00463821892393 0.00927643784787 -0.0278293135436
1.47940986743 0.857992327648 0.480519480519 1.95881973487 0.715984655296 0.480519480519 0.0 0.00927643784787 -0.0278293135436
1.48063084797 0.862181322092 0.480519480519 1.96126169594 0.724362644183 0.480519480519 0.0 0.00927643784787 -0.0278293135436
1.4818152266 0.866380811961 0.480519480519 1.96363045321 0.732761623922 0.480519480519 -0.00463821892393 0.00927643784787 -0.0278293135436
1.48296291314 0.870590477449 0.480519480519 1.96592582629 0.741180954897 0.480519480519 -0.00463821892393 0.00927643784787 -0.0278293135436
1.48407382019 0.874809997973 0.480519480519 1.96814764038 0.749619995946 0.480519480519 -0.00463821892393 0.00927643784787 -0.0278293135436
1.48514786314 0.8790390522 0.483766233766 1.97029572628 0.7580781044 0.483766233766 -0.00463821892393 0.00927643784787 -0.0231910946197
1.4861849602 0.883277318072 0.483766233766 1.9723699204 0.766554636144 0.483766233766 -0.00463821892393 0.00927643784787 -0.0231910946197
1.48718503239 0.887524472828 0.483766233766 1.97437006479 0.775048945656 0.483766233766 -0.00463821892393 0.0139146567718 -0.0231910946197
1.48814800356 0.891780193031 0.483766233766 1.97629600712 0.783560386062 0.483766233766 -0.00927643784787 0.0185528756957 -0.0231910946197
1.48907380037 0.896044154591 0.483766233766 1.97814760073 0.792088309182 0.483766233766 -0.00927643784787 0.0185528756957 -0.0231910946197
1.48996235231 0.900316032791 0.483766233766 1.97992470462 0.800632065583 0.483766233766 -0.00927643784787 0.0231910946197 -0.0231910946197
1.49081359172 0.904595502312 0.487012987013 1.98162718345 0.809191004623 0.487012987013 -0.00927643784787 0.0231910946197 -0.0185528756957
1.49162745378 0.908882237254 0.487012987013 1.98325490756 0.817764474508 0.487012987013 -0.0139146567718 0.0231910946197 -0.0185528756957
1.49240387651 0.913175911167 0.49025974026 1.98480775301 0.826351822333 0.49025974026 -0.0185528756957 0.0231910946197 -0.0139146567718
1.49314280077 0.91747619707 0.493506493506 1.98628560154 0.834952394139 0.493506493506 -0.0185528756957 0.0231910946197 -0.00927643784787
1.4938441703 0.92178276748 0.493506493506 1.9876883406 0.84356553496 0.493506493506 -0.0231910946197 0.0231910946197 -0.00927643784787
1.49450793168 0.926095294435 0.493506493506 1.98901586336 0.85219058887 0.493506493506 -0.0231910946197 0.0278293135436 -0.00927643784787
1.49513403437 0.93041344952 0.493506493506 1.99026806874 0.86082689904 0.493506493506 -0.0278293135436 0.0278293135436 -0.00927643784787
1.49572243069 0.93473690389 0.493506493506 1.99144486137 0.86947380778 0.493506493506 -0.0278293135436 0.0324675324675 -0.00927643784787
1.49627307582 0.939065328297 0.493506493506 1.99254615164 0.878130656595 0.493506493506 -0.0278293135436 0.0324675324675 -0.00927643784787
1.49678592784 0.943398393116 0.493506493506 1.99357185568 0.886796786232 0.493506493506 -0.0278293135436 0.0324675324675 -0.00927643784787
1.49726094768 0.947735768366 0.496753246753 1.99452189537 0.895471536732 0.496753246753 -0.0278293135436 0.0324675324675 -0.00463821892393
1.49769809918 0.95207712374 0.496753246753 1.99539619837 0.90415424748 0.496753246753 -0.0278293135436 0.0324675324675 -0.00463821892393
1.49809734905 0.956422128626 0.5 1.99619469809 0.912844257252 0.5 -0.0278293135436 0.0324675324675 0.0
1.49845866687 0.960770452136 0.5 1.99691733373 0.921540904272 0.5 -0.0278293135436 0.0324675324675 0.0
1.49878202513 0.965121763128 0.5 1.99756405026 0.930243526256 0.5 -0.0278293135436 0.0324675324675 0.0
1.49906739921 0.969475730233 0.503246753247 1.99813479842 0.938951460465 0.503246753247 -0.0278293135436 0.0324675324675 0.00463821892393
1.49931476738 0.973832021879 0.503246753247 1.99862953475 0.947664043757 0.503246753247 -0.0278293135436 0.0324675324675 0.00463821892393
1.49952411079 0.978190306317 0.503246753247 1.99904822158 0.956380612635 0.503246753247 -0.0278293135436 0.0324675324675 0.00463821892393
1.49969541351 0.982550251649 0.503246753247 1.99939082702 0.965100503297 0.503246753247 -0.0278293135436 0.0324675324675 0.00463821892393
1.49982866249 0.986911525846 0.506493506494 1.99965732498 0.973823051692 0.506493506494 -0.0278293135436 0.0324675324675 0.00927643784787
1.49992384758 0.991273796781 0.506493506494 1.99984769516 0.982547593563 0.506493506494 -0.0278293135436 0.0324675324675 0.00927643784787
1.49998096153 0.995636732251 0.506493506494 1.99996192306 0.991273464502 0.506493506494 -0.0278293135436 0.0324675324675 0.00927643784787
1.5 1.0 0.506493506494 2.0 1.0 0.506493506494 -0.0278293135436 0.0324675324675 0.00927643784787
1.49998096153 1.00436326775 0.506493506494 1.99996192306 1.0087265355 0.506493506494 -0.0278293135436 0.0324675324675 0.00927643784787
1.49992384758 1.00872620322 0.506493506494 1.99984769516 1.01745240644 0.506493506494 -0.0278293135436 0.0324675324675 0.00927643784787
1.49982866249 1.01308847415 0.506493506494 1.99965732498 1.02617694831 0.506493506494 -0.0278293135436 0.0324675324675 0.00927643784787
1.49969541351 1.01744974835 0.506493506494 1.99939082702 1.0348994967 0.506493506494 -0.0278293135436 0.0324675324675 0.00927643784787
1.49952411079 1.02180969368 0.506493506494 1.99904822158 1.04361938737 0.506493506494 -0.0278293135436 0.0324675324675 0.00927643784787
1.49931476738 1.02616797812 0.506493506494 1.99862953475 1.05233595624 0.506493506494 -0.0278293135436 0.0324675324675 0.00927643784787
1.49906739921 1.03052426977 0.506493506494 1.99813479842 1.06104853953 0.506493506494 -0.0231910946197 0.0324675324675 0.00927643784787
1.49878202513 1.03487823687 0.506493506494 1.99756405026 1.06975647374 0.506493506494 -0.0231910946197 0.0324675324675 0.00927643784787
1.49845866687 1.03922954786 0.506493506494 1.99691733373 1.07845909573 0.506493506494 -0.0139146567718 0.0324675324675 0.00927643784787
1.49809734905 1.04357787137 0.506493506494 1.99619469809 1.08715574275 0.506493506494 -0.00927643784787 0.0324675324675 0.00927643784787
1.49769809918 1.04792287626 0.506493506494 1.99539619837 1.09584575252 0.506493506494 -0.00463821892393 0.0324675324675 0.00927643784787
1.49726094768 1.05226423163 0.506493506494 1.99452189537 1.10452846327 0.506493506494 0.0 0.0371057513915 0.00927643784787
1.49678592784 1.05660160688 0.503246753247 1.99357185568 1.11320321377 0.503246753247 0.00463821892393 0.0371057513915 0.00463821892393
1.49627307582 1.0609346717 0.503246753247 1.99254615164 1.12186934341 0.503246753247 0.00463821892393 0.0371057513915 0.00463821892393
1.49572243069 1.06526309611 0.5 1.99144486137 1.13052619222 0.5 0.00463821892393 0.0417439703154 0.0
1.49513403437 1.06958655048 0.5 1.99026806874 1.13917310096 0.5 0.00463821892393 0.0463821892393 0.0
1.49450793168 1.07390470556 0.5 1.98901586336 1.14780941113 0.5 0.00463821892393 0.0463821892393 0.0
1.4938441703 1.07821723252 0.5 1.9876883406 1.15643446504 0.5 0.00927643784787 0.0463821892393 0.0
1.49314280077 1.08252380293 0.496753246753 1.98628560154 1.16504760586 0.496753246753 0.00927643784787 0.0463821892393 -0.00463821892393
1.49240387651 1.08682408883 0.496753246753 1.98480775301 1.17364817767 0.496753246753 0.00927643784787 0.0510204081633 -0.00463821892393
1.49162745378 1.09111776275 0.496753246753 1.98325490756 1.18223552549 0.496753246753 0.00927643784787 0.0510204081633 -0.00463821892393
1.49081359172 1.09540449769 0.496753246753 1.98162718345 1.19080899538 0.496753246753 0.00927643784787 0.0556586270872 -0.00463821892393
1.48996235231 1.09968396721 0.493506493506 1.97992470462 1.19936793442 0.493506493506 0.00927643784787 0.0556586270872 -0.00927643784787
1.48907380037 1.10395584541 0.493506493506 1.97814760073 1.20791169082 0.493506493506 0.0139146567718 0.0556586270872 -0.00927643784787
1.48814800356 1.10821980697 0.493506493506 1.97629600712 1.21643961394 0.493506493506 0.0139146567718 0.0556586270872 -0.00927643784787
1.48718503239 1.11247552717 0.493506493506 1.97437006479 1.22495105434 0.493506493506 0.0139146567718 0.0556586270872 -0.00927643784787
1.4861849602 1.11672268193 0.49025974026 1.9723699204 1.23344536386 0.49025974026 0.0185528756957 0.0602968460111 -0.0139146567718
1.48514786314 1.1209609478 0.49025974026 1.97029572628 1.2419218956 0.49025974026 0.0185528756957 0.0602968460111 -0.0139146567718
1.48407382019 1.12519000203 0.49025974026 1.96814764038 1.25038000405 0.49025974026 0.0185528756957 0.0602968460111 -0.0139146567718
1.48296291314 1.12940952255 0.49025974026 1.96592582629 1.2588190451 0.49025974026 0.0185528756957 0.0602968460111 -0.0139146567718
1.4818152266 1.13361918804 0.483766233766 1.96363045321 1.26723837608 0.483766233766 0.0139146567718 0.0602968460111 -0.0231910946197
1.48063084797 1.13781867791 0.483766233766 1.96126169594 1.27563735582 0.483766233766 0.0139146567718 0.0602968460111 -0.0231910946197
1.47940986743 1.14200767235 0.483766233766 1.95881973487 1.2840153447 0.483766233766 0.0139146567718 0.0602968460111 -0.0231910946197
1.47815237798 1.14618585236 0.483766233766 1.95630475596 1.29237170472 0.483766233766 0.00927643784787 0.0602968460111 -0.0231910946197
1.47685847537 1.15035289975 0.483766233766 1.95371695075 1.3007057995 0.483766233766 0.00927643784787 0.0602968460111 -0.0231910946197
1.47552825815 1.15450849719 0.483766233766 1.9510565163 1.30901699437 0.483766233766 0.00927643784787 0.0556586270872 -0.0231910946197
1.4741618276 1.1586523282 0.483766233766 1.94832365521 1.31730465641 0.483766233766 0.00927643784787 0.0556586270872 -0.0231910946197
1.4727592878 1.16278407723 0.480519480519 1.9455185756 1.32556815446 0.480519480519 0.00463821892393 0.0510204081633 -0.0278293135436
1.47132074555 1.16690342962 0.480519480519 1.94264149109 1.33380685923 0.480519480519 0.0 0.0510204081633 -0.0278293135436
1.46984631039 1.17101007166 0.480519480519 1.93969262079 1.34202014333 0.480519480519 -0.00463821892393 0.0510204081633 -0.0278293135436
1.46833609462 1.17510369063 0.483766233766 1.93667218925 1.35020738126 0.483766233766 -0.00463821892393 0.0510204081633 -0.0231910946197
1.46679021325 1.17918397477 0.483766233766 1.9335804265 1.35836794955 0.483766233766 -0.00463821892393 0.0463821892393 -0.0231910946197
1.46520878399 1.18325061336 0.483766233766 1.93041756798 1.36650122672 0.483766233766 -0.00463821892393 0.0417439703154 -0.0231910946197
1.46359192728 1.18730329671 0.483766233766 1.92718385457 1.37460659342 0.483766233766 -0.0139146567718 0.0371057513915 -0.0231910946197
1.46193976626 1.19134171618 0.483766233766 1.92387953251 1.38268343237 0.483766233766 -0.0139146567718 0.0371057513915 -0.0231910946197
1.46025242673 1.19536556424 0.487012987013 1.92050485345 1.39073112849 0.487012987013 -0.0139146567718 0.0324675324675 -0.0185528756957
1.45853003719 1.19937453446 0.487012987013 1.91706007439 1.39874906893 0.487012987013 -0.0139146567718 0.0324675324675 -0.0185528756957
1.45677272882 1.20336832154 0.487012987013 1.91354545764 1.40673664308 0.487012987013 -0.0139146567718 0.0324675324675 -0.0185528756957
1.45498063544 1.20734662133 0.487012987013 1.90996127088 1.41469324266 0.487012987013 -0.0139146567718 0.0324675324675 -0.0185528756957
1.45315389352 1.21130913087 0.487012987013 1.90630778704 1.42261826174 0.487012987013 -0.0139146567718 0.0324675324675 -0.0185528756957
1.45129264217 1.2152555484 0.487012987013 1.90258528435 1.43051109681 0.487012987013 -0.0139146567718 0.0278293135436 -0.0185528756957
1.44939702315 1.21918557339 0.487012987013 1.8987940463 1.43837114679 0.487012987013 -0.0139146567718 0.0278293135436 -0.0185528756957
1.4474671808 1.22309890655 0.487012987013 1.8949343616 1.44619781311 0.487012987013 -0.0139146567718 0.0231910946197 -0.0185528756957
1.44550326209 1.22699524987 0.487012987013 1.89100652419 1.45399049974 0.487012987013 -0.00927643784787 0.0231910946197 -0.0185528756957
1.44350541659 1.23087430662 0.49025974026 1.88701083318 1.46174861324 0.49025974026 -0.00927643784787 0.0231910946197 -0.0139146567718
1.44147379643 1.23473578139 0.49025974026 1.88294759286 1.46947156279 0.49025974026 -0.00927643784787 0.0231910946197 -0.0139146567718
1.43940855633 1.23857938013 0.49025974026 1.87881711266 1.47715876026 0.49025974026 -0.00927643784787 0.0231910946197 -0.0139146567718
1.43730985357 1.24240481012 0.49025974026 1.87461970714 1.48480962025 0.49025974026 -0.00927643784787 0.0231910946197 -0.0139146567718
1.43517784797 1.24621178005 0.49025974026 1.87035569594 1.4924235601 0.49025974026 -0.00463821892393 0.0231910946197 -0.0139146567718
1.43301270189 1.25 0.49025974026 1.86602540378 1.5 0.49025974026 -0.00463821892393 0.0139146567718 -0.0139146567718
1.43081458022 1.25376918148 0.49025974026 1.86162916044 1.50753836296 0.49025974026 -0.00463821892393 0.00927643784787 -0.0139146567718
1.42858365035 1.25751903746 0.49025974026 1.8571673007 1.51503807491 0.49025974026 -0.00463821892393 0.00927643784787 -0.0139146567718
1.42632008218 1.26124928236 0.49025974026 1.85264016435 1.52249856472 0.49025974026 -0.00463821892393 0.00927643784787 -0.0139146567718
1.42402404808 1.26495963212 0.49025974026 1.84804809616 1.52991926423 0.49025974026 -0.00463821892393 0.00927643784787 -0.0139146567718
1.42169572291 1.26864980417 0.49025974026 1.84339144581 1.53729960835 0.49025974026 -0.00463821892393 0.00927643784787 -0.0139146567718
1.41933528397 1.27231951751 0.49025974026 1.83867056795 1.54463903502 0.49025974026 -0.00463821892393 0.00463821892393 -0.0139146567718
1.41694291103 1.27596849266 0.49025974026 1.83388582207 1.55193698531 0.49025974026 -0.00463821892393 0.00463821892393 -0.0139146567718
1.41451878628 1.27959645174 0.49025974026 1.82903757256 1.55919290347 0.49025974026 -0.00463821892393 0.0 -0.0139146567718
1.41206309431 1.28320311846 0.49025974026 1.82412618862 1.56640623692 0.49025974026 -0.00463821892393 0.0 -0.0139146567718
1.40957602214 1.28678821818 0.49025974026 1.81915204429 1.57357643635 0.49025974026 -0.00463821892393 0.0 -0.0139146567718
1.40705775918 1.29035147786 0.49025974026 1.81411551836 1.58070295571 0.49025974026 -0.00463821892393 0.0 -0.0139146567718
1.40450849719 1.29389262615 0.49025974026 1.80901699437 1.58778525229 0.49025974026 0.00463821892393 0.0 -0.0139146567718
1.40192843031 1.29741139338 0.487012987013 1.80385686062 1.59482278675 0.487012987013 0.00927643784787 0.0 -0.0185528756957
1.39931775502 1.30090751158 0.483766233766 1.79863551005 1.60181502315 0.483766233766 0.00927643784787 0.0 -0.0231910946197
1.39667667015 1.3043807145 0.480519480519 1.79335334029 1.60876142901 0.480519480519 0.00927643784787 0.0 -0.0278293135436
1.3940053768 1.30783073766 0.480519480519 1.78801075361 1.61566147533 0.480519480519 0.00927643784787 0.0 -0.0278293135436
1.39130407843 1.31125731832 0.480519480519 1.78260815685 1.62251463664 0.480519480519 0.00927643784787 0.0 -0.0278293135436
1.38857298073 1.31466019552 0.480519480519 1.77714596146 1.62932039105 0.480519480519 0.00927643784787 0.0 -0.0278293135436
1.38581229169 1.31803911014 0.480519480519 1.77162458339 1.63607822028 0.480519480519 0.0139146567718 0.0 -0.0278293135436
1.38302222156 1.32139380484 0.480519480519 1.76604444312 1.64278760969 0.480519480519 0.0139146567718 0.0 -0.0278293135436
1.3802029828 1.32472402417 0.480519480519 1.7604059656 1.64944804833 0.480519480519 0.0139146567718 0.0 -0.0278293135436
1.37735479011 1.3280295145 0.480519480519 1.75470958022 1.65605902899 0.480519480519 0.0139146567718 0.00463821892393 -0.0278293135436
1.37447786039 1.33131002411 0.480519480519 1.74895572079 1.66262004822 0.480519480519 0.0139146567718 0.00463821892393 -0.0278293135436
1.37157241274 1.33456530318 0.480519480519 1.74314482548 1.66913060636 0.480519480519 0.0139146567718 0.00463821892393 -0.0278293135436
1.36863866841 1.33779510381 0.480519480519 1.73727733681 1.67559020762 0.480519480519 0.0139146567718 0.00463821892393 -0.0278293135436
1.36567685081 1.34099918003 0.480519480519 1.73135370162 1.68199836006 0.480519480519 0.0139146567718 0.00463821892393 -0.0278293135436
1.36268718551 1.34417728785 0.477272727273 1.72537437101 1.68835457569 0.477272727273 0.0139146567718 0.00927643784787 -0.0324675324675
1.35966990017 1.34732918523 0.477272727273 1.71933980034 1.69465837046 0.477272727273 0.0139146567718 0.00927643784787 -0.0324675324675
1.35662522458 1.35045463215 0.474025974026 1.71325044915 1.7009092643 0.474025974026 0.0139146567718 0.00927643784787 -0.0371057513915
1.35355339059 1.35355339059 0.474025974026 1.70710678119 1.70710678119 0.474025974026 0.00927643784787 0.00927643784787 -0.0371057513915
1.35045463215 1.35662522458 0.470779220779 1.7009092643 1.71325044915 0.470779220779 0.00463821892393 0.00927643784787 -0.0417439703154
1.34732918523 1.35966990017 0.470779220779 1.69465837046 1.71933980034 0.470779220779 0.0 0.0139146567718 -0.0417439703154
1.34417728785 1.36268718551 0.470779220779 1.68835457569 1.72537437101 0.470779220779 0.0 0.0139146567718 -0.0417439703154
1.34099918003 1.36567685081 0.470779220779 1.68199836006 1.73135370162 0.470779220779 0.0 0.0139146567718 -0.0417439703154
1.33779510381 1.36863866841 0.470779220779 1.67559020762 1.73727733681 0.470779220779 0.0 0.0139146567718 -0.0417439703154
1.33456530318 1.37157241274 0.470779220779 1.66913060636 1.74314482548 0.470779220779 0.0 0.0231910946197 -0.0417439703154
1.33131002411 1.37447786039 0.470779220779 1.66262004822 1.74895572079 0.470779220779 0.0 0.0231910946197 -0.0417439703154
1.3280295145 1.37735479011 0.470779220779 1.65605902899 1.75470958022 0.470779220779 0.0 0.0231910946197 -0.0417439703154
1.32472402417 1.3802029828 0.470779220779 1.64944804833 1.7604059656 0.470779220779 0.0 0.0231910946197 -0.0417439703154
1.32139380484 1.38302222156 0.474025974026 1.64278760969 1.76604444312 0.474025974026 0.0 0.0278293135436 -0.0371057513915
1.31803911014 1.38581229169 0.474025974026 1.63607822028 1.77162458339 0.474025974026 0.0 0.0324675324675 -0.0371057513915
1.31466019552 1.38857298073 0.477272727273 1.62932039105 1.77714596146 0.477272727273 0.0 0.0371057513915 -0.0324675324675
1.31125731832 1.39130407843 0.477272727273 1.62251463664 1.78260815685 0.477272727273 0.0 0.0371057513915 -0.0324675324675
1.30783073766 1.3940053768 0.477272727273 1.61566147533 1.78801075361 0.477272727273 0.0 0.0417439703154 -0.0324675324675
1.3043807145 1.39667667015 0.477272727273 1.60876142901 1.79335334029 0.477272727273 0.0 0.0463821892393 -0.0324675324675
1.30090751158 1.39931775502 0.477272727273 1.60181502315 1.79863551005 0.477272727273 0.0 0.0510204081633 -0.0324675324675
1.29741139338 1.40192843031 0.477272727273 1.59482278675 1.80385686062 0.477272727273 0.0 0.0510204081633 -0.0324675324675
1.29389262615 1.40450849719 0.477272727273 1.58778525229 1.80901699437 0.477272727273 0.0 0.0602968460111 -0.0324675324675
1.29035147786 1.40705775918 0.477272727273 1.58070295571 1.81411551836 0.477272727273 0.0 0.0602968460111 -0.0324675324675
1.28678821818 1.40957602214 0.477272727273 1.57357643635 1.81915204429 0.477272727273 0.00463821892393 0.0602968460111 -0.0324675324675
1.28320311846 1.41206309431 0.477272727273 1.56640623692 1.82412618862 0.477272727273 0.00927643784787 0.0602968460111 -0.0324675324675
1.27959645174 1.41451878628 0.477272727273 1.55919290347 1.82903757256 0.477272727273 0.00927643784787 0.0602968460111 -0.0324675324675
1.27596849266 1.41694291103 0.477272727273 1.55193698531 1.83388582207 0.477272727273 0.0139146567718 0.0602968460111 -0.0324675324675
1.27231951751 1.41933528397 0.477272727273 1.54463903502 1.83867056795 0.477272727273 0.0139146567718 0.0602968460111 -0.0324675324675
1.26864980417 1.42169572291 0.477272727273 1.53729960835 1.84339144581 0.477272727273 0.0139146567718 0.0602968460111 -0.0324675324675
1.26495963212 1.42402404808 0.477272727273 1.52991926423 1.84804809616 0.477272727273 0.0139146567718 0.0602968460111 -0.0324675324675
1.26124928236 1.42632008218 0.480519480519 1.52249856472 1.85264016435 0.480519480519 0.0139146567718 0.0602968460111 -0.0278293135436
1.25751903746 1.42858365035 0.480519480519 1.51503807491 1.8571673007 0.480519480519 0.0139146567718 0.0556586270872 -0.0278293135436
1.25376918148 1.43081458022 0.480519480519 1.50753836296 1.86162916044 0.480519480519 0.0139146567718 0.0556586270872 -0.0278293135436
1.25 1.43301270189 0.480519480519 1.5 1.86602540378 0.480519480519 0.0185528756957 0.0556586270872 -0.0278293135436
1.24621178005 1.43517784797 0.480519480519 1.4924235601 1.87035569594 0.480519480519 0.0185528756957 0.0556586270872 -0.0278293135436
1.24240481012 1.43730985357 0.480519480519 1.48480962025 1.87461970714 0.480519480519 0.0185528756957 0.0556586270872 -0.0278293135436
1.23857938013 1.43940855633 0.480519480519 1.47715876026 1.87881711266 0.480519480519 0.0185528756957 0.0556586270872 -0.0278293135436
1.23473578139 1.44147379643 0.480519480519 1.46947156279 1.88294759286 0.480519480519 0.0185528756957 0.0510204081633 -0.0278293135436
1.23087430662 1.44350541659 0.480519480519 1.46174861324 1.88701083318 0.480519480519 0.0185528756957 0.0463821892393 -0.0278293135436
1.22699524987 1.44550326209 0.480519480519 1.45399049974 1.89100652419 0.480519480519 0.0185528756957 0.0463821892393 -0.0278293135436
1.22309890655 1.4474671808 0.480519480519 1.44619781311 1.8949343616 0.480519480519 0.0185528756957 0.0463821892393 -0.0278293135436
1.21918557339 1.44939702315 0.480519480519 1.43837114679 1.8987940463 0.480519480519 0.0185528756957 0.0463821892393 -0.0278293135436
1.2152555484 1.45129264217 0.483766233766 1.43051109681 1.90258528435 0.483766233766 0.0231910946197 0.0463821892393 -0.0231910946197
1.21130913087 1.45315389352 0.487012987013 1.42261826174 1.90630778704 0.487012987013 0.0231910946197 0.0417439703154 -0.0185528756957
1.20734662133 1.45498063544 0.487012987013 1.41469324266 1.90996127088 0.487012987013 0.0231910946197 0.0417439703154 -0.0185528756957
1.20336832154 1.45677272882 0.49025974026 1.40673664308 1.91354545764 0.49025974026 0.0231910946197 0.0417439703154 -0.0139146567718
1.19937453446 1.45853003719 0.49025974026 1.39874906893 1.91706007439 0.49025974026 0.0231910946197 0.0417439703154 -0.0139146567718
1.19536556424 1.46025242673 0.493506493506 1.39073112849 1.92050485345 0.493506493506 0.0231910946197 0.0417439703154 -0.00927643784787
1.19134171618 1.46193976626 0.493506493506 1.38268343237 1.92387953251 0.493506493506 0.0231910946197 0.0371057513915 -0.00927643784787
1.18730329671 1.46359192728 0.493506493506 1.37460659342 1.92718385457 0.493506493506 0.0231910946197 0.0371057513915 -0.00927643784787
1.18325061336 1.46520878399 0.493506493506 1.36650122672 1.93041756798 0.493506493506 0.0231910946197 0.0371057513915 -0.00927643784787
1.17918397477 1.46679021325 0.493506493506 1.35836794955 1.9335804265 0.493506493506 0.0231910946197 0.0371057513915 -0.00927643784787
1.17510369063 1.46833609462 0.493506493506 1.35020738126 1.93667218925 0.493506493506 0.0278293135436 0.0371057513915 -0.00927643784787
1.17101007166 1.46984631039 0.496753246753 1.34202014333 1.93969262079 0.496753246753 0.0278293135436 0.0371057513915 -0.00463821892393
1.16690342962 1.47132074555 0.496753246753 1.33380685923 1.94264149109 0.496753246753 0.0278293135436 0.0371057513915 -0.00463821892393
1.16278407723 1.4727592878 0.496753246753 1.32556815446 1.9455185756 0.496753246753 0.0278293135436 0.0324675324675 -0.00463821892393
1.1586523282 1.4741618276 0.496753246753 1.31730465641 1.94832365521 0.496753246753 0.0278293135436 0.0324675324675 -0.00463821892393
1.15450849719 1.47552825815 0.5 1.30901699437 1.9510565163 0.5 0.0231910946197 0.0324675324675 0.0
1.15035289975 1.47685847537 0.5 1.3007057995 1.95371695075 0.5 0.0231910946197 0.0324675324675 0.0
1.14618585236 1.47815237798 0.503246753247 1.29237170472 1.95630475596 0.503246753247 0.0185528756957 0.0324675324675 0.00463821892393
1.14200767235 1.47940986743 0.503246753247 1.2840153447 1.95881973487 0.503246753247 0.0185528756957 0.0324675324675 0.00463821892393
1.13781867791 1.48063084797 0.506493506494 1.27563735582 1.96126169594 0.506493506494 0.0185528756957 0.0278293135436 0.00927643784787
1.13361918804 1.4818152266 0.506493506494 1.26723837608 1.96363045321 0.506493506494 0.0185528756957 0.0278293135436 0.00927643784787
1.12940952255 1.48296291314 0.506493506494 1.2588190451 1.96592582629 0.506493506494 0.0185528756957 0.0278293135436 0.00927643784787
1.12519000203 1.48407382019 0.506493506494 1.25038000405 1.96814764038 0.506493506494 0.0185528756957 0.0278293135436 0.00927643784787
1.1209609478 1.48514786314 0.506493506494 1.2419218956 1.97029572628 0.506493506494 0.0139146567718 0.0278293135436 0.00927643784787
1.11672268193 1.4861849602 0.506493506494 1.23344536386 1.9723699204 0.506493506494 0.00927643784787 0.0278293135436 0.00927643784787
1.11247552717 1.48718503239 0.506493506494 1.22495105434 1.97437006479 0.506493506494 0.00463821892393 0.0278293135436 0.00927643784787
1.10821980697 1.48814800356 0.506493506494 1.21643961394 1.97629600712 0.506493506494 0.0 0.0278293135436 0.00927643784787
1.10395584541 1.48907380037 0.506493506494 1.20791169082 1.97814760073 0.506493506494 0.0 0.0278293135436 0.00927643784787
1.09968396721 1.48996235231 0.506493506494 1.19936793442 1.97992470462 0.506493506494 0.0 0.0231910946197 0.00927643784787
1.09540449769 1.49081359172 0.506493506494 1.19080899538 1.98162718345 0.506493506494 0.0 0.0185528756957 0.00927643784787
1.09111776275 1.49162745378 0.506493506494 1.18223552549 1.98325490756 0.506493506494 0.0 0.0139146567718 0.00927643784787
1.08682408883 1.49240387651 0.506493506494 1.17364817767 1.98480775301 0.506493506494 0.0 0.0139146567718 0.00927643784787
1.08252380293 1.49314280077 0.506493506494 1.16504760586 1.98628560154 0.506493506494 -0.00463821892393 0.0139146567718 0.00927643784787
1.07821723252 1.4938441703 0.506493506494 1.15643446504 1.9876883406 0.506493506494 -0.00463821892393 0.0139146567718 0.00927643784787
1.07390470556 1.49450793168 0.506493506494 1.14780941113 1.98901586336 0.506493506494 -0.00463821892393 0.0139146567718 0.00927643784787
1.06958655048 1.49513403437 0.506493506494 1.13917310096 1.99026806874 0.506493506494 -0.00463821892393 0.0139146567718 0.00927643784787
1.06526309611 1.49572243069 0.506493506494 1.13052619222 1.99144486137 0.506493506494 -0.00463821892393 0.0139146567718 0.00927643784787
1.0609346717 1.49627307582 0.506493506494 1.12186934341 1.99254615164 0.506493506494 -0.00463821892393 0.0139146567718 0.00927643784787
1.05660160688 1.49678592784 0.506493506494 1.11320321377 1.99357185568 0.506493506494 -0.00463821892393 0.0139146567718 0.00927643784787
1.05226423163 1.49726094768 0.506493506494 1.10452846327 1.99452189537 0.506493506494 -0.00463821892393 0.00927643784787 0.00927643784787
1.04792287626 1.49769809918 0.506493506494 1.09584575252 1.99539619837 0.506493506494 -0.00463821892393 0.00927643784787 0.00927643784787
1.04357787137 1.49809734905 0.506493506494 1.08715574275 1.99619469809 0.506493506494 -0.00463821892393 0.00463821892393 0.00927643784787
1.03922954786 1.49845866687 0.506493506494 1.07845909573 1.99691733373 0.506493506494 -0.00463821892393 0.00463821892393 0.00927643784787
1.03487823687 1.49878202513 0.506493506494 1.06975647374 1.99756405026 0.506493506494 -0.00927643784787 0.00463821892393 0.00927643784787
1.03052426977 1.49906739921 0.506493506494 1.06104853953 1.99813479842 0.506493506494 -0.0139146567718 0.00463821892393 0.00927643784787
1.02616797812 1.49931476738 0.506493506494 1.05233595624 1.99862953475 0.506493506494 -0.0139146567718 0.00463821892393 0.00927643784787
1.02180969368 1.49952411079 0.506493506494 1.04361938737 1.99904822158 0.506493506494 -0.0139146567718 0.00463821892393 0.00927643784787
1.01744974835 1.49969541351 0.506493506494 1.0348994967 1.99939082702 0.506493506494 -0.0139146567718 0.00463821892393 0.00927643784787
1.01308847415 1.49982866249 0.5 1.02617694831 1.99965732498 0.5 -0.0139146567718 0.00463821892393 0.0
1.00872620322 1.49992384758 0.5 1.01745240644 1.99984769516 0.5 -0.0139146567718 0.00463821892393 0.0
1.00436326775 1.49998096153 0.496753246753 1.0087265355 1.99996192306 0.496753246753 -0.0139146567718 0.00463821892393 -0.00463821892393
1.0 1.5 0.493506493506 1.0 2.0 0.493506493506 -0.0139146567718 0.00463821892393 -0.00927643784787
0.995636732251 1.49998096153 0.487012987013 0.991273464502 1.99996192306 0.487012987013 -0.0139146567718 0.00463821892393 -0.0185528756957
0.991273796781 1.49992384758 0.487012987013 0.982547593563 1.99984769516 0.487012987013 -0.0139146567718 0.00463821892393 -0.0185528756957
0.986911525846 1.49982866249 0.487012987013 0.973823051692 1.99965732498 0.487012987013 -0.0185528756957 0.00463821892393 -0.0185528756957
0.982550251649 1.49969541351 0.487012987013 0.965100503297 1.99939082702 0.487012987013 -0.0185528756957 0.00463821892393 -0.0185528756957
0.978190306317 1.49952411079 0.487012987013 0.956380612635 1.99904822158 0.487012987013 -0.0185528756957 0.00463821892393 -0.0185528756957
0.973832021879 1.49931476738 0.49025974026 0.947664043757 1.99862953475 0.49025974026 -0.0185528756957 0.00463821892393 -0.0139146567718
0.969475730233 1.49906739921 0.49025974026 0.938951460465 1.99813479842 0.49025974026 -0.0139146567718 0.00463821892393 -0.0139146567718
0.965121763128 1.49878202513 0.49025974026 0.930243526256 1.99756405026 0.49025974026 -0.0139146567718 0.00463821892393 -0.0139146567718
0.960770452136 1.49845866687 0.49025974026 0.921540904272 1.99691733373 0.49025974026 -0.00927643784787 0.00463821892393 -0.0139146567718
0.956422128626 1.49809734905 0.49025974026 0.912844257252 1.99619469809 0.49025974026 -0.00927643784787 0.00463821892393 -0.0139146567718
0.95207712374 1.49769809918 0.49025974026 0.90415424748 1.99539619837 0.49025974026 -0.00927643784787 0.00463821892393 -0.0139146567718
0.947735768366 1.49726094768 0.49025974026 0.895471536732 1.99452189537 0.49025974026 -0.00927643784787 0.00463821892393 -0.0139146567718
0.943398393116 1.49678592784 0.49025974026 0.886796786232 1.99357185568 0.49025974026 -0.00927643784787 0.00463821892393 -0.0139146567718
0.939065328297 1.49627307582 0.49025974026 0.878130656595 1.99254615164 0.49025974026 -0.00927643784787 0.00927643784787 -0.0139146567718
0.93473690389 1.49572243069 0.493506493506 0.86947380778 1.99144486137 0.493506493506 -0.00927643784787 0.00927643784787 -0.00927643784787
0.93041344952 1.49513403437 0.493506493506 0.86082689904 1.99026806874 0.493506493506 -0.00927643784787 0.00927643784787 -0.00927643784787
0.926095294435 1.49450793168 0.493506493506 0.85219058887 1.98901586336 0.493506493506 -0.00927643784787 0.00927643784787 -0.00927643784787
0.92178276748 1.4938441703 0.496753246753 0.84356553496 1.9876883406 0.496753246753 -0.00927643784787 0.00927643784787 -0.00463821892393
0.91747619707 1.49314280077 0.496753246753 0.834952394139 1.98628560154 0.496753246753 -0.00927643784787 0.00927643784787 -0.00463821892393
0.913175911167 1.49240387651 0.496753246753 0.826351822333 1.98480775301 0.496753246753 -0.00927643784787 0.00927643784787 -0.00463821892393
0.908882237254 1.49162745378 0.5 0.817764474508 1.98325490756 0.5 -0.00927643784787 0.00927643784787 0.0
0.904595502312 1.49081359172 0.5 0.809191004623 1.98162718345 0.5 -0.00927643784787 0.00927643784787 0.0
0.900316032791 1.48996235231 0.506493506494 0.800632065583 1.97992470462 0.506493506494 -0.00927643784787 0.00927643784787 0.00927643784787
0.896044154591 1.48907380037 0.506493506494 0.792088309182 1.97814760073 0.506493506494 -0.00927643784787 0.0139146567718 0.00927643784787
0.891780193031 1.48814800356 0.506493506494 0.783560386062 1.97629600712 0.506493506494 -0.00927643784787 0.0185528756957 0.00927643784787
0.887524472828 1.48718503239 0.506493506494 0.775048945656 1.97437006479 0.506493506494 -0.00927643784787 0.0185528756957 0.00927643784787
0.883277318072 1.4861849602 0.506493506494 0.766554636144 1.9723699204 0.506493506494 -0.00927643784787 0.0185528756957 0.00927643784787
0.8790390522 1.48514786314 0.506493506494 0.7580781044 1.97029572628 0.506493506494 -0.00927643784787 0.0185528756957 0.00927643784787
0.874809997973 1.48407382019 0.506493506494 0.749619995946 1.96814764038 0.506493506494 -0.00463821892393 0.0185528756957 0.00927643784787
0.870590477449 1.48296291314 0.50974025974 0.741180954897 1.96592582629 0.50974025974 -0.00463821892393 0.0231910946197 0.0139146567718
0.866380811961 1.4818152266 0.50974025974 0.732761623922 1.96363045321 0.50974025974 -0.00463821892393 0.0278293135436 0.0139146567718
0.862181322092 1.48063084797 0.50974025974 0.724362644183 1.96126169594 0.50974025974 0.0 0.0278293135436 0.0139146567718
0.857992327648 1.47940986743 0.50974025974 0.715984655296 1.95881973487 0.50974025974 0.00463821892393 0.0278293135436 0.0139146567718
0.853814147639 1.47815237798 0.50974025974 0.707628295277 1.95630475596 0.50974025974 0.00463821892393 0.0278293135436 0.0139146567718
0.849647100248 1.47685847537 0.50974025974 0.699294200496 1.95371695075 0.50974025974 0.00463821892393 0.0278293135436 0.0139146567718
0.845491502813 1.47552825815 0.50974025974 0.690983005625 1.9510565163 0.50974025974 0.00463821892393 0.0278293135436 0.0139146567718
0.841347671797 1.4741618276 0.50974025974 0.682695343595 1.94832365521 0.50974025974 0.00927643784787 0.0278293135436 0.0139146567718
0.837215922771 1.4727592878 0.50974025974 0.674431845543 1.9455185756 0.50974025974 0.00927643784787 0.0278293135436 0.0139146567718
0.833096570383 1.47132074555 0.50974025974 0.666193140766 1.94264149109 0.50974025974 0.0139146567718 0.0278293135436 0.0139146567718
0.828989928337 1.46984631039 0.50974025974 0.657979856674 1.93969262079 0.50974025974 0.0139146567718 0.0278293135436 0.0139146567718
0.82489630937 1.46833609462 0.50974025974 0.649792618741 1.93667218925 0.50974025974 0.0139146567718 0.0278293135436 0.0139146567718
0.820816025227 1.46679021325 0.50974025974 0.641632050455 1.9335804265 0.50974025974 0.0139146567718 0.0324675324675 0.0139146567718
0.816749386638 1.46520878399 0.50974025974 0.633498773276 1.93041756798 0.50974025974 0.0139146567718 0.0324675324675 0.0139146567718
0.812696703292 1.46359192728 0.50974025974 0.625393406584 1.92718385457 0.50974025974 0.0139146567718 0.0371057513915 0.0139146567718
0.808658283817 1.46193976626 0.50974025974 0.617316567635 1.92387953251 0.50974025974 0.0139146567718 0.0371057513915 0.0139146567718
0.804634435755 1.46025242673 0.50974025974 0.609268871511 1.92050485345 0.50974025974 0.0185528756957 0.0371057513915 0.0139146567718
0.800625465537 1.45853003719 0.50974025974 0.601250931075 1.91706007439 0.50974025974 0.0185528756957 0.0417439703154 0.0139146567718
0.796631678462 1.45677272882 0.50974025974 0.593263356924 1.91354545764 0.50974025974 0.0185528756957 0.0417439703154 0.0139146567718
0.792653378672 1.45498063544 0.50974025974 0.585306757344 1.90996127088 0.50974025974 0.0185528756957 0.0417439703154 0.0139146567718
0.78869086913 1.45315389352 0.50974025974 0.577381738259 1.90630778704 0.50974025974 0.0185528756957 0.0463821892393 0.0139146567718
0.784744451596 1.45129264217 0.50974025974 0.569488903192 1.90258528435 0.50974025974 0.0185528756957 0.0463821892393 0.0139146567718
0.780814426605 1.44939702315 0.50974025974 0.561628853211 1.8987940463 0.50974025974 0.0185528756957 0.0463821892393 0.0139146567718
0.776901093445 1.4474671808 0.50974025974 0.55380218689 1.8949343616 0.50974025974 0.0185528756957 0.0463821892393 0.0139146567718
0.77300475013 1.44550326209 0.50974025974 0.54600950026 1.89100652419 0.50974025974 0.0139146567718 0.0463821892393 0.0139146567718
0.769125693382 1.44350541659 0.50974025974 0.538251386765 1.88701083318 0.50974025974 0.0139146567718 0.0463821892393 0.0139146567718
0.765264218607 1.44147379643 0.503246753247 0.530528437214 1.88294759286 0.503246753247 0.00927643784787 0.0463821892393 0.00463821892393
0.76142061987 1.43940855633 0.503246753247 0.52284123974 1.87881711266 0.503246753247 0.00927643784787 0.0463821892393 0.00463821892393
0.757595189877 1.43730985357 0.503246753247 0.515190379754 1.87461970714 0.503246753247 0.00927643784787 0.0463821892393 0.00463821892393
0.753788219948 1.43517784797 0.503246753247 0.507576439897 1.87035569594 0.503246753247 0.00927643784787 0.0463821892393 0.00463821892393
0.75 1.43301270189 0.503246753247 0.5 1.86602540378 0.503246753247 0.00463821892393 0.0463821892393 0.00463821892393
0.74623081852 1.43081458022 0.503246753247 0.492461637039 1.86162916044 0.503246753247 0.00463821892393 0.0463821892393 0.00463821892393
0.742480962545 1.42858365035 0.503246753247 0.48496192509 1.8571673007 0.503246753247 0.00463821892393 0.0463821892393 0.00463821892393
0.738750717642 1.42632008218 0.503246753247 0.477501435284 1.85264016435 0.503246753247 0.0 0.0463821892393 0.00463821892393
0.735040367883 1.42402404808 0.503246753247 0.470080735767 1.84804809616 0.503246753247 0.0 0.0463821892393 0.00463821892393
0.731350195827 1.42169572291 0.503246753247 0.462700391653 1.84339144581 0.503246753247 0.0 0.0463821892393 0.00463821892393
0.727680482492 1.41933528397 0.5 0.455360964985 1.83867056795 0.5 -0.00463821892393 0.0463821892393 0.0
0.724031507344 1.41694291103 0.496753246753 0.448063014688 1.83388582207 0.496753246753 -0.00927643784787 0.0417439703154 -0.00463821892393
0.720403548265 1.41451878628 0.493506493506 0.440807096529 1.82903757256 0.493506493506 -0.00927643784787 0.0417439703154 -0.00927643784787
0.716796881538 1.41206309431 0.49025974026 0.433593763075 1.82412618862 0.49025974026 -0.0139146567718 0.0417439703154 -0.0139146567718
0.713211781824 1.40957602214 0.49025974026 0.426423563649 1.81915204429 0.49025974026 -0.0139146567718 0.0417439703154 -0.0139146567718
0.709648522145 1.40705775918 0.487012987013 0.419297044289 1.81411551836 0.487012987013 -0.0185528756957 0.0417439703154 -0.0185528756957
0.706107373854 1.40450849719 0.480519480519 0.412214747708 1.80901699437 0.480519480519 -0.0185528756957 0.0417439703154 -0.0278293135436
0.702588606624 1.40192843031 0.477272727273 0.405177213249 1.80385686062 0.477272727273 -0.0185528756957 0.0417439703154 -0.0324675324675
0.699092488424 1.39931775502 0.474025974026 0.398184976848 1.79863551005 0.474025974026 -0.0185528756957 0.0417439703154 -0.0371057513915
0.695619285496 1.39667667015 0.474025974026 0.391238570991 1.79335334029 0.474025974026 -0.0185528756957 0.0417439703154 -0.0371057513915
0.692169262337 1.3940053768 0.470779220779 0.384338524674 1.78801075361 0.470779220779 -0.0185528756957 0.0417439703154 -0.0417439703154
0.688742681681 1.39130407843 0.467532467532 0.377485363362 1.78260815685 0.467532467532 -0.0185528756957 0.0371057513915 -0.0463821892393
0.685339804475 1.38857298073 0.467532467532 0.37067960895 1.77714596146 0.467532467532 -0.0185528756957 0.0371057513915 -0.0463821892393
0.681960889861 1.38581229169 0.467532467532 0.363921779722 1.77162458339 0.467532467532 -0.0185528756957 0.0324675324675 -0.0463821892393
0.678606195157 1.38302222156 0.467532467532 0.357212390313 1.76604444312 0.467532467532 -0.0185528756957 0.0324675324675 -0.0463821892393
0.675275975835 1.3802029828 0.467532467532 0.35055195167 1.7604059656 0.467532467532 -0.0185528756957 0.0324675324675 -0.0463821892393
0.671970485505 1.37735479011 0.464285714286 0.343940971009 1.75470958022 0.464285714286 -0.0185528756957 0.0324675324675 -0.0510204081633
0.668689975892 1.37447786039 0.464285714286 0.337379951784 1.74895572079 0.464285714286 -0.0185528756957 0.0324675324675 -0.0510204081633
0.665434696821 1.37157241274 0.464285714286 0.330869393641 1.74314482548 0.464285714286 -0.0185528756957 0.0324675324675 -0.0510204081633
0.662204896192 1.36863866841 0.464285714286 0.324409792384 1.73727733681 0.464285714286 -0.0185528756957 0.0324675324675 -0.0510204081633
0.659000819969 1.36567685081 0.464285714286 0.318001639938 1.73135370162 0.464285714286 -0.0185528756957 0.0278293135436 -0.0510204081633
0.655822712153 1.36268718551 0.467532467532 0.311645424306 1.72537437101 0.467532467532 -0.0185528756957 0.0278293135436 -0.0463821892393
0.652670814771 1.35966990017 0.470779220779 0.305341629541 1.71933980034 0.470779220779 -0.0185528756957 0.0278293135436 -0.0417439703154
0.64954536785 1.35662522458 0.470779220779 0.2990907357 1.71325044915 0.470779220779 -0.0185528756957 0.0278293135436 -0.0417439703154
0.646446609407 1.35355339059 0.474025974026 0.292893218813 1.70710678119 0.474025974026 -0.0185528756957 0.0278293135436 -0.0371057513915
0.643374775423 1.35045463215 0.477272727273 0.286749550846 1.7009092643 0.477272727273 -0.0185528756957 0.0278293135436 -0.0324675324675
0.640330099831 1.34732918523 0.477272727273 0.280660199661 1.69465837046 0.477272727273 -0.0185528756957 0.0231910946197 -0.0324675324675
0.637312814494 1.34417728785 0.477272727273 0.274625628988 1.68835457569 0.477272727273 -0.0185528756957 0.0231910946197 -0.0324675324675
0.63432314919 1.34099918003 0.480519480519 0.268646298381 1.68199836006 0.480519480519 -0.0185528756957 0.0231910946197 -0.0278293135436
0.631361331595 1.33779510381 0.483766233766 0.26272266319 1.67559020762 0.483766233766 -0.0185528756957 0.0231910946197 -0.0231910946197
0.628427587261 1.33456530318 0.487012987013 0.256855174523 1.66913060636 0.487012987013 -0.0185528756957 0.0185528756957 -0.0185528756957
0.625522139605 1.33131002411 0.487012987013 0.251044279211 1.66262004822 0.487012987013 -0.0185528756957 0.0185528756957 -0.0185528756957
0.622645209889 1.3280295145 0.487012987013 0.245290419777 1.65605902899 0.487012987013 -0.0185528756957 0.0139146567718 -0.0185528756957
0.6197970172 1.32472402417 0.487012987013 0.2395940344 1.64944804833 0.487012987013 -0.0185528756957 0.00927643784787 -0.0185528756957
0.616977778441 1.32139380484 0.487012987013 0.233955556881 1.64278760969 0.487012987013 -0.0185528756957 0.00927643784787 -0.0185528756957
0.614187708306 1.31803911014 0.49025974026 0.228375416612 1.63607822028 0.49025974026 -0.0185528756957 0.00927643784787 -0.0139146567718
0.611427019272 1.31466019552 0.49025974026 0.222854038543 1.62932039105 0.49025974026 -0.0139146567718 0.00927643784787 -0.0139146567718
0.608695921574 1.31125731832 0.493506493506 0.217391843148 1.62251463664 0.493506493506 -0.00927643784787 0.00927643784787 -0.00927643784787
0.605994623197 1.30783073766 0.493506493506 0.211989246393 1.61566147533 0.493506493506 -0.00463821892393 0.00927643784787 -0.00927643784787
0.603323329854 1.3043807145 0.493506493506 0.206646659709 1.60876142901 0.493506493506 0.0 0.00927643784787 -0.00927643784787
0.600682244976 1.30090751158 0.493506493506 0.201364489953 1.60181502315 0.493506493506 0.0 0.00927643784787 -0.00927643784787
0.598071569691 1.29741139338 0.496753246753 0.196143139383 1.59482278675 0.496753246753 0.0 0.00927643784787 -0.00463821892393
0.595491502813 1.29389262615 0.496753246753 0.190983005625 1.58778525229 0.496753246753 0.00463821892393 0.00927643784787 -0.00463821892393
0.592942240822 1.29035147786 0.496753246753 0.185884481644 1.58070295571 0.496753246753 0.00927643784787 0.00463821892393 -0.00463821892393
0.590423977856 1.28678821818 0.5 0.180847955711 1.57357643635 0.5 0.00927643784787 0.00463821892393 0.0
0.587936905689 1.28320311846 0.5 0.175873811378 1.56640623692 0.5 0.0139146567718 0.00463821892393 0.0
0.585481213722 1.27959645174 0.503246753247 0.170962427445 1.55919290347 0.503246753247 0.0139146567718 0.00463821892393 0.00463821892393
0.583057088966 1.27596849266 0.503246753247 0.166114177933 1.55193698531 0.503246753247 0.0139146567718 0.00463821892393 0.00463821892393
0.580664716027 1.27231951751 0.503246753247 0.161329432055 1.54463903502 0.503246753247 0.0139146567718 0.00463821892393 0.00463821892393
0.578304277094 1.26864980417 0.503246753247 0.156608554187 1.53729960835 0.503246753247 0.0139146567718 0.00463821892393 0.00463821892393
0.575975951922 1.26495963212 0.503246753247 0.151951903844 1.52991926423 0.503246753247 0.0139146567718 0.00463821892393 0.00463821892393
0.573679917823 1.26124928236 0.503246753247 0.147359835646 1.52249856472 0.503246753247 0.0139146567718 0.00463821892393 0.00463821892393
0.571416349649 1.25751903746 0.506493506494 0.142832699298 1.51503807491 0.506493506494 0.0139146567718 0.00463821892393 0.00927643784787
0.569185419779 1.25376918148 0.506493506494 0.138370839558 1.50753836296 0.506493506494 0.0139146567718 -0.00463821892393 0.00927643784787
0.566987298108 1.25 0.506493506494 0.133974596216 1.5 0.506493506494 0.0139146567718 -0.00463821892393 0.00927643784787
0.56482215203 1.24621178005 0.506493506494 0.12964430406 1.4924235601 0.506493506494 0.0185528756957 -0.00463821892393 0.00927643784787
0.56269014643 1.24240481012 0.50974025974 0.125380292861 1.48480962025 0.50974025974 0.0231910946197 0.0 0.0139146567718
0.560591443669 1.23857938013 0.512987012987 0.121182887338 1.47715876026 0.512987012987 0.0231910946197 0.0 0.0185528756957
0.558526203571 1.23473578139 0.516233766234 0.117052407141 1.46947156279 0.516233766234 0.0278293135436 0.0 0.0231910946197
0.556494583411 1.23087430662 0.516233766234 0.112989166822 1.46174861324 0.516233766234 0.0278293135436 0.0 0.0231910946197
0.554496737906 1.22699524987 0.516233766234 0.108993475812 1.45399049974 0.516233766234 0.0278293135436 0.0 0.0231910946197
0.552532819199 1.22309890655 0.516233766234 0.105065638398 1.44619781311 0.516233766234 0.0278293135436 0.0 0.0231910946197
0.55060297685 1.21918557339 0.516233766234 0.101205953701 1.43837114679 0.516233766234 0.0278293135436 0.0 0.0231910946197
0.548707357825 1.2152555484 0.516233766234 0.0974147156501 1.43051109681 0.516233766234 0.0324675324675 0.0 0.0231910946197
0.546846106482 1.21130913087 0.516233766234 0.0936922129633 1.42261826174 0.516233766234 0.0324675324675 0.0 0.0231910946197
0.545019364562 1.20734662133 0.516233766234 0.0900387291235 1.41469324266 0.516233766234 0.0324675324675 0.0 0.0231910946197
0.543227271179 1.20336832154 0.516233766234 0.0864545423574 1.40673664308 0.516233766234 0.0371057513915 0.0 0.0231910946197
0.541469962807 1.19937453446 0.516233766234 0.0829399256149 1.39874906893 0.516233766234 0.0371057513915 0.0 0.0231910946197
0.539747573274 1.19536556424 0.516233766234 0.0794951465476 1.39073112849 0.516233766234 0.0371057513915 0.0 0.0231910946197
0.538060233744 1.19134171618 0.516233766234 0.0761204674887 1.38268343237 0.516233766234 0.0371057513915 0.0 0.0231910946197
0.536408072717 1.18730329671 0.516233766234 0.0728161454332 1.37460659342 0.516233766234 0.0371057513915 0.0 0.0231910946197
0.534791216009 1.18325061336 0.516233766234 0.069582432018 1.36650122672 0.516233766234 0.0371057513915 0.0 0.0231910946197
0.533209786751 1.17918397477 0.512987012987 0.0664195735028 1.35836794955 0.512987012987 0.0324675324675 0.00463821892393 0.0185528756957
0.531663905376 1.17510369063 0.50974025974 0.0633278107516 1.35020738126 0.50974025974 0.0324675324675 0.00463821892393 0.0139146567718
0.530153689607 1.17101007166 0.50974025974 0.0603073792141 1.34202014333 0.50974025974 0.0324675324675 0.00463821892393 0.0139146567718
0.528679254454 1.16690342962 0.50974025974 0.0573585089078 1.33380685923 0.50974025974 0.0324675324675 0.00927643784787 0.0139146567718
0.5272407122 1.16278407723 0.506493506494 0.0544814244007 1.32556815446 0.506493506494 0.0278293135436 0.0139146567718 0.00927643784787
0.525838172397 1.1586523282 0.503246753247 0.0516763447938 1.31730465641 0.503246753247 0.0231910946197 0.0231910946197 0.00463821892393
0.524471741852 1.15450849719 0.503246753247 0.0489434837048 1.30901699437 0.503246753247 0.0231910946197 0.0231910946197 0.00463821892393
0.523141524626 1.15035289975 0.5 0.0462830492518 1.3007057995 0.5 0.0231910946197 0.0231910946197 0.0
0.521847622018 1.14618585236 0.5 0.043695244037 1.29237170472 0.5 0.0185528756957 0.0231910946197 0.0
0.520590132566 1.14200767235 0.5 0.0411802651318 1.2840153447 0.5 0.0185528756957 0.0231910946197 0.0
0.519369152031 1.13781867791 0.5 0.0387383040617 1.27563735582 0.5 0.0185528756957 0.0278293135436 0.0
0.518184773396 1.13361918804 0.5 0.0363695467914 1.26723837608 0.5 0.0185528756957 0.0278293135436 0.0
0.517037086855 1.12940952255 0.5 0.0340741737109 1.2588190451 0.5 0.0139146567718 0.0278293135436 0.0
0.515926179811 1.12519000203 0.496753246753 0.0318523596219 1.25038000405 0.496753246753 0.0139146567718 0.0278293135436 -0.00463821892393
0.514852136862 1.1209609478 0.493506493506 0.029704273724 1.2419218956 0.493506493506 0.00927643784787 0.0278293135436 -0.00927643784787
0.513815039801 1.11672268193 0.49025974026 0.0276300796023 1.23344536386 0.49025974026 0.00927643784787 0.0278293135436 -0.0139146567718
0.512814967607 1.11247552717 0.49025974026 0.0256299352148 1.22495105434 0.49025974026 0.00463821892393 0.0278293135436 -0.0139146567718
0.51185199644 1.10821980697 0.487012987013 0.0237039928801 1.21643961394 0.487012987013 0.0 0.0278293135436 -0.0185528756957
0.510926199633 1.10395584541 0.487012987013 0.0218523992662 1.20791169082 0.487012987013 0.0 0.0278293135436 -0.0185528756957
0.51003764769 1.09968396721 0.487012987013 0.0200752953792 1.19936793442 0.487012987013 0.0 0.0278293135436 -0.0185528756957
0.509186408276 1.09540449769 0.487012987013 0.0183728165523 1.19080899538 0.487012987013 0.0 0.0278293135436 -0.0185528756957
0.508372546218 1.09111776275 0.487012987013 0.016745092436 1.18223552549 0.487012987013 0.0 0.0324675324675 -0.0185528756957
0.507596123494 1.08682408883 0.487012987013 0.0151922469878 1.17364817767 0.487012987013 0.0 0.0324675324675 -0.0185528756957
0.506857199231 1.08252380293 0.487012987013 0.0137143984628 1.16504760586 0.487012987013 0.0 0.0324675324675 -0.0185528756957
0.506155829702 1.07821723252 0.487012987013 0.0123116594049 1.15643446504 0.487012987013 0.0 0.0324675324675 -0.0185528756957
0.505492068319 1.07390470556 0.487012987013 0.0109841366381 1.14780941113 0.487012987013 -0.00463821892393 0.0371057513915 -0.0185528756957
0.504865965629 1.06958655048 0.483766233766 0.00973193125843 1.13917310096 0.483766233766 -0.00463821892393 0.0371057513915 -0.0231910946197
0.504277569313 1.06526309611 0.483766233766 0.00855513862619 1.13052619222 0.483766233766 -0.00927643784787 0.0417439703154 -0.0231910946197
0.503726924179 1.0609346717 0.483766233766 0.00745384835868 1.12186934341 0.483766233766 -0.00927643784787 0.0417439703154 -0.0231910946197
0.503214072162 1.05660160688 0.483766233766 0.00642814432341 1.11320321377 0.483766233766 -0.00927643784787 0.0417439703154 -0.0231910946197
0.502739052316 1.05226423163 0.483766233766 0.00547810463173 1.10452846327 0.483766233766 -0.0139146567718 0.0417439703154 -0.0231910946197
0.502301900816 1.04792287626 0.483766233766 0.00460380163282 1.09584575252 0.483766233766 -0.0139146567718 0.0417439703154 -0.0231910946197
0.501902650954 1.04357787137 0.483766233766 0.00380530190825 1.08715574275 0.483766233766 -0.0139146567718 0.0417439703154 -0.0231910946197
0.501541333133 1.03922954786 0.483766233766 0.00308266626687 1.07845909573 0.483766233766 -0.0139146567718 0.0417439703154 -0.0231910946197
0.50121797487 1.03487823687 0.477272727273 0.00243594974018 1.06975647374 0.477272727273 -0.0139146567718 0.0417439703154 -0.0324675324675
0.500932600789 1.03052426977 0.477272727273 0.00186520157813 1.06104853953 0.477272727273 -0.0139146567718 0.0417439703154 -0.0324675324675
0.500685232623 1.02616797812 0.474025974026 0.00137046524543 1.05233595624 0.474025974026 -0.0139146567718 0.0417439703154 -0.0371057513915
0.500475889209 1.02180969368 0.474025974026 0.000951778418142 1.04361938737 0.474025974026 -0.0185528756957 0.0417439703154 -0.0371057513915
0.50030458649 1.01744974835 0.474025974026 0.000609172980904 1.0348994967 0.474025974026 -0.0185528756957 0.0417439703154 -0.0371057513915
0.500171337512 1.01308847415 0.474025974026 0.000342675024443 1.02617694831 0.474025974026 -0.0185528756957 0.0417439703154 -0.0371057513915
0.500076152422 1.00872620322 0.477272727273 0.000152304843609 1.01745240644 0.477272727273 -0.0185528756957 0.0417439703154 -0.0324675324675
0.500019038468 1.00436326775 0.477272727273 3.80769358288e-05 1.0087265355 0.477272727273 -0.0185528756957 0.0417439703154 -0.0324675324675
