0 0.5 1 0.5 -0 0.707107 -0 0.707107
1 0.500019 0.995637 0.506494 0.0153527 -0.70694 -0 0.707107
2 0.500076 0.991274 0.506494 0.0215213 -0.706779 -0 0.707107
3 0.500171 0.986912 0.506494 0.0276881 -0.706564 -0 0.707107
4 0.500305 0.98255 0.50974 0.0384385 -0.706061 -0 0.707107
5 0.500476 0.97819 0.50974 0.0445985 -0.705699 -0 0.707107
6 0.500685 0.973832 0.50974 0.0507552 -0.705283 -0 0.707107
7 0.500933 0.969476 0.50974 0.056908 -0.704813 -0 0.707107
8 0.501218 0.965122 0.50974 0.0630562 -0.70429 -0 0.707107
9 0.501541 0.96077 0.50974 0.0691999 -0.703713 -0 0.707107
10 0.501903 0.956422 0.50974 0.0753383 -0.703082 -0 0.707107
11 0.502302 0.952077 0.50974 0.0814709 -0.702398 -0 0.707107
12 0.502739 0.947736 0.50974 0.0875973 -0.70166 -0 0.707107
13 0.503214 0.943398 0.50974 0.093717 -0.700869 -0 0.707107
14 0.503727 0.939065 0.50974 0.0998295 -0.700024 -0 0.707107
15 0.504278 0.934737 0.50974 0.105935 -0.699126 -0 0.707107
16 0.504866 0.930413 0.512987 0.116563 -0.697433 -0 0.707107
17 0.505492 0.926095 0.512987 0.122644 -0.696389 -0 0.707107
18 0.506156 0.921783 0.512987 0.128717 -0.695293 -0 0.707107
19 0.506857 0.917476 0.516234 0.139284 -0.693253 -0 0.707107
20 0.507596 0.913176 0.519481 0.149819 -0.691053 -0 0.707107
21 0.508373 0.908882 0.519481 0.155844 -0.689719 -0 0.707107
22 0.509186 0.904595 0.519481 0.161857 -0.688333 -0 0.707107
23 0.510038 0.900316 0.519481 0.167857 -0.686894 -0 0.707107
24 0.510926 0.896044 0.519481 0.173845 -0.685403 -0 0.707107
25 0.511852 0.89178 0.519481 0.17982 -0.68386 -0 0.707107
26 0.512815 0.887524 0.519481 0.18578 -0.682265 -0 0.707107
27 0.513815 0.883277 0.516234 0.187304 -0.681849 -0 0.707107
28 0.514852 0.879039 0.512987 0.188826 -0.681429 -0 0.707107
29 0.515926 0.87481 0.512987 0.194765 -0.679755 -0 0.707107
30 0.517037 0.87059 0.50974 0.196283 -0.679318 -0 0.707107
31 0.518185 0.866381 0.50974 0.202203 -0.677579 -0 0.707107
32 0.519369 0.862181 0.506494 0.203716 -0.677126 -0 0.707107
33 0.52059 0.857992 0.503247 0.205227 -0.67667 -0 0.707107
34 0.521848 0.853814 0.503247 0.211125 -0.674853 -0 0.707107
35 0.523142 0.849647 0.503247 0.217006 -0.672985 -0 0.707107
36 0.524472 0.845492 0.5 0.218508 -0.672499 -0 0.707107
37 0.525838 0.841348 0.496753 0.220009 -0.672009 -0 0.707107
38 0.527241 0.837216 0.496753 0.225865 -0.670063 -0 0.707107
39 0.528679 0.833097 0.493506 0.227361 -0.669557 -0 0.707107
40 0.530154 0.82899 0.493506 0.233195 -0.667548 -0 0.707107
41 0.531664 0.824896 0.49026 0.234685 -0.667025 -0 0.707107
42 0.53321 0.820816 0.49026 0.240497 -0.664952 -0 0.707107
43 0.534791 0.816749 0.49026 0.246291 -0.662828 -0 0.707107
44 0.536408 0.812697 0.487013 0.24777 -0.662276 -0 0.707107
45 0.53806 0.808658 0.487013 0.25354 -0.660089 -0 0.707107
46 0.539748 0.804634 0.487013 0.259291 -0.657851 -0 0.707107
47 0.54147 0.800625 0.483766 0.260759 -0.657271 -0 0.707107
48 0.543227 0.796632 0.483766 0.266485 -0.65497 -0 0.707107
49 0.545019 0.792653 0.483766 0.272191 -0.65262 -0 0.707107
50 0.546846 0.788691 0.483766 0.277875 -0.650219 -0 0.707107
51 0.548707 0.784744 0.480519 0.279327 -0.649597 -0 0.707107
52 0.550603 0.780814 0.480519 0.284985 -0.647135 -0 0.707107
53 0.552533 0.776901 0.480519 0.290621 -0.644623 -0 0.707107
54 0.554497 0.773005 0.480519 0.296236 -0.642063 -0 0.707107
55 0.556495 0.769126 0.480519 0.301827 -0.639453 -0 0.707107
56 0.558526 0.765264 0.480519 0.307396 -0.636795 -0 0.707107
57 0.560591 0.761421 0.480519 0.312941 -0.634088 -0 0.707107
58 0.56269 0.757595 0.480519 0.318463 -0.631333 -0 0.707107
59 0.564822 0.753788 0.480519 0.32396 -0.62853 -0 0.707107
60 0.566987 0.75 0.480519 0.329432 -0.625679 -0 0.707107
61 0.569185 0.746231 0.480519 0.33488 -0.62278 -0 0.707107
62 0.571416 0.742481 0.480519 0.340302 -0.619834 -0 0.707107
63 0.57368 0.738751 0.480519 0.345698 -0.616841 -0 0.707107
64 0.575976 0.73504 0.480519 0.351068 -0.613801 -0 0.707107
65 0.578304 0.73135 0.480519 0.356411 -0.610714 -0 0.707107
66 0.580665 0.727681 0.480519 0.361727 -0.60758 -0 0.707107
67 0.583057 0.724032 0.480519 0.367015 -0.604401 -0 0.707107
68 0.585481 0.720404 0.477273 0.368364 -0.60358 -0 0.707107
69 0.587937 0.716797 0.474026 0.369711 -0.602755 -0 0.707107
70 0.590424 0.713212 0.474026 0.374956 -0.599506 -0 0.707107
71 0.592942 0.709649 0.474026 0.380174 -0.596211 -0 0.707107
72 0.595492 0.706107 0.474026 0.385362 -0.592871 -0 0.707107
73 0.598072 0.702589 0.474026 0.390521 -0.589486 -0 0.707107
74 0.600682 0.699093 0.474026 0.39565 -0.586055 -0 0.707107
75 0.603323 0.695619 0.474026 0.40075 -0.58258 -0 0.707107
76 0.605995 0.692169 0.474026 0.405818 -0.579061 -0 0.707107
77 0.608696 0.688743 0.474026 0.410856 -0.575497 -0 0.707107
78 0.611427 0.68534 0.474026 0.415863 -0.57189 -0 0.707107
79 0.614188 0.681961 0.474026 0.420837 -0.568239 -0 0.707107
80 0.616978 0.678606 0.470779 0.422105 -0.567298 -0 0.707107
81 0.619797 0.675276 0.470779 0.42704 -0.563593 -0 0.707107
82 0.622645 0.67197 0.470779 0.431942 -0.559845 -0 0.707107
83 0.625522 0.66869 0.464286 0.429553 -0.56168 -0 0.707107
84 0.628428 0.665435 0.464286 0.434438 -0.55791 -0 0.707107
85 0.631361 0.662205 0.464286 0.43929 -0.554098 -0 0.707107
86 0.634323 0.659001 0.464286 0.444108 -0.550243 -0 0.707107
87 0.637313 0.655823 0.464286 0.448893 -0.546347 -0 0.707107
88 0.64033 0.652671 0.464286 0.453644 -0.542409 -0 0.707107
89 0.643375 0.649545 0.464286 0.45836 -0.538429 -0 0.707107
90 0.646447 0.646447 0.464286 0.463041 -0.534409 -0 0.707107
91 0.649545 0.643375 0.464286 0.467687 -0.530348 -0 0.707107
92 0.652671 0.64033 0.461039 0.46887 -0.529302 -0 0.707107
93 0.655823 0.637313 0.461039 0.473471 -0.52519 -0 0.707107
94 0.659001 0.634323 0.461039 0.478036 -0.521039 -0 0.707107
95 0.662205 0.631361 0.461039 0.482565 -0.516847 -0 0.707107
96 0.665435 0.628428 0.461039 0.487057 -0.512616 -0 0.707107
97 0.66869 0.625522 0.461039 0.491512 -0.508346 -0 0.707107
98 0.67197 0.622645 0.464286 0.499192 -0.500807 -0 0.707107
99 0.675276 0.619797 0.464286 0.503543 -0.496432 -0 0.707107
100 0.678606 0.616978 0.464286 0.507856 -0.492019 -0 0.707107
101 0.681961 0.614188 0.467532 0.515285 -0.484232 -0 0.707107
102 0.68534 0.611427 0.467532 0.519491 -0.479717 -0 0.707107
103 0.688743 0.608696 0.467532 0.523658 -0.475166 -0 0.707107
104 0.692169 0.605995 0.467532 0.527785 -0.470578 -0 0.707107
105 0.695619 0.603323 0.467532 0.531871 -0.465954 -0 0.707107
106 0.699093 0.600682 0.467532 0.535917 -0.461295 -0 0.707107
107 0.702589 0.598072 0.467532 0.539922 -0.456601 -0 0.707107
108 0.706107 0.595492 0.467532 0.543886 -0.451872 -0 0.707107
109 0.709649 0.592942 0.467532 0.547809 -0.447108 -0 0.707107
110 0.713212 0.590424 0.470779 0.55455 -0.438719 -0 0.707107
111 0.716797 0.587937 0.470779 0.558357 -0.433863 -0 0.707107
112 0.720404 0.585481 0.477273 0.567646 -0.421638 -0 0.707107
113 0.724032 0.583057 0.477273 0.571303 -0.416668 -0 0.707107
114 0.727681 0.580665 0.480519 0.577579 -0.407925 -0 0.707107
115 0.73135 0.578304 0.480519 0.581117 -0.402869 -0 0.707107
116 0.73504 0.575976 0.480519 0.58461 -0.397783 -0 0.707107
117 0.738751 0.57368 0.480519 0.588059 -0.392666 -0 0.707107
118 0.742481 0.571416 0.480519 0.591463 -0.387519 -0 0.707107
119 0.746231 0.569185 0.483766 0.597293 -0.378473 -0 0.707107
120 0.75 0.566987 0.483766 0.600573 -0.373246 -0 0.707107
121 0.753788 0.564822 0.483766 0.603807 -0.367991 -0 0.707107
122 0.757595 0.56269 0.483766 0.606995 -0.362708 -0 0.707107
123 0.761421 0.560591 0.487013 0.612445 -0.353427 -0 0.707107
124 0.765264 0.558526 0.487013 0.615506 -0.348069 -0 0.707107
125 0.769126 0.556495 0.487013 0.61852 -0.342685 -0 0.707107
126 0.773005 0.554497 0.487013 0.621487 -0.337274 -0 0.707107
127 0.776901 0.552533 0.487013 0.624407 -0.331838 -0 0.707107
128 0.780814 0.550603 0.487013 0.627279 -0.326376 -0 0.707107
129 0.784744 0.548707 0.487013 0.630103 -0.32089 -0 0.707107
130 0.788691 0.546846 0.487013 0.632879 -0.315379 -0 0.707107
131 0.792653 0.545019 0.49026 0.637606 -0.30571 -0 0.707107
132 0.796632 0.543227 0.49026 0.640249 -0.300135 -0 0.707107
133 0.800625 0.54147 0.496753 0.646615 -0.286163 -0 0.707107
134 0.804634 0.539748 0.496753 0.649087 -0.280509 -0 0.707107
135 0.808658 0.53806 0.496753 0.651511 -0.274834 -0 0.707107
136 0.812697 0.536408 0.5 0.655618 -0.264887 -0 0.707107
137 0.816749 0.534791 0.5 0.657905 -0.259155 -0 0.707107
138 0.820816 0.53321 0.5 0.660141 -0.253404 -0 0.707107
139 0.824896 0.531664 0.5 0.662327 -0.247634 -0 0.707107
140 0.82899 0.530154 0.5 0.664463 -0.241845 -0 0.707107
141 0.833097 0.528679 0.5 0.666548 -0.236037 -0 0.707107
142 0.837216 0.527241 0.5 0.668583 -0.230211 -0 0.707107
143 0.841348 0.525838 0.5 0.670566 -0.224368 -0 0.707107
144 0.845492 0.524472 0.5 0.672499 -0.218508 -0 0.707107
145 0.849647 0.523142 0.503247 0.675746 -0.208248 -0 0.707107
146 0.853814 0.521848 0.506494 0.678837 -0.197939 -0 0.707107
147 0.857992 0.52059 0.50974 0.681771 -0.187584 -0 0.707107
148 0.862181 0.519369 0.50974 0.683382 -0.181628 -0 0.707107
149 0.866381 0.518185 0.512987 0.686067 -0.171206 -0 0.707107
150 0.87059 0.517037 0.516234 0.688594 -0.160744 -0 0.707107
151 0.87481 0.515926 0.516234 0.68997 -0.154729 -0 0.707107
152 0.879039 0.514852 0.519481 0.692245 -0.14421 -0 0.707107
153 0.883277 0.513815 0.519481 0.693477 -0.138164 -0 0.707107
154 0.887524 0.512815 0.519481 0.694657 -0.132107 -0 0.707107
155 0.89178 0.511852 0.519481 0.695783 -0.12604 -0 0.707107
156 0.896044 0.510926 0.519481 0.696856 -0.119963 -0 0.707107
157 0.900316 0.510038 0.519481 0.697877 -0.113878 -0 0.707107
158 0.904595 0.509186 0.519481 0.698844 -0.107783 -0 0.707107
159 0.908882 0.508373 0.519481 0.699758 -0.101681 -0 0.707107
160 0.913176 0.507596 0.519481 0.700619 -0.0955705 -0 0.707107
161 0.917476 0.506857 0.519481 0.701426 -0.0894527 -0 0.707107
162 0.921783 0.506156 0.519481 0.70218 -0.0833284 -0 0.707107
163 0.926095 0.505492 0.519481 0.70288 -0.0771976 -0 0.707107
164 0.930413 0.504866 0.519481 0.703527 -0.0710609 -0 0.707107
165 0.934737 0.504278 0.516234 0.703684 -0.0694897 -0 0.707107
166 0.939065 0.503727 0.516234 0.704264 -0.0633463 -0 0.707107
167 0.943398 0.503214 0.516234 0.70479 -0.0571982 -0 0.707107
168 0.947736 0.502739 0.512987 0.704916 -0.0556242 -0 0.707107
169 0.952077 0.502302 0.512987 0.705374 -0.0494706 -0 0.707107
170 0.956422 0.501903 0.512987 0.705779 -0.0433132 -0 0.707107
171 0.96077 0.501541 0.512987 0.70613 -0.0371525 -0 0.707107
172 0.965122 0.501218 0.512987 0.706427 -0.030989 -0 0.707107
173 0.969476 0.500933 0.512987 0.706671 -0.0248232 -0 0.707107
174 0.973832 0.500685 0.512987 0.706861 -0.0186555 -0 0.707107
175 0.97819 0.500476 0.50974 0.706901 -0.0170769 -0 0.707107
176 0.98255 0.500305 0.50974 0.707023 -0.0109074 -0 0.707107
177 0.986912 0.500171 0.506494 0.707045 -0.00932852 -0 0.707107
178 0.991274 0.500076 0.506494 0.7071 -0.00315818 -0 0.707107
179 0.995637 0.500019 0.506494 0.7071 0.00301248 -0 0.707107
180 1 0.5 0.506494 0.707047 0.00918295 -0 0.707107
181 1.00436 0.500019 0.506494 0.70694 0.0153525 -0 0.707107
182 1.00873 0.500076 0.503247 0.706904 0.0169312 -0 0.707107
183 1.01309 0.500171 0.503247 0.706729 0.0230995 -0 0.707107
184 1.01745 0.500305 0.5 0.706676 0.0246777 -0 0.707107
185 1.02181 0.500476 0.5 0.706434 0.0308436 -0 0.707107
186 1.02617 0.500685 0.5 0.706138 0.0370071 -0 0.707107
187 1.03052 0.500933 0.5 0.705788 0.0431678 -0 0.707107
188 1.03488 0.501218 0.5 0.705384 0.0493253 -0 0.707107
189 1.03923 0.501541 0.5 0.704927 0.0554791 -0 0.707107
190 1.04358 0.501903 0.5 0.704416 0.0616283 -0 0.707107
191 1.04792 0.502302 0.496753 0.704277 0.0632013 -0 0.707107
192 1.05226 0.502739 0.496753 0.703698 0.0693448 -0 0.707107
193 1.0566 0.503214 0.493506 0.703542 0.070916 -0 0.707107
194 1.06093 0.503727 0.493506 0.702896 0.0770529 -0 0.707107
195 1.06526 0.504278 0.493506 0.702197 0.0831837 -0 0.707107
196 1.06959 0.504866 0.493506 0.701444 0.0893085 -0 0.707107
197 1.0739 0.505492 0.493506 0.700638 0.095426 -0 0.707107
198 1.07822 0.506156 0.493506 0.699779 0.101537 -0 0.707107
199 1.08252 0.506857 0.493506 0.698866 0.107639 -0 0.707107
200 1.08682 0.507596 0.493506 0.6979 0.113734 -0 0.707107
201 1.09112 0.508373 0.493506 0.696881 0.11982 -0 0.707107
202 1.0954 0.509186 0.493506 0.695809 0.125897 -0 0.707107
203 1.09968 0.510038 0.493506 0.694684 0.131964 -0 0.707107
204 1.10396 0.510926 0.493506 0.693506 0.138021 -0 0.707107
205 1.10822 0.511852 0.493506 0.692275 0.144068 -0 0.707107
206 1.11248 0.512815 0.493506 0.690991 0.150103 -0 0.707107
207 1.11672 0.513815 0.493506 0.689655 0.156128 -0 0.707107
208 1.12096 0.514852 0.493506 0.688266 0.16214 -0 0.707107
209 1.12519 0.515926 0.493506 0.686825 0.16814 -0 0.707107
210 1.12941 0.517037 0.493506 0.685332 0.174127 -0 0.707107
211 1.13362 0.518185 0.493506 0.683786 0.180101 -0 0.707107
212 1.13782 0.519369 0.493506 0.682189 0.186061 -0 0.707107
213 1.14201 0.52059 0.493506 0.680539 0.192007 -0 0.707107
214 1.14619 0.521848 0.493506 0.678837 0.197939 -0 0.707107
215 1.15035 0.523142 0.496753 0.675746 0.208247 -0 0.707107
216 1.15451 0.524472 0.5 0.672499 0.218508 -0 0.707107
217 1.15865 0.525838 0.5 0.670566 0.224368 -0 0.707107
218 1.16278 0.527241 0.5 0.668583 0.230211 -0 0.707107
219 1.1669 0.528679 0.5 0.666548 0.236037 -0 0.707107
220 1.17101 0.530154 0.503247 0.662879 0.246154 -0 0.707107
221 1.1751 0.531664 0.503247 0.660705 0.25193 -0 0.707107
222 1.17918 0.53321 0.503247 0.658482 0.257686 -0 0.707107
223 1.18325 0.534791 0.506494 0.654484 0.267678 -0 0.707107
224 1.1873 0.536408 0.50974 0.650334 0.277608 -0 0.707107
225 1.19134 0.53806 0.50974 0.647887 0.283272 -0 0.707107
226 1.19537 0.539748 0.50974 0.64539 0.288915 -0 0.707107
227 1.19937 0.54147 0.50974 0.642844 0.294536 -0 0.707107
228 1.20337 0.543227 0.50974 0.640249 0.300135 -0 0.707107
229 1.20735 0.545019 0.50974 0.637606 0.30571 -0 0.707107
230 1.21131 0.546846 0.50974 0.634914 0.311263 -0 0.707107
231 1.21526 0.548707 0.50974 0.632173 0.316792 -0 0.707107
232 1.21919 0.550603 0.50974 0.629385 0.322296 -0 0.707107
233 1.2231 0.552533 0.506494 0.628663 0.323701 -0 0.707107
234 1.227 0.554497 0.506494 0.625815 0.329175 -0 0.707107
235 1.23087 0.556495 0.506494 0.622918 0.334623 -0 0.707107
236 1.23474 0.558526 0.506494 0.619974 0.340047 -0 0.707107
237 1.23858 0.560591 0.506494 0.616983 0.345444 -0 0.707107
238 1.2424 0.56269 0.506494 0.613945 0.350815 -0 0.707107
239 1.24621 0.564822 0.506494 0.610861 0.356159 -0 0.707107
240 1.25 0.566987 0.506494 0.607729 0.361476 -0 0.707107
241 1.25377 0.569185 0.506494 0.604552 0.366766 -0 0.707107
242 1.25752 0.571416 0.506494 0.601328 0.372028 -0 0.707107
243 1.26125 0.57368 0.506494 0.598059 0.377261 -0 0.707107
244 1.26496 0.575976 0.506494 0.594744 0.382466 -0 0.707107
245 1.26865 0.578304 0.506494 0.591384 0.387641 -0 0.707107
246 1.27232 0.580665 0.506494 0.587978 0.392787 -0 0.707107
247 1.27597 0.583057 0.506494 0.584528 0.397903 -0 0.707107
248 1.2796 0.585481 0.506494 0.581034 0.402989 -0 0.707107
249 1.2832 0.587937 0.506494 0.577495 0.408044 -0 0.707107
250 1.28679 0.590424 0.506494 0.573912 0.413068 -0 0.707107
251 1.29035 0.592942 0.506494 0.570286 0.41806 -0 0.707107
252 1.29389 0.595492 0.506494 0.566616 0.423021 -0 0.707107
253 1.29741 0.598072 0.506494 0.562903 0.427949 -0 0.707107
254 1.30091 0.600682 0.506494 0.559147 0.432845 -0 0.707107
255 1.30438 0.603323 0.506494 0.555348 0.437708 -0 0.707107
256 1.30783 0.605995 0.506494 0.551507 0.442538 -0 0.707107
257 1.31126 0.608696 0.506494 0.547624 0.447334 -0 0.707107
258 1.31466 0.611427 0.506494 0.5437 0.452096 -0 0.707107
259 1.31804 0.614188 0.506494 0.539734 0.456823 -0 0.707107
260 1.32139 0.616978 0.506494 0.535727 0.461516 -0 0.707107
261 1.32472 0.619797 0.506494 0.531679 0.466173 -0 0.707107
262 1.32803 0.622645 0.506494 0.527591 0.470795 -0 0.707107
263 1.33131 0.625522 0.50974 0.520364 0.47877 -0 0.707107
264 1.33457 0.628428 0.50974 0.516167 0.483293 -0 0.707107
265 1.3378 0.631361 0.50974 0.511929 0.487779 -0 0.707107
266 1.341 0.634323 0.506494 0.510839 0.488921 -0 0.707107
267 1.34418 0.637313 0.506494 0.506553 0.49336 -0 0.707107
268 1.34733 0.64033 0.506494 0.502228 0.497762 -0 0.707107
269 1.35045 0.643375 0.506494 0.497865 0.502126 -0 0.707107
270 1.35355 0.646447 0.503247 0.496743 0.503236 -0 0.707107
271 1.35663 0.649545 0.503247 0.492332 0.507552 -0 0.707107
272 1.35967 0.652671 0.503247 0.487884 0.511829 -0 0.707107
273 1.36269 0.655823 0.503247 0.483399 0.516067 -0 0.707107
274 1.36568 0.659001 0.503247 0.478877 0.520266 -0 0.707107
275 1.36864 0.662205 0.5 0.477714 0.521334 -0 0.707107
276 1.37157 0.665435 0.5 0.473147 0.525483 -0 0.707107
277 1.37448 0.66869 0.5 0.468543 0.529592 -0 0.707107
278 1.37735 0.67197 0.5 0.463904 0.53366 -0 0.707107
279 1.3802 0.675276 0.496753 0.462711 0.534695 -0 0.707107
280 1.38302 0.678606 0.496753 0.458027 0.538712 -0 0.707107
281 1.38581 0.681961 0.496753 0.453309 0.542689 -0 0.707107
282 1.38857 0.68534 0.496753 0.448556 0.546624 -0 0.707107
283 1.3913 0.688743 0.496753 0.443769 0.550517 -0 0.707107
284 1.39401 0.692169 0.493506 0.442538 0.551507 -0 0.707107
285 1.39668 0.695619 0.493506 0.437708 0.555348 -0 0.707107
286 1.39932 0.699093 0.493506 0.432845 0.559147 -0 0.707107
287 1.40193 0.702589 0.496753 0.424285 0.565669 -0 0.707107
288 1.40451 0.706107 0.496753 0.419333 0.56935 -0 0.707107
289 1.40706 0.709649 0.496753 0.414348 0.572988 -0 0.707107
290 1.40958 0.713212 0.496753 0.409332 0.576582 -0 0.707107
291 1.41206 0.716797 0.496753 0.404285 0.580132 -0 0.707107
292 1.41452 0.720404 0.496753 0.399207 0.583638 -0 0.707107
293 1.41694 0.724032 0.496753 0.394099 0.5871 -0 0.707107
294 1.41934 0.727681 0.493506 0.392787 0.587978 -0 0.707107
295 1.4217 0.73135 0.493506 0.387641 0.591384 -0 0.707107
296 1.42402 0.73504 0.49026 0.386319 0.592248 -0 0.707107
297 1.42632 0.738751 0.49026 0.381136 0.595596 -0 0.707107
298 1.42858 0.742481 0.49026 0.375924 0.5989 -0 0.707107
299 1.43081 0.746231 0.49026 0.370684 0.602157 -0 0.707107
300 1.43301 0.75 0.487013 0.369338 0.602984 -0 0.707107
301 1.43518 0.753788 0.487013 0.364062 0.606184 -0 0.707107
302 1.43731 0.757595 0.487013 0.358758 0.609338 -0 0.707107
303 1.43941 0.761421 0.487013 0.353427 0.612445 -0 0.707107
304 1.44147 0.765264 0.483766 0.352059 0.613233 -0 0.707107
305 1.44351 0.769126 0.483766 0.346694 0.616282 -0 0.707107
306 1.4455 0.773005 0.483766 0.341303 0.619284 -0 0.707107
307 1.44747 0.776901 0.483766 0.335885 0.622239 -0 0.707107
308 1.4494 0.780814 0.483766 0.330443 0.625146 -0 0.707107
309 1.45129 0.784744 0.480519 0.329046 0.625882 -0 0.707107
310 1.45315 0.788691 0.480519 0.323572 0.62873 -0 0.707107
311 1.45498 0.792653 0.480519 0.318073 0.63153 -0 0.707107
312 1.45677 0.796632 0.480519 0.312549 0.634281 -0 0.707107
313 1.45853 0.800625 0.480519 0.307002 0.636985 -0 0.707107
314 1.46025 0.804634 0.480519 0.301432 0.639639 -0 0.707107
315 1.46194 0.808658 0.480519 0.295839 0.642246 -0 0.707107
316 1.46359 0.812697 0.480519 0.290223 0.644803 -0 0.707107
317 1.46521 0.816749 0.480519 0.284585 0.647311 -0 0.707107
318 1.46679 0.820816 0.480519 0.278925 0.64977 -0 0.707107
319 1.46834 0.824896 0.480519 0.273245 0.652179 -0 0.707107
320 1.46985 0.82899 0.480519 0.267543 0.654539 -0 0.707107
321 1.47132 0.833097 0.480519 0.261821 0.656848 -0 0.707107
322 1.47276 0.837216 0.480519 0.256079 0.659108 -0 0.707107
323 1.47416 0.841348 0.480519 0.250317 0.661318 -0 0.707107
324 1.47553 0.845492 0.480519 0.244537 0.663477 -0 0.707107
325 1.47686 0.849647 0.480519 0.238738 0.665586 -0 0.707107
326 1.47815 0.853814 0.480519 0.23292 0.667644 -0 0.707107
327 1.47941 0.857992 0.480519 0.227085 0.669651 -0 0.707107
328 1.48063 0.862181 0.480519 0.221233 0.671607 -0 0.707107
329 1.48182 0.866381 0.480519 0.215364 0.673512 -0 0.707107
330 1.48296 0.87059 0.480519 0.209478 0.675366 -0 0.707107
331 1.48407 0.87481 0.480519 0.203576 0.677168 -0 0.707107
332 1.48515 0.879039 0.483766 0.193247 0.680188 -0 0.707107
333 1.48618 0.883277 0.483766 0.187304 0.681849 -0 0.707107
334 1.48719 0.887524 0.483766 0.181346 0.683457 -0 0.707107
335 1.48815 0.89178 0.483766 0.175375 0.685014 -0 0.707107
336 1.48907 0.896044 0.483766 0.169391 0.686518 -0 0.707107
337 1.48996 0.900316 0.483766 0.163393 0.68797 -0 0.707107
338 1.49081 0.904595 0.487013 0.152904 0.690377 -0 0.707107
339 1.49163 0.908882 0.487013 0.146873 0.691685 -0 0.707107
340 1.4924 0.913176 0.49026 0.136329 0.69384 -0 0.707107
341 1.49314 0.917476 0.493506 0.125753 0.695835 -0 0.707107
342 1.49384 0.921783 0.493506 0.119676 0.696906 -0 0.707107
343 1.49451 0.926095 0.493506 0.11359 0.697924 -0 0.707107
344 1.49513 0.930413 0.493506 0.107495 0.698888 -0 0.707107
345 1.49572 0.934737 0.493506 0.101393 0.6998 -0 0.707107
346 1.49627 0.939065 0.493506 0.0952818 0.700658 -0 0.707107
347 1.49679 0.943398 0.493506 0.089164 0.701463 -0 0.707107
348 1.49726 0.947736 0.496753 0.0784777 0.702738 -0 0.707107
349 1.4977 0.952077 0.496753 0.0723422 0.703396 -0 0.707107
350 1.4981 0.956422 0.5 0.0616285 0.704416 -0 0.707107
351 1.49846 0.96077 0.5 0.0554789 0.704927 -0 0.707107
352 1.49878 0.965122 0.5 0.0493252 0.705384 -0 0.707107
353 1.49907 0.969476 0.503247 0.038584 0.706053 -0 0.707107
354 1.49931 0.973832 0.503247 0.0324211 0.706363 -0 0.707107
355 1.49952 0.97819 0.503247 0.0262557 0.706619 -0 0.707107
356 1.4997 0.98255 0.503247 0.0200884 0.706821 -0 0.707107
357 1.49983 0.986912 0.506494 0.00932853 0.707045 -0 0.707107
358 1.49992 0.991274 0.506494 0.00315818 0.7071 -0 0.707107
359 1.49998 0.995637 0.506494 -0.00301248 0.7071 -0 0.707107
360 1.5 1 0.506494 -0.00918295 0.707047 -0 0.707107
361 1.49998 1.00436 0.506494 -0.0153525 0.70694 -0 0.707107
362 1.49992 1.00873 0.506494 -0.0215211 0.706779 -0 0.707107
363 1.49983 1.01309 0.506494 -0.0276881 0.706564 -0 0.707107
364 1.4997 1.01745 0.506494 -0.0338529 0.706296 -0 0.707107
365 1.49952 1.02181 0.506494 -0.0400152 0.705974 -0 0.707107
366 1.49931 1.02617 0.506494 -0.0461744 0.705598 -0 0.707107
367 1.49907 1.03052 0.506494 -0.05233 0.705168 -0 0.707107
368 1.49878 1.03488 0.506494 -0.0584817 0.704684 -0 0.707107
369 1.49846 1.03923 0.506494 -0.064629 0.704147 -0 0.707107
370 1.4981 1.04358 0.506494 -0.0707711 0.703556 -0 0.707107
371 1.4977 1.04792 0.506494 -0.0769081 0.702912 -0 0.707107
372 1.49726 1.05226 0.506494 -0.0830392 0.702214 -0 0.707107
373 1.49679 1.0566 0.503247 -0.084607 0.702027 -0 0.707107
374 1.49627 1.06093 0.503247 -0.0907301 0.701262 -0 0.707107
375 1.49572 1.06526 0.5 -0.0922959 0.701057 -0 0.707107
376 1.49513 1.06959 0.5 -0.0984103 0.700225 -0 0.707107
377 1.49451 1.0739 0.5 -0.104517 0.69934 -0 0.707107
378 1.49384 1.07822 0.5 -0.110616 0.698401 -0 0.707107
379 1.49314 1.08252 0.496753 -0.112175 0.698152 -0 0.707107
380 1.4924 1.08682 0.496753 -0.118263 0.697147 -0 0.707107
381 1.49163 1.09112 0.496753 -0.124343 0.696088 -0 0.707107
382 1.49081 1.0954 0.496753 -0.130412 0.694977 -0 0.707107
383 1.48996 1.09968 0.493506 -0.131964 0.694684 -0 0.707107
384 1.48907 1.10396 0.493506 -0.138021 0.693506 -0 0.707107
385 1.48815 1.10822 0.493506 -0.144068 0.692275 -0 0.707107
386 1.48719 1.11248 0.493506 -0.150103 0.690991 -0 0.707107
387 1.48618 1.11672 0.49026 -0.151646 0.690654 -0 0.707107
388 1.48515 1.12096 0.49026 -0.157667 0.689305 -0 0.707107
389 1.48407 1.12519 0.49026 -0.163677 0.687903 -0 0.707107
390 1.48296 1.12941 0.49026 -0.169673 0.686448 -0 0.707107
391 1.48182 1.13362 0.483766 -0.166747 0.687165 -0 0.707107
392 1.48063 1.13782 0.483766 -0.172738 0.685683 -0 0.707107
393 1.47941 1.14201 0.483766 -0.178714 0.68415 -0 0.707107
394 1.47815 1.14619 0.483766 -0.184678 0.682564 -0 0.707107
395 1.47686 1.15035 0.483766 -0.190627 0.680927 -0 0.707107
396 1.47553 1.15451 0.483766 -0.196562 0.679237 -0 0.707107
397 1.47416 1.15865 0.483766 -0.202482 0.677496 -0 0.707107
398 1.47276 1.16278 0.480519 -0.203995 0.677042 -0 0.707107
399 1.47132 1.1669 0.480519 -0.209895 0.675236 -0 0.707107
400 1.46985 1.17101 0.480519 -0.21578 0.673379 -0 0.707107
401 1.46834 1.1751 0.483766 -0.226003 0.670017 -0 0.707107
402 1.46679 1.17918 0.483766 -0.231841 0.668019 -0 0.707107
403 1.46521 1.18325 0.483766 -0.237662 0.665971 -0 0.707107
404 1.46359 1.1873 0.483766 -0.243465 0.663871 -0 0.707107
405 1.46194 1.19134 0.483766 -0.249249 0.661721 -0 0.707107
406 1.46025 1.19537 0.487013 -0.259291 0.657851 -0 0.707107
407 1.45853 1.19937 0.487013 -0.265022 0.655563 -0 0.707107
408 1.45677 1.20337 0.487013 -0.270732 0.653226 -0 0.707107
409 1.45498 1.20735 0.487013 -0.276423 0.650838 -0 0.707107
410 1.45315 1.21131 0.487013 -0.282092 0.648401 -0 0.707107
411 1.45129 1.21526 0.487013 -0.287739 0.645915 -0 0.707107
412 1.4494 1.21919 0.487013 -0.293365 0.643379 -0 0.707107
413 1.44747 1.2231 0.487013 -0.298968 0.640795 -0 0.707107
414 1.4455 1.227 0.487013 -0.304549 0.638161 -0 0.707107
415 1.44351 1.23087 0.49026 -0.314226 0.633452 -0 0.707107
416 1.44147 1.23474 0.49026 -0.319742 0.630686 -0 0.707107
417 1.43941 1.23858 0.49026 -0.325233 0.627872 -0 0.707107
418 1.43731 1.2424 0.49026 -0.3307 0.62501 -0 0.707107
419 1.43518 1.24621 0.49026 -0.336142 0.6221 -0 0.707107
420 1.43301 1.25 0.49026 -0.341558 0.619143 -0 0.707107
421 1.43081 1.25377 0.49026 -0.346948 0.616139 -0 0.707107
422 1.42858 1.25752 0.49026 -0.352311 0.613088 -0 0.707107
423 1.42632 1.26125 0.49026 -0.357648 0.60999 -0 0.707107
424 1.42402 1.26496 0.49026 -0.362958 0.606846 -0 0.707107
425 1.4217 1.26865 0.49026 -0.368239 0.603655 -0 0.707107
426 1.41934 1.27232 0.49026 -0.373493 0.600419 -0 0.707107
427 1.41694 1.27597 0.49026 -0.378718 0.597137 -0 0.707107
428 1.41452 1.2796 0.49026 -0.383915 0.593809 -0 0.707107
429 1.41206 1.2832 0.49026 -0.389082 0.590436 -0 0.707107
430 1.40958 1.28679 0.49026 -0.39422 0.587018 -0 0.707107
431 1.40706 1.29035 0.49026 -0.399327 0.583556 -0 0.707107
432 1.40451 1.29389 0.49026 -0.404405 0.580049 -0 0.707107
433 1.40193 1.29741 0.487013 -0.405699 0.579144 -0 0.707107
434 1.39932 1.30091 0.483766 -0.406991 0.578237 -0 0.707107
435 1.39668 1.30438 0.480519 -0.408282 0.577327 -0 0.707107
436 1.39401 1.30783 0.480519 -0.413304 0.573742 -0 0.707107
437 1.3913 1.31126 0.480519 -0.418295 0.570113 -0 0.707107
438 1.38857 1.31466 0.480519 -0.423254 0.566441 -0 0.707107
439 1.38581 1.31804 0.480519 -0.428181 0.562726 -0 0.707107
440 1.38302 1.32139 0.480519 -0.433076 0.558968 -0 0.707107
441 1.3802 1.32472 0.480519 -0.437937 0.555168 -0 0.707107
442 1.37735 1.32803 0.480519 -0.442765 0.551325 -0 0.707107
443 1.37448 1.33131 0.480519 -0.447559 0.54744 -0 0.707107
444 1.37157 1.33457 0.480519 -0.452319 0.543514 -0 0.707107
445 1.36864 1.3378 0.480519 -0.457045 0.539546 -0 0.707107
446 1.36568 1.341 0.480519 -0.461736 0.535537 -0 0.707107
447 1.36269 1.34418 0.477273 -0.462931 0.534504 -0 0.707107
448 1.35967 1.34733 0.477273 -0.467578 0.530444 -0 0.707107
449 1.35663 1.35045 0.474026 -0.468761 0.529399 -0 0.707107
450 1.35355 1.35355 0.474026 -0.473363 0.525288 -0 0.707107
451 1.35045 1.35663 0.470779 -0.474535 0.524229 -0 0.707107
452 1.34733 1.35967 0.470779 -0.479092 0.520068 -0 0.707107
453 1.34418 1.36269 0.470779 -0.483612 0.515868 -0 0.707107
454 1.341 1.36568 0.470779 -0.488095 0.511628 -0 0.707107
455 1.3378 1.36864 0.470779 -0.492541 0.507349 -0 0.707107
456 1.33457 1.37157 0.470779 -0.49695 0.503031 -0 0.707107
457 1.33131 1.37448 0.470779 -0.501321 0.498676 -0 0.707107
458 1.32803 1.37735 0.470779 -0.505653 0.494282 -0 0.707107
459 1.32472 1.3802 0.470779 -0.509948 0.48985 -0 0.707107
460 1.32139 1.38302 0.474026 -0.517344 0.482033 -0 0.707107
461 1.31804 1.38581 0.474026 -0.52153 0.4775 -0 0.707107
462 1.31466 1.38857 0.477273 -0.528737 0.469507 -0 0.707107
463 1.31126 1.3913 0.477273 -0.532815 0.464875 -0 0.707107
464 1.30783 1.39401 0.477273 -0.536851 0.460208 -0 0.707107
465 1.30438 1.39668 0.477273 -0.540846 0.455505 -0 0.707107
466 1.30091 1.39932 0.477273 -0.544801 0.450768 -0 0.707107
467 1.29741 1.40193 0.477273 -0.548714 0.445997 -0 0.707107
468 1.29389 1.40451 0.477273 -0.552585 0.441191 -0 0.707107
469 1.29035 1.40706 0.477273 -0.556414 0.436352 -0 0.707107
470 1.28679 1.40958 0.477273 -0.560201 0.43148 -0 0.707107
471 1.2832 1.41206 0.477273 -0.563945 0.426575 -0 0.707107
472 1.2796 1.41452 0.477273 -0.567646 0.421638 -0 0.707107
473 1.27597 1.41694 0.477273 -0.571303 0.416668 -0 0.707107
474 1.27232 1.41934 0.477273 -0.574918 0.411667 -0 0.707107
475 1.26865 1.4217 0.477273 -0.578488 0.406634 -0 0.707107
476 1.26496 1.42402 0.477273 -0.582015 0.40157 -0 0.707107
477 1.26125 1.42632 0.480519 -0.588059 0.392666 -0 0.707107
478 1.25752 1.42858 0.480519 -0.591463 0.387519 -0 0.707107
479 1.25377 1.43081 0.480519 -0.594823 0.382343 -0 0.707107
480 1.25 1.43301 0.480519 -0.598136 0.377138 -0 0.707107
481 1.24621 1.43518 0.480519 -0.601405 0.371904 -0 0.707107
482 1.2424 1.43731 0.480519 -0.604627 0.366641 -0 0.707107
483 1.23858 1.43941 0.480519 -0.607804 0.361351 -0 0.707107
484 1.23474 1.44147 0.480519 -0.610934 0.356033 -0 0.707107
485 1.23087 1.44351 0.480519 -0.614018 0.350688 -0 0.707107
486 1.227 1.4455 0.480519 -0.617055 0.345317 -0 0.707107
487 1.2231 1.44747 0.480519 -0.620044 0.339919 -0 0.707107
488 1.21919 1.4494 0.480519 -0.622987 0.334495 -0 0.707107
489 1.21526 1.45129 0.483766 -0.628006 0.324975 -0 0.707107
490 1.21131 1.45315 0.487013 -0.632879 0.315379 -0 0.707107
491 1.20735 1.45498 0.487013 -0.635607 0.309844 -0 0.707107
492 1.20337 1.45677 0.49026 -0.640249 0.300135 -0 0.707107
493 1.19937 1.45853 0.49026 -0.642844 0.294536 -0 0.707107
494 1.19537 1.46025 0.493506 -0.647252 0.284718 -0 0.707107
495 1.19134 1.46194 0.493506 -0.649712 0.279059 -0 0.707107
496 1.1873 1.46359 0.493506 -0.652123 0.273379 -0 0.707107
497 1.18325 1.46521 0.493506 -0.654484 0.267678 -0 0.707107
498 1.17918 1.46679 0.493506 -0.656794 0.261956 -0 0.707107
499 1.1751 1.46834 0.493506 -0.659055 0.256214 -0 0.707107
500 1.17101 1.46985 0.496753 -0.662879 0.246154 -0 0.707107
501 1.1669 1.47132 0.496753 -0.665001 0.24036 -0 0.707107
502 1.16278 1.47276 0.496753 -0.667074 0.234548 -0 0.707107
503 1.15865 1.47416 0.496753 -0.669095 0.228718 -0 0.707107
504 1.15451 1.47553 0.5 -0.672499 0.218508 -0 0.707107
505 1.15035 1.47686 0.5 -0.67438 0.212631 -0 0.707107
506 1.14619 1.47815 0.503247 -0.677538 0.202343 -0 0.707107
507 1.14201 1.47941 0.503247 -0.679278 0.196422 -0 0.707107
508 1.13782 1.48063 0.506494 -0.682189 0.186061 -0 0.707107
509 1.13362 1.48182 0.506494 -0.683786 0.180101 -0 0.707107
510 1.12941 1.48296 0.506494 -0.685332 0.174127 -0 0.707107
511 1.12519 1.48407 0.506494 -0.686825 0.16814 -0 0.707107
512 1.12096 1.48515 0.506494 -0.688266 0.16214 -0 0.707107
513 1.11672 1.48618 0.506494 -0.689655 0.156128 -0 0.707107
514 1.11248 1.48719 0.506494 -0.690991 0.150103 -0 0.707107
515 1.10822 1.48815 0.506494 -0.692275 0.144068 -0 0.707107
516 1.10396 1.48907 0.506494 -0.693506 0.138021 -0 0.707107
517 1.09968 1.48996 0.506494 -0.694684 0.131964 -0 0.707107
518 1.0954 1.49081 0.506494 -0.695809 0.125897 -0 0.707107
519 1.09112 1.49163 0.506494 -0.696881 0.11982 -0 0.707107
520 1.08682 1.4924 0.506494 -0.6979 0.113734 -0 0.707107
521 1.08252 1.49314 0.506494 -0.698866 0.107639 -0 0.707107
522 1.07822 1.49384 0.506494 -0.699779 0.101537 -0 0.707107
523 1.0739 1.49451 0.506494 -0.700638 0.095426 -0 0.707107
524 1.06959 1.49513 0.506494 -0.701444 0.0893085 -0 0.707107
525 1.06526 1.49572 0.506494 -0.702197 0.0831837 -0 0.707107
526 1.06093 1.49627 0.506494 -0.702896 0.0770528 -0 0.707107
527 1.0566 1.49679 0.506494 -0.703542 0.070916 -0 0.707107
528 1.05226 1.49726 0.506494 -0.704134 0.0647739 -0 0.707107
529 1.04792 1.4977 0.506494 -0.704672 0.0586267 -0 0.707107
530 1.04358 1.4981 0.506494 -0.705157 0.0524751 -0 0.707107
531 1.03923 1.49846 0.506494 -0.705588 0.0463197 -0 0.707107
532 1.03488 1.49878 0.506494 -0.705965 0.0401606 -0 0.707107
533 1.03052 1.49907 0.506494 -0.706289 0.0339984 -0 0.707107
534 1.02617 1.49931 0.506494 -0.706559 0.0278336 -0 0.707107
535 1.02181 1.49952 0.506494 -0.706775 0.0216668 -0 0.707107
536 1.01745 1.4997 0.506494 -0.706937 0.0154982 -0 0.707107
537 1.01309 1.49983 0.5 -0.706864 0.0185099 -0 0.707107
538 1.00873 1.49992 0.5 -0.706999 0.0123406 -0 0.707107
539 1.00436 1.49998 0.496753 -0.707025 0.0107617 -0 0.707107
540 1 1.5 0.493506 -0.707047 0.00918295 -0 0.707107
541 0.995637 1.49998 0.487013 -0.707002 0.0121951 -0 0.707107
542 0.991274 1.49992 0.487013 -0.707081 0.00602494 -0 0.707107
543 0.986912 1.49983 0.487013 -0.707107 -0.000145592 0 0.707107
544 0.98255 1.4997 0.487013 -0.707079 -0.00631617 0 0.707107
545 0.97819 1.49952 0.487013 -0.706997 -0.0124863 0 0.707107
546 0.973832 1.49931 0.49026 -0.706725 -0.023245 0 0.707107
547 0.969476 1.49907 0.49026 -0.706495 -0.0294115 0 0.707107
548 0.965122 1.49878 0.49026 -0.706211 -0.0355755 0 0.707107
549 0.96077 1.49846 0.49026 -0.705874 -0.0417369 0 0.707107
550 0.956422 1.4981 0.49026 -0.705483 -0.0478952 0 0.707107
551 0.952077 1.4977 0.49026 -0.705038 -0.0540498 0 0.707107
552 0.947736 1.49726 0.49026 -0.70454 -0.0602003 0 0.707107
553 0.943398 1.49679 0.49026 -0.703987 -0.0663462 0 0.707107
554 0.939065 1.49627 0.49026 -0.703382 -0.072487 0 0.707107
555 0.934737 1.49572 0.493506 -0.702197 -0.0831838 0 0.707107
556 0.930413 1.49513 0.493506 -0.701444 -0.0893083 0 0.707107
557 0.926095 1.49451 0.493506 -0.700638 -0.0954261 0 0.707107
558 0.921783 1.49384 0.496753 -0.699105 -0.106079 0 0.707107
559 0.917476 1.49314 0.496753 -0.698152 -0.112175 0 0.707107
560 0.913176 1.4924 0.496753 -0.697147 -0.118263 0 0.707107
561 0.908882 1.49163 0.5 -0.695266 -0.12886 0 0.707107
562 0.904595 1.49081 0.5 -0.694115 -0.134922 0 0.707107
563 0.900316 1.48996 0.506494 -0.691022 -0.149961 0 0.707107
564 0.896044 1.48907 0.506494 -0.689687 -0.155986 0 0.707107
565 0.89178 1.48815 0.506494 -0.6883 -0.161998 0 0.707107
566 0.887524 1.48719 0.506494 -0.68686 -0.167999 0 0.707107
567 0.883277 1.48618 0.506494 -0.685368 -0.173986 0 0.707107
568 0.879039 1.48515 0.506494 -0.683823 -0.17996 0 0.707107
569 0.87481 1.48407 0.506494 -0.682227 -0.185921 0 0.707107
570 0.87059 1.48296 0.50974 -0.679318 -0.196283 0 0.707107
571 0.866381 1.48182 0.50974 -0.677579 -0.202203 0 0.707107
572 0.862181 1.48063 0.50974 -0.675789 -0.208108 0 0.707107
573 0.857992 1.47941 0.50974 -0.673947 -0.213998 0 0.707107
574 0.853814 1.47815 0.50974 -0.672054 -0.219871 0 0.707107
575 0.849647 1.47686 0.50974 -0.67011 -0.225727 0 0.707107
576 0.845492 1.47553 0.50974 -0.668115 -0.231566 0 0.707107
577 0.841348 1.47416 0.50974 -0.666068 -0.237388 0 0.707107
578 0.837216 1.47276 0.50974 -0.663971 -0.243191 0 0.707107
579 0.833097 1.47132 0.50974 -0.661824 -0.248976 0 0.707107
580 0.82899 1.46985 0.50974 -0.659626 -0.254742 0 0.707107
581 0.824896 1.46834 0.50974 -0.657378 -0.260489 0 0.707107
582 0.820816 1.46679 0.50974 -0.65508 -0.266215 0 0.707107
583 0.816749 1.46521 0.50974 -0.652732 -0.271922 0 0.707107
584 0.812697 1.46359 0.50974 -0.650334 -0.277608 0 0.707107
585 0.808658 1.46194 0.50974 -0.647886 -0.283272 0 0.707107
586 0.804634 1.46025 0.50974 -0.64539 -0.288915 0 0.707107
587 0.800625 1.45853 0.50974 -0.642844 -0.294536 0 0.707107
588 0.796632 1.45677 0.50974 -0.640249 -0.300135 0 0.707107
589 0.792653 1.45498 0.50974 -0.637606 -0.305711 0 0.707107
590 0.788691 1.45315 0.50974 -0.634914 -0.311263 0 0.707107
591 0.784744 1.45129 0.50974 -0.632173 -0.316792 0 0.707107
592 0.780814 1.4494 0.50974 -0.629385 -0.322296 0 0.707107
593 0.776901 1.44747 0.50974 -0.626548 -0.327776 0 0.707107
594 0.773005 1.4455 0.50974 -0.623664 -0.333232 0 0.707107
595 0.769126 1.44351 0.50974 -0.620732 -0.338661 0 0.707107
596 0.765264 1.44147 0.503247 -0.622169 -0.336014 0 0.707107
597 0.761421 1.43941 0.503247 -0.619214 -0.34143 0 0.707107
598 0.757595 1.43731 0.503247 -0.61621 -0.346821 0 0.707107
599 0.753788 1.43518 0.503247 -0.61316 -0.352185 0 0.707107
600 0.75 1.43301 0.503247 -0.610064 -0.357522 0 0.707107
601 0.746231 1.43081 0.503247 -0.606921 -0.362833 0 0.707107
602 0.742481 1.42858 0.503247 -0.603731 -0.368115 0 0.707107
603 0.738751 1.42632 0.503247 -0.600496 -0.373369 0 0.707107
604 0.73504 1.42402 0.503247 -0.597215 -0.378596 0 0.707107
605 0.73135 1.4217 0.503247 -0.593888 -0.383793 0 0.707107
606 0.727681 1.41934 0.5 -0.59303 -0.385118 0 0.707107
607 0.724032 1.41694 0.496753 -0.592168 -0.386441 0 0.707107
608 0.720404 1.41452 0.493506 -0.591304 -0.387763 0 0.707107
609 0.716797 1.41206 0.49026 -0.590436 -0.389082 0 0.707107
610 0.713212 1.40958 0.49026 -0.587018 -0.39422 0 0.707107
611 0.709649 1.40706 0.487013 -0.586137 -0.39553 0 0.707107
612 0.706107 1.40451 0.480519 -0.587816 -0.393029 0 0.707107
613 0.702589 1.40193 0.477273 -0.586937 -0.394341 0 0.707107
614 0.699093 1.39932 0.474026 -0.586055 -0.395651 0 0.707107
615 0.695619 1.39668 0.474026 -0.58258 -0.40075 0 0.707107
616 0.692169 1.39401 0.470779 -0.581684 -0.40205 0 0.707107
617 0.688743 1.3913 0.467532 -0.580784 -0.403348 0 0.707107
618 0.68534 1.38857 0.467532 -0.577243 -0.4084 0 0.707107
619 0.681961 1.38581 0.467532 -0.573657 -0.413422 0 0.707107
620 0.678606 1.38302 0.467532 -0.570027 -0.418413 0 0.707107
621 0.675276 1.3802 0.467532 -0.566354 -0.423371 0 0.707107
622 0.67197 1.37735 0.464286 -0.565407 -0.424635 0 0.707107
623 0.66869 1.37448 0.464286 -0.56168 -0.429553 0 0.707107
624 0.665435 1.37157 0.464286 -0.55791 -0.434438 0 0.707107
625 0.662205 1.36864 0.464286 -0.554098 -0.43929 0 0.707107
626 0.659001 1.36568 0.464286 -0.550243 -0.444108 0 0.707107
627 0.655823 1.36269 0.467532 -0.54342 -0.452431 0 0.707107
628 0.652671 1.35967 0.470779 -0.536472 -0.46065 0 0.707107
629 0.649545 1.35663 0.470779 -0.532431 -0.465314 0 0.707107
630 0.646447 1.35355 0.474026 -0.525288 -0.473363 0 0.707107
631 0.643375 1.35045 0.477273 -0.518023 -0.481303 0 0.707107
632 0.64033 1.34733 0.477273 -0.513803 -0.485805 0 0.707107
633 0.637313 1.34418 0.477273 -0.509544 -0.49027 0 0.707107
634 0.634323 1.341 0.480519 -0.502023 -0.497969 0 0.707107
635 0.631361 1.3378 0.483766 -0.494386 -0.505552 0 0.707107
636 0.628428 1.33457 0.487013 -0.486635 -0.513017 0 0.707107
637 0.625522 1.33131 0.487013 -0.482139 -0.517244 0 0.707107
638 0.622645 1.32803 0.487013 -0.477607 -0.521432 0 0.707107
639 0.619797 1.32472 0.487013 -0.473039 -0.52558 0 0.707107
640 0.616978 1.32139 0.487013 -0.468434 -0.529688 0 0.707107
641 0.614188 1.31804 0.49026 -0.460318 -0.536756 0 0.707107
642 0.611427 1.31466 0.49026 -0.455617 -0.540753 0 0.707107
643 0.608696 1.31126 0.493506 -0.447334 -0.547624 0 0.707107
644 0.605995 1.30783 0.493506 -0.442538 -0.551507 0 0.707107
645 0.603323 1.30438 0.493506 -0.437708 -0.555348 0 0.707107
646 0.600682 1.30091 0.493506 -0.432845 -0.559147 0 0.707107
647 0.598072 1.29741 0.496753 -0.424285 -0.56567 0 0.707107
648 0.595492 1.29389 0.496753 -0.419333 -0.56935 0 0.707107
649 0.592942 1.29035 0.496753 -0.414348 -0.572988 0 0.707107
650 0.590424 1.28679 0.5 -0.40558 -0.579228 0 0.707107
651 0.587937 1.2832 0.5 -0.40051 -0.582745 0 0.707107
652 0.585481 1.2796 0.503247 -0.391594 -0.588773 0 0.707107
653 0.583057 1.27597 0.503247 -0.386441 -0.592168 0 0.707107
654 0.580665 1.27232 0.503247 -0.381259 -0.595518 0 0.707107
655 0.578304 1.26865 0.503247 -0.376048 -0.598822 0 0.707107
656 0.575976 1.26496 0.503247 -0.370808 -0.602081 0 0.707107
657 0.57368 1.26125 0.503247 -0.36554 -0.605294 0 0.707107
658 0.571416 1.25752 0.506494 -0.356285 -0.610787 0 0.707107
659 0.569185 1.25377 0.506494 -0.350941 -0.613873 0 0.707107
660 0.566987 1.25 0.506494 -0.345571 -0.616912 0 0.707107
661 0.564822 1.24621 0.506494 -0.340174 -0.619904 0 0.707107
662 0.56269 1.2424 0.50974 -0.3307 -0.62501 0 0.707107
663 0.560591 1.23858 0.512987 -0.321149 -0.629971 0 0.707107
664 0.558526 1.23474 0.516234 -0.311524 -0.634785 0 0.707107
665 0.556495 1.23087 0.516234 -0.305973 -0.63748 0 0.707107
666 0.554497 1.227 0.516234 -0.300398 -0.640126 0 0.707107
667 0.552533 1.2231 0.516234 -0.294801 -0.642723 0 0.707107
668 0.550603 1.21919 0.516234 -0.289181 -0.645271 -0 0.707107
669 0.548707 1.21526 0.516234 -0.283539 -0.64777 -0 0.707107
670 0.546846 1.21131 0.516234 -0.277875 -0.650219 -0 0.707107
671 0.545019 1.20735 0.516234 -0.272191 -0.65262 -0 0.707107
672 0.543227 1.20337 0.516234 -0.266485 -0.65497 -0 0.707107
673 0.54147 1.19937 0.516234 -0.260759 -0.65727 -0 0.707107
674 0.539748 1.19537 0.516234 -0.255014 -0.659521 -0 0.707107
675 0.53806 1.19134 0.516234 -0.249249 -0.661721 -0 0.707107
676 0.536408 1.1873 0.516234 -0.243465 -0.663871 -0 0.707107
677 0.534791 1.18325 0.516234 -0.237662 -0.665971 -0 0.707107
678 0.53321 1.17918 0.512987 -0.236174 -0.6665 -0 0.707107
679 0.531664 1.1751 0.50974 -0.234685 -0.667025 -0 0.707107
680 0.530154 1.17101 0.50974 -0.228856 -0.669048 -0 0.707107
681 0.528679 1.1669 0.50974 -0.223009 -0.67102 -0 0.707107
682 0.527241 1.16278 0.506494 -0.221509 -0.671516 -0 0.707107
683 0.525838 1.15865 0.503247 -0.220009 -0.672009 -0 0.707107
684 0.524472 1.15451 0.503247 -0.214137 -0.673903 -0 0.707107
685 0.523142 1.15035 0.5 -0.212631 -0.67438 -0 0.707107
686 0.521848 1.14619 0.5 -0.206738 -0.67621 -0 0.707107
687 0.52059 1.14201 0.5 -0.200829 -0.677988 -0 0.707107
688 0.519369 1.13782 0.5 -0.194905 -0.679715 -0 0.707107
689 0.518185 1.13362 0.5 -0.188966 -0.68139 -0 0.707107
690 0.517037 1.12941 0.5 -0.183013 -0.683013 -0 0.707107
691 0.515926 1.12519 0.496753 -0.181487 -0.68342 -0 0.707107
692 0.514852 1.12096 0.493506 -0.17996 -0.683823 -0 0.707107
693 0.513815 1.11672 0.49026 -0.178433 -0.684223 -0 0.707107
694 0.512815 1.11248 0.49026 -0.172455 -0.685754 -0 0.707107
695 0.511852 1.10822 0.487013 -0.170923 -0.686138 -0 0.707107
696 0.510926 1.10396 0.487013 -0.164929 -0.687603 -0 0.707107
697 0.510038 1.09968 0.487013 -0.158922 -0.689016 -0 0.707107
698 0.509186 1.0954 0.487013 -0.152904 -0.690377 -0 0.707107
699 0.508373 1.09112 0.487013 -0.146873 -0.691685 -0 0.707107
700 0.507596 1.08682 0.487013 -0.140832 -0.69294 -0 0.707107
701 0.506857 1.08252 0.487013 -0.134779 -0.694143 -0 0.707107
702 0.506156 1.07822 0.487013 -0.128717 -0.695293 -0 0.707107
703 0.505492 1.0739 0.487013 -0.122644 -0.69639 -0 0.707107
704 0.504866 1.06959 0.483766 -0.121089 -0.696662 -0 0.707107
705 0.504278 1.06526 0.483766 -0.115005 -0.697692 -0 0.707107
706 0.503727 1.06093 0.483766 -0.108912 -0.698669 -0 0.707107
707 0.503214 1.0566 0.483766 -0.102811 -0.699593 -0 0.707107
708 0.502739 1.05226 0.483766 -0.096702 -0.700463 -0 0.707107
709 0.502302 1.04792 0.483766 -0.0905857 -0.70128 -0 0.707107
710 0.501903 1.04358 0.483766 -0.0844625 -0.702044 -0 0.707107
711 0.501541 1.03923 0.483766 -0.0783331 -0.702755 -0 0.707107
712 0.501218 1.03488 0.477273 -0.0813262 -0.702414 -0 0.707107
713 0.500933 1.03052 0.477273 -0.0751934 -0.703097 -0 0.707107
714 0.500685 1.02617 0.474026 -0.0736232 -0.703264 -0 0.707107
715 0.500476 1.02181 0.474026 -0.0674833 -0.703879 -0 0.707107
716 0.500305 1.01745 0.474026 -0.0613383 -0.704441 -0 0.707107
717 0.500171 1.01309 0.474026 -0.0551886 -0.70495 -0 0.707107
718 0.500076 1.00873 0.477273 -0.0444531 -0.705708 -0 0.707107
719 0.500019 1.00436 0.477273 -0.038293 -0.706069 -0 0.707107
