0 0.5 1 0.5 -0 -0.707107 0 0.707107
1 0.500019 0.995637 0.5 0.00617064 -0.70708 -0 0.707107
2 0.500076 0.991274 0.5 0.0123408 -0.706999 -0 0.707107
3 0.500171 0.986912 0.5 0.0185099 -0.706864 -0 0.707107
4 0.500305 0.98255 0.5 0.0246777 -0.706676 -0 0.707107
5 0.500476 0.97819 0.5 0.0308436 -0.706434 -0 0.707107
6 0.500685 0.973832 0.5 0.0370071 -0.706138 -0 0.707107
7 0.500933 0.969476 0.5 0.0431679 -0.705788 -0 0.707107
8 0.501218 0.965122 0.5 0.0493252 -0.705384 -0 0.707107
9 0.501541 0.96077 0.5 0.0554789 -0.704927 -0 0.707107
10 0.501903 0.956422 0.5 0.0616285 -0.704416 -0 0.707107
11 0.502302 0.952077 0.5 0.0677732 -0.703851 -0 0.707107
12 0.502739 0.947736 0.5 0.0739128 -0.703233 -0 0.707107
13 0.503214 0.943398 0.5 0.0800468 -0.702561 -0 0.707107
14 0.503727 0.939065 0.5 0.0861746 -0.701836 -0 0.707107
15 0.504278 0.934737 0.5 0.0922959 -0.701057 -0 0.707107
16 0.504866 0.930413 0.5 0.0984102 -0.700225 -0 0.707107
17 0.505492 0.926095 0.5 0.104517 -0.69934 -0 0.707107
18 0.506156 0.921783 0.5 0.110616 -0.698401 -0 0.707107
19 0.506857 0.917476 0.5 0.116706 -0.697409 -0 0.707107
20 0.507596 0.913176 0.5 0.122788 -0.696364 -0 0.707107
21 0.508373 0.908882 0.5 0.12886 -0.695266 -0 0.707107
22 0.509186 0.904595 0.5 0.134922 -0.694115 -0 0.707107
23 0.510038 0.900316 0.5 0.140974 -0.692911 -0 0.707107
24 0.510926 0.896044 0.5 0.147016 -0.691655 -0 0.707107
25 0.511852 0.89178 0.5 0.153046 -0.690346 -0 0.707107
26 0.512815 0.887524 0.5 0.159064 -0.688984 -0 0.707107
27 0.513815 0.883277 0.5 0.165071 -0.687569 -0 0.707107
28 0.514852 0.879039 0.5 0.171065 -0.686103 -0 0.707107
29 0.515926 0.87481 0.5 0.177045 -0.684584 -0 0.707107
30 0.517037 0.87059 0.5 0.183013 -0.683013 -0 0.707107
31 0.518185 0.866381 0.5 0.188966 -0.68139 -0 0.707107
32 0.519369 0.862181 0.5 0.194905 -0.679715 -0 0.707107
33 0.52059 0.857992 0.5 0.200829 -0.677988 -0 0.707107
34 0.521848 0.853814 0.5 0.206738 -0.67621 -0 0.707107
35 0.523142 0.849647 0.5 0.212631 -0.67438 -0 0.707107
36 0.524472 0.845492 0.5 0.218508 -0.672499 -0 0.707107
37 0.525838 0.841348 0.5 0.224368 -0.670566 -0 0.707107
38 0.527241 0.837216 0.5 0.230211 -0.668583 -0 0.707107
39 0.528679 0.833097 0.5 0.236037 -0.666548 -0 0.707107
40 0.530154 0.82899 0.5 0.241845 -0.664463 -0 0.707107
41 0.531664 0.824896 0.5 0.247634 -0.662327 -0 0.707107
42 0.53321 0.820816 0.5 0.253404 -0.660141 -0 0.707107
43 0.534791 0.816749 0.5 0.259155 -0.657905 -0 0.707107
44 0.536408 0.812697 0.5 0.264887 -0.655618 -0 0.707107
45 0.53806 0.808658 0.5 0.270598 -0.653281 -0 0.707107
46 0.539748 0.804634 0.5 0.276289 -0.650895 -0 0.707107
47 0.54147 0.800625 0.5 0.281958 -0.648459 -0 0.707107
48 0.543227 0.796632 0.5 0.287606 -0.645974 -0 0.707107
49 0.545019 0.792653 0.5 0.293232 -0.64344 -0 0.707107
50 0.546846 0.788691 0.5 0.298836 -0.640856 -0 0.707107
51 0.548707 0.784744 0.5 0.304417 -0.638224 -0 0.707107
52 0.550603 0.780814 0.5 0.309975 -0.635543 -0 0.707107
53 0.552533 0.776901 0.5 0.315509 -0.632814 -0 0.707107
54 0.554497 0.773005 0.5 0.32102 -0.630037 -0 0.707107
55 0.556495 0.769126 0.5 0.326506 -0.627211 -0 0.707107
56 0.558526 0.765264 0.5 0.331967 -0.624338 -0 0.707107
57 0.560591 0.761421 0.5 0.337402 -0.621418 -0 0.707107
58 0.56269 0.757595 0.5 0.342812 -0.61845 -0 0.707107
59 0.564822 0.753788 0.5 0.348196 -0.615434 -0 0.707107
60 0.566987 0.75 0.5 0.353553 -0.612372 -0 0.707107
61 0.569185 0.746231 0.5 0.358884 -0.609264 -0 0.707107
62 0.571416 0.742481 0.5 0.364187 -0.606109 -0 0.707107
63 0.57368 0.738751 0.5 0.369462 -0.602908 -0 0.707107
64 0.575976 0.73504 0.5 0.37471 -0.599661 -0 0.707107
65 0.578304 0.73135 0.5 0.379928 -0.596368 -0 0.707107
66 0.580665 0.727681 0.5 0.385118 -0.59303 -0 0.707107
67 0.583057 0.724032 0.5 0.390278 -0.589646 -0 0.707107
68 0.585481 0.720404 0.5 0.395409 -0.586218 -0 0.707107
69 0.587937 0.716797 0.5 0.40051 -0.582745 -0 0.707107
70 0.590424 0.713212 0.5 0.40558 -0.579228 -0 0.707107
71 0.592942 0.709649 0.5 0.410619 -0.575667 -0 0.707107
72 0.595492 0.706107 0.5 0.415627 -0.572061 -0 0.707107
73 0.598072 0.702589 0.5 0.420603 -0.568413 -0 0.707107
74 0.600682 0.699093 0.5 0.425547 -0.564721 -0 0.707107
75 0.603323 0.695619 0.5 0.430459 -0.560986 -0 0.707107
76 0.605995 0.692169 0.5 0.435338 -0.557208 -0 0.707107
77 0.608696 0.688743 0.5 0.440184 -0.553388 -0 0.707107
78 0.611427 0.68534 0.5 0.444997 -0.549525 -0 0.707107
79 0.614188 0.681961 0.5 0.449775 -0.545621 -0 0.707107
80 0.616978 0.678606 0.5 0.45452 -0.541675 -0 0.707107
81 0.619797 0.675276 0.5 0.459229 -0.537688 -0 0.707107
82 0.622645 0.67197 0.5 0.463904 -0.53366 -0 0.707107
83 0.625522 0.66869 0.5 0.468543 -0.529592 -0 0.707107
84 0.628428 0.665435 0.5 0.473147 -0.525483 -0 0.707107
85 0.631361 0.662205 0.5 0.477714 -0.521334 -0 0.707107
86 0.634323 0.659001 0.5 0.482246 -0.517145 -0 0.707107
87 0.637313 0.655823 0.5 0.48674 -0.512917 -0 0.707107
88 0.64033 0.652671 0.5 0.491198 -0.50865 -0 0.707107
89 0.643375 0.649545 0.5 0.495618 -0.504344 -0 0.707107
90 0.646447 0.646447 0.5 0.5 -0.5 -0 0.707107
91 0.649545 0.643375 0.5 0.504344 -0.495618 -0 0.707107
92 0.652671 0.64033 0.5 0.50865 -0.491198 -0 0.707107
93 0.655823 0.637313 0.5 0.512917 -0.48674 -0 0.707107
94 0.659001 0.634323 0.5 0.517145 -0.482246 -0 0.707107
95 0.662205 0.631361 0.5 0.521334 -0.477714 -0 0.707107
96 0.665435 0.628428 0.5 0.525483 -0.473147 -0 0.707107
97 0.66869 0.625522 0.5 0.529592 -0.468543 -0 0.707107
98 0.67197 0.622645 0.5 0.53366 -0.463904 -0 0.707107
99 0.675276 0.619797 0.5 0.537688 -0.459229 -0 0.707107
100 0.678606 0.616978 0.5 0.541675 -0.45452 -0 0.707107
101 0.681961 0.614188 0.5 0.545621 -0.449775 -0 0.707107
102 0.68534 0.611427 0.5 0.549525 -0.444997 -0 0.707107
103 0.688743 0.608696 0.5 0.553388 -0.440184 -0 0.707107
104 0.692169 0.605995 0.5 0.557208 -0.435338 -0 0.707107
105 0.695619 0.603323 0.5 0.560986 -0.430459 -0 0.707107
106 0.699093 0.600682 0.5 0.564721 -0.425547 -0 0.707107
107 0.702589 0.598072 0.5 0.568413 -0.420603 -0 0.707107
108 0.706107 0.595492 0.5 0.572061 -0.415627 -0 0.707107
109 0.709649 0.592942 0.5 0.575667 -0.410619 -0 0.707107
110 0.713212 0.590424 0.5 0.579228 -0.40558 -0 0.707107
111 0.716797 0.587937 0.5 0.582745 -0.40051 -0 0.707107
112 0.720404 0.585481 0.5 0.586218 -0.395409 -0 0.707107
113 0.724032 0.583057 0.5 0.589646 -0.390278 -0 0.707107
114 0.727681 0.580665 0.5 0.59303 -0.385118 -0 0.707107
115 0.73135 0.578304 0.5 0.596368 -0.379928 -0 0.707107
116 0.73504 0.575976 0.5 0.599661 -0.37471 -0 0.707107
117 0.738751 0.57368 0.5 0.602908 -0.369462 -0 0.707107
118 0.742481 0.571416 0.5 0.606109 -0.364187 -0 0.707107
119 0.746231 0.569185 0.5 0.609264 -0.358884 -0 0.707107
120 0.75 0.566987 0.5 0.612372 -0.353553 -0 0.707107
121 0.753788 0.564822 0.5 0.615434 -0.348196 -0 0.707107
122 0.757595 0.56269 0.5 0.61845 -0.342812 -0 0.707107
123 0.761421 0.560591 0.5 0.621418 -0.337402 -0 0.707107
124 0.765264 0.558526 0.5 0.624338 -0.331967 -0 0.707107
125 0.769126 0.556495 0.5 0.627211 -0.326506 -0 0.707107
126 0.773005 0.554497 0.5 0.630037 -0.32102 -0 0.707107
127 0.776901 0.552533 0.5 0.632814 -0.315509 -0 0.707107
128 0.780814 0.550603 0.5 0.635543 -0.309975 -0 0.707107
129 0.784744 0.548707 0.5 0.638224 -0.304417 -0 0.707107
130 0.788691 0.546846 0.5 0.640856 -0.298836 -0 0.707107
131 0.792653 0.545019 0.5 0.64344 -0.293232 -0 0.707107
132 0.796632 0.543227 0.5 0.645974 -0.287606 -0 0.707107
133 0.800625 0.54147 0.5 0.648459 -0.281958 -0 0.707107
134 0.804634 0.539748 0.5 0.650895 -0.276289 -0 0.707107
135 0.808658 0.53806 0.5 0.653281 -0.270598 -0 0.707107
136 0.812697 0.536408 0.5 0.655618 -0.264887 -0 0.707107
137 0.816749 0.534791 0.5 0.657905 -0.259155 -0 0.707107
138 0.820816 0.53321 0.5 0.660141 -0.253404 -0 0.707107
139 0.824896 0.531664 0.5 0.662327 -0.247634 -0 0.707107
140 0.82899 0.530154 0.5 0.664463 -0.241845 -0 0.707107
141 0.833097 0.528679 0.5 0.666548 -0.236037 -0 0.707107
142 0.837216 0.527241 0.5 0.668583 -0.230211 -0 0.707107
143 0.841348 0.525838 0.5 0.670566 -0.224368 -0 0.707107
144 0.845492 0.524472 0.5 0.672499 -0.218508 -0 0.707107
145 0.849647 0.523142 0.5 0.67438 -0.212631 -0 0.707107
146 0.853814 0.521848 0.5 0.67621 -0.206738 -0 0.707107
147 0.857992 0.52059 0.5 0.677988 -0.200829 -0 0.707107
148 0.862181 0.519369 0.5 0.679715 -0.194905 -0 0.707107
149 0.866381 0.518185 0.5 0.68139 -0.188966 -0 0.707107
150 0.87059 0.517037 0.5 0.683013 -0.183013 -0 0.707107
151 0.87481 0.515926 0.5 0.684584 -0.177045 -0 0.707107
152 0.879039 0.514852 0.5 0.686103 -0.171065 -0 0.707107
153 0.883277 0.513815 0.5 0.687569 -0.165071 -0 0.707107
154 0.887524 0.512815 0.5 0.688984 -0.159064 -0 0.707107
155 0.89178 0.511852 0.5 0.690346 -0.153046 -0 0.707107
156 0.896044 0.510926 0.5 0.691655 -0.147016 -0 0.707107
157 0.900316 0.510038 0.5 0.692911 -0.140974 -0 0.707107
158 0.904595 0.509186 0.5 0.694115 -0.134922 -0 0.707107
159 0.908882 0.508373 0.5 0.695266 -0.12886 -0 0.707107
160 0.913176 0.507596 0.5 0.696364 -0.122788 -0 0.707107
161 0.917476 0.506857 0.5 0.697409 -0.116706 -0 0.707107
162 0.921783 0.506156 0.5 0.698401 -0.110616 -0 0.707107
163 0.926095 0.505492 0.5 0.69934 -0.104517 -0 0.707107
164 0.930413 0.504866 0.5 0.700225 -0.0984102 -0 0.707107
165 0.934737 0.504278 0.5 0.701057 -0.0922959 -0 0.707107
166 0.939065 0.503727 0.5 0.701836 -0.0861746 -0 0.707107
167 0.943398 0.503214 0.5 0.702561 -0.0800468 -0 0.707107
168 0.947736 0.502739 0.5 0.703233 -0.0739128 -0 0.707107
169 0.952077 0.502302 0.5 0.703851 -0.0677732 -0 0.707107
170 0.956422 0.501903 0.5 0.704416 -0.0616285 -0 0.707107
171 0.96077 0.501541 0.5 0.704927 -0.0554789 -0 0.707107
172 0.965122 0.501218 0.5 0.705384 -0.0493252 -0 0.707107
173 0.969476 0.500933 0.5 0.705788 -0.0431679 -0 0.707107
174 0.973832 0.500685 0.5 0.706138 -0.0370071 -0 0.707107
175 0.97819 0.500476 0.5 0.706434 -0.0308436 -0 0.707107
176 0.98255 0.500305 0.5 0.706676 -0.0246777 -0 0.707107
177 0.986912 0.500171 0.5 0.706864 -0.0185099 -0 0.707107
178 0.991274 0.500076 0.5 0.706999 -0.0123408 -0 0.707107
179 0.995637 0.500019 0.5 0.70708 -0.00617064 -0 0.707107
180 1 0.5 0.5 0.707107 -0 -0 0.707107
181 1.00436 0.500019 0.5 0.70708 0.00617047 -0 0.707107
182 1.00873 0.500076 0.5 0.706999 0.0123406 -0 0.707107
183 1.01309 0.500171 0.5 0.706864 0.0185099 -0 0.707107
184 1.01745 0.500305 0.5 0.706676 0.0246777 -0 0.707107
185 1.02181 0.500476 0.5 0.706434 0.0308436 -0 0.707107
186 1.02617 0.500685 0.5 0.706138 0.0370071 -0 0.707107
187 1.03052 0.500933 0.5 0.705788 0.0431678 -0 0.707107
188 1.03488 0.501218 0.5 0.705384 0.0493253 -0 0.707107
189 1.03923 0.501541 0.5 0.704927 0.0554791 -0 0.707107
190 1.04358 0.501903 0.5 0.704416 0.0616283 -0 0.707107
191 1.04792 0.502302 0.5 0.703851 0.0677731 -0 0.707107
192 1.05226 0.502739 0.5 0.703233 0.0739128 -0 0.707107
193 1.0566 0.503214 0.5 0.702561 0.0800466 -0 0.707107
194 1.06093 0.503727 0.5 0.701836 0.0861746 -0 0.707107
195 1.06526 0.504278 0.5 0.701057 0.0922959 -0 0.707107
196 1.06959 0.504866 0.5 0.700225 0.0984104 -0 0.707107
197 1.0739 0.505492 0.5 0.69934 0.104517 -0 0.707107
198 1.07822 0.506156 0.5 0.698401 0.110616 -0 0.707107
199 1.08252 0.506857 0.5 0.697409 0.116706 -0 0.707107
200 1.08682 0.507596 0.5 0.696364 0.122788 -0 0.707107
201 1.09112 0.508373 0.5 0.695266 0.12886 -0 0.707107
202 1.0954 0.509186 0.5 0.694115 0.134922 -0 0.707107
203 1.09968 0.510038 0.5 0.692911 0.140974 -0 0.707107
204 1.10396 0.510926 0.5 0.691655 0.147016 -0 0.707107
205 1.10822 0.511852 0.5 0.690346 0.153046 -0 0.707107
206 1.11248 0.512815 0.5 0.688984 0.159064 -0 0.707107
207 1.11672 0.513815 0.5 0.687569 0.165071 -0 0.707107
208 1.12096 0.514852 0.5 0.686103 0.171065 -0 0.707107
209 1.12519 0.515926 0.5 0.684584 0.177045 -0 0.707107
210 1.12941 0.517037 0.5 0.683013 0.183013 -0 0.707107
211 1.13362 0.518185 0.5 0.68139 0.188966 -0 0.707107
212 1.13782 0.519369 0.5 0.679715 0.194905 -0 0.707107
213 1.14201 0.52059 0.5 0.677988 0.200829 -0 0.707107
214 1.14619 0.521848 0.5 0.67621 0.206738 -0 0.707107
215 1.15035 0.523142 0.5 0.67438 0.212631 -0 0.707107
216 1.15451 0.524472 0.5 0.672499 0.218508 -0 0.707107
217 1.15865 0.525838 0.5 0.670566 0.224368 -0 0.707107
218 1.16278 0.527241 0.5 0.668583 0.230211 -0 0.707107
219 1.1669 0.528679 0.5 0.666548 0.236037 -0 0.707107
220 1.17101 0.530154 0.5 0.664463 0.241845 -0 0.707107
221 1.1751 0.531664 0.5 0.662327 0.247634 -0 0.707107
222 1.17918 0.53321 0.5 0.660141 0.253404 -0 0.707107
223 1.18325 0.534791 0.5 0.657905 0.259155 -0 0.707107
224 1.1873 0.536408 0.5 0.655618 0.264887 -0 0.707107
225 1.19134 0.53806 0.5 0.653282 0.270598 -0 0.707107
226 1.19537 0.539748 0.5 0.650895 0.276289 -0 0.707107
227 1.19937 0.54147 0.5 0.648459 0.281958 -0 0.707107
228 1.20337 0.543227 0.5 0.645974 0.287606 -0 0.707107
229 1.20735 0.545019 0.5 0.64344 0.293232 -0 0.707107
230 1.21131 0.546846 0.5 0.640856 0.298836 -0 0.707107
231 1.21526 0.548707 0.5 0.638224 0.304417 -0 0.707107
232 1.21919 0.550603 0.5 0.635543 0.309975 -0 0.707107
233 1.2231 0.552533 0.5 0.632814 0.31551 -0 0.707107
234 1.227 0.554497 0.5 0.630037 0.32102 -0 0.707107
235 1.23087 0.556495 0.5 0.627211 0.326506 -0 0.707107
236 1.23474 0.558526 0.5 0.624338 0.331967 -0 0.707107
237 1.23858 0.560591 0.5 0.621418 0.337402 -0 0.707107
238 1.2424 0.56269 0.5 0.61845 0.342812 -0 0.707107
239 1.24621 0.564822 0.5 0.615434 0.348196 -0 0.707107
240 1.25 0.566987 0.5 0.612372 0.353553 -0 0.707107
241 1.25377 0.569185 0.5 0.609264 0.358884 -0 0.707107
242 1.25752 0.571416 0.5 0.606109 0.364187 -0 0.707107
243 1.26125 0.57368 0.5 0.602908 0.369462 -0 0.707107
244 1.26496 0.575976 0.5 0.599661 0.37471 -0 0.707107
245 1.26865 0.578304 0.5 0.596368 0.379928 -0 0.707107
246 1.27232 0.580665 0.5 0.59303 0.385118 -0 0.707107
247 1.27597 0.583057 0.5 0.589646 0.390278 -0 0.707107
248 1.2796 0.585481 0.5 0.586218 0.395409 -0 0.707107
249 1.2832 0.587937 0.5 0.582745 0.40051 -0 0.707107
250 1.28679 0.590424 0.5 0.579228 0.40558 -0 0.707107
251 1.29035 0.592942 0.5 0.575667 0.410619 -0 0.707107
252 1.29389 0.595492 0.5 0.572061 0.415627 -0 0.707107
253 1.29741 0.598072 0.5 0.568413 0.420603 -0 0.707107
254 1.30091 0.600682 0.5 0.564721 0.425547 -0 0.707107
255 1.30438 0.603323 0.5 0.560986 0.430459 -0 0.707107
256 1.30783 0.605995 0.5 0.557208 0.435338 -0 0.707107
257 1.31126 0.608696 0.5 0.553388 0.440184 -0 0.707107
258 1.31466 0.611427 0.5 0.549525 0.444997 -0 0.707107
259 1.31804 0.614188 0.5 0.545621 0.449775 -0 0.707107
260 1.32139 0.616978 0.5 0.541675 0.454519 -0 0.707107
261 1.32472 0.619797 0.5 0.537688 0.459229 -0 0.707107
262 1.32803 0.622645 0.5 0.53366 0.463904 -0 0.707107
263 1.33131 0.625522 0.5 0.529592 0.468543 -0 0.707107
264 1.33457 0.628428 0.5 0.525483 0.473147 -0 0.707107
265 1.3378 0.631361 0.5 0.521334 0.477714 -0 0.707107
266 1.341 0.634323 0.5 0.517145 0.482246 -0 0.707107
267 1.34418 0.637313 0.5 0.512917 0.48674 -0 0.707107
268 1.34733 0.64033 0.5 0.50865 0.491198 -0 0.707107
269 1.35045 0.643375 0.5 0.504344 0.495618 -0 0.707107
270 1.35355 0.646447 0.5 0.5 0.5 -0 0.707107
271 1.35663 0.649545 0.5 0.495618 0.504344 -0 0.707107
272 1.35967 0.652671 0.5 0.491198 0.50865 -0 0.707107
273 1.36269 0.655823 0.5 0.48674 0.512917 -0 0.707107
274 1.36568 0.659001 0.5 0.482246 0.517145 -0 0.707107
275 1.36864 0.662205 0.5 0.477714 0.521334 -0 0.707107
276 1.37157 0.665435 0.5 0.473147 0.525483 -0 0.707107
277 1.37448 0.66869 0.5 0.468543 0.529592 -0 0.707107
278 1.37735 0.67197 0.5 0.463904 0.53366 -0 0.707107
279 1.3802 0.675276 0.5 0.459229 0.537688 -0 0.707107
280 1.38302 0.678606 0.5 0.454519 0.541675 -0 0.707107
281 1.38581 0.681961 0.5 0.449775 0.545621 -0 0.707107
282 1.38857 0.68534 0.5 0.444997 0.549525 -0 0.707107
283 1.3913 0.688743 0.5 0.440184 0.553387 -0 0.707107
284 1.39401 0.692169 0.5 0.435338 0.557208 -0 0.707107
285 1.39668 0.695619 0.5 0.430459 0.560986 -0 0.707107
286 1.39932 0.699093 0.5 0.425548 0.564721 -0 0.707107
287 1.40193 0.702589 0.5 0.420603 0.568413 -0 0.707107
288 1.40451 0.706107 0.5 0.415627 0.572061 -0 0.707107
289 1.40706 0.709649 0.5 0.410619 0.575667 -0 0.707107
290 1.40958 0.713212 0.5 0.40558 0.579228 -0 0.707107
291 1.41206 0.716797 0.5 0.40051 0.582745 -0 0.707107
292 1.41452 0.720404 0.5 0.395409 0.586218 -0 0.707107
293 1.41694 0.724032 0.5 0.390278 0.589646 -0 0.707107
294 1.41934 0.727681 0.5 0.385118 0.59303 -0 0.707107
295 1.4217 0.73135 0.5 0.379928 0.596368 -0 0.707107
296 1.42402 0.73504 0.5 0.37471 0.599661 -0 0.707107
297 1.42632 0.738751 0.5 0.369462 0.602908 -0 0.707107
298 1.42858 0.742481 0.5 0.364187 0.606109 -0 0.707107
299 1.43081 0.746231 0.5 0.358884 0.609264 -0 0.707107
300 1.43301 0.75 0.5 0.353553 0.612372 -0 0.707107
301 1.43518 0.753788 0.5 0.348196 0.615434 -0 0.707107
302 1.43731 0.757595 0.5 0.342812 0.61845 -0 0.707107
303 1.43941 0.761421 0.5 0.337402 0.621418 -0 0.707107
304 1.44147 0.765264 0.5 0.331967 0.624338 -0 0.707107
305 1.44351 0.769126 0.5 0.326506 0.627211 -0 0.707107
306 1.4455 0.773005 0.5 0.32102 0.630037 -0 0.707107
307 1.44747 0.776901 0.5 0.315509 0.632814 -0 0.707107
308 1.4494 0.780814 0.5 0.309975 0.635543 -0 0.707107
309 1.45129 0.784744 0.5 0.304417 0.638224 -0 0.707107
310 1.45315 0.788691 0.5 0.298836 0.640856 -0 0.707107
311 1.45498 0.792653 0.5 0.293232 0.64344 -0 0.707107
312 1.45677 0.796632 0.5 0.287606 0.645974 -0 0.707107
313 1.45853 0.800625 0.5 0.281958 0.648459 -0 0.707107
314 1.46025 0.804634 0.5 0.276289 0.650895 -0 0.707107
315 1.46194 0.808658 0.5 0.270598 0.653281 -0 0.707107
316 1.46359 0.812697 0.5 0.264887 0.655618 -0 0.707107
317 1.46521 0.816749 0.5 0.259156 0.657905 -0 0.707107
318 1.46679 0.820816 0.5 0.253404 0.660141 -0 0.707107
319 1.46834 0.824896 0.5 0.247634 0.662327 -0 0.707107
320 1.46985 0.82899 0.5 0.241845 0.664463 -0 0.707107
321 1.47132 0.833097 0.5 0.236037 0.666548 -0 0.707107
322 1.47276 0.837216 0.5 0.230211 0.668583 -0 0.707107
323 1.47416 0.841348 0.5 0.224368 0.670566 -0 0.707107
324 1.47553 0.845492 0.5 0.218508 0.672499 -0 0.707107
325 1.47686 0.849647 0.5 0.212631 0.67438 -0 0.707107
326 1.47815 0.853814 0.5 0.206738 0.67621 -0 0.707107
327 1.47941 0.857992 0.5 0.200829 0.677988 -0 0.707107
328 1.48063 0.862181 0.5 0.194905 0.679715 -0 0.707107
329 1.48182 0.866381 0.5 0.188966 0.68139 -0 0.707107
330 1.48296 0.87059 0.5 0.183013 0.683013 -0 0.707107
331 1.48407 0.87481 0.5 0.177045 0.684584 -0 0.707107
332 1.48515 0.879039 0.5 0.171065 0.686103 -0 0.707107
333 1.48618 0.883277 0.5 0.165071 0.687569 -0 0.707107
334 1.48719 0.887524 0.5 0.159064 0.688984 -0 0.707107
335 1.48815 0.89178 0.5 0.153046 0.690346 -0 0.707107
336 1.48907 0.896044 0.5 0.147016 0.691655 -0 0.707107
337 1.48996 0.900316 0.5 0.140974 0.692911 -0 0.707107
338 1.49081 0.904595 0.5 0.134922 0.694115 -0 0.707107
339 1.49163 0.908882 0.5 0.12886 0.695266 -0 0.707107
340 1.4924 0.913176 0.5 0.122788 0.696364 -0 0.707107
341 1.49314 0.917476 0.5 0.116706 0.697409 -0 0.707107
342 1.49384 0.921783 0.5 0.110616 0.698401 -0 0.707107
343 1.49451 0.926095 0.5 0.104517 0.69934 -0 0.707107
344 1.49513 0.930413 0.5 0.0984102 0.700225 -0 0.707107
345 1.49572 0.934737 0.5 0.092296 0.701057 -0 0.707107
346 1.49627 0.939065 0.5 0.0861746 0.701836 -0 0.707107
347 1.49679 0.943398 0.5 0.0800468 0.702561 -0 0.707107
348 1.49726 0.947736 0.5 0.0739128 0.703233 -0 0.707107
349 1.4977 0.952077 0.5 0.0677732 0.703851 -0 0.707107
350 1.4981 0.956422 0.5 0.0616285 0.704416 -0 0.707107
351 1.49846 0.96077 0.5 0.0554789 0.704927 -0 0.707107
352 1.49878 0.965122 0.5 0.0493252 0.705384 -0 0.707107
353 1.49907 0.969476 0.5 0.0431679 0.705788 -0 0.707107
354 1.49931 0.973832 0.5 0.0370071 0.706138 -0 0.707107
355 1.49952 0.97819 0.5 0.0308436 0.706434 -0 0.707107
356 1.4997 0.98255 0.5 0.0246777 0.706676 -0 0.707107
357 1.49983 0.986912 0.5 0.0185099 0.706864 -0 0.707107
358 1.49992 0.991274 0.5 0.0123408 0.706999 -0 0.707107
359 1.49998 0.995637 0.5 0.00617063 0.70708 -0 0.707107
360 1.5 1 0.5 -0 0.707107 -0 0.707107
361 1.49998 1.00436 0.5 -0.00617047 0.70708 -0 0.707107
362 1.49992 1.00873 0.5 -0.0123406 0.706999 -0 0.707107
363 1.49983 1.01309 0.5 -0.0185099 0.706864 -0 0.707107
364 1.4997 1.01745 0.5 -0.0246777 0.706676 -0 0.707107
365 1.49952 1.02181 0.5 -0.0308436 0.706434 -0 0.707107
366 1.49931 1.02617 0.5 -0.0370071 0.706138 -0 0.707107
367 1.49907 1.03052 0.5 -0.0431678 0.705788 -0 0.707107
368 1.49878 1.03488 0.5 -0.0493253 0.705384 -0 0.707107
369 1.49846 1.03923 0.5 -0.0554791 0.704927 -0 0.707107
370 1.4981 1.04358 0.5 -0.0616283 0.704416 -0 0.707107
371 1.4977 1.04792 0.5 -0.0677731 0.703851 -0 0.707107
372 1.49726 1.05226 0.5 -0.0739128 0.703233 -0 0.707107
373 1.49679 1.0566 0.5 -0.0800466 0.702561 -0 0.707107
374 1.49627 1.06093 0.5 -0.0861746 0.701836 -0 0.707107
375 1.49572 1.06526 0.5 -0.0922959 0.701057 -0 0.707107
376 1.49513 1.06959 0.5 -0.0984103 0.700225 -0 0.707107
377 1.49451 1.0739 0.5 -0.104517 0.69934 -0 0.707107
378 1.49384 1.07822 0.5 -0.110616 0.698401 -0 0.707107
379 1.49314 1.08252 0.5 -0.116706 0.697409 -0 0.707107
380 1.4924 1.08682 0.5 -0.122788 0.696364 -0 0.707107
381 1.49163 1.09112 0.5 -0.12886 0.695266 -0 0.707107
382 1.49081 1.0954 0.5 -0.134922 0.694115 -0 0.707107
383 1.48996 1.09968 0.5 -0.140974 0.692911 -0 0.707107
384 1.48907 1.10396 0.5 -0.147016 0.691655 -0 0.707107
385 1.48815 1.10822 0.5 -0.153046 0.690346 -0 0.707107
386 1.48719 1.11248 0.5 -0.159064 0.688984 -0 0.707107
387 1.48618 1.11672 0.5 -0.165071 0.687569 -0 0.707107
388 1.48515 1.12096 0.5 -0.171065 0.686103 -0 0.707107
389 1.48407 1.12519 0.5 -0.177045 0.684584 -0 0.707107
390 1.48296 1.12941 0.5 -0.183013 0.683013 -0 0.707107
391 1.48182 1.13362 0.5 -0.188966 0.68139 -0 0.707107
392 1.48063 1.13782 0.5 -0.194905 0.679715 -0 0.707107
393 1.47941 1.14201 0.5 -0.200829 0.677988 -0 0.707107
394 1.47815 1.14619 0.5 -0.206738 0.67621 -0 0.707107
395 1.47686 1.15035 0.5 -0.212631 0.67438 -0 0.707107
396 1.47553 1.15451 0.5 -0.218508 0.672499 -0 0.707107
397 1.47416 1.15865 0.5 -0.224368 0.670566 -0 0.707107
398 1.47276 1.16278 0.5 -0.230211 0.668583 -0 0.707107
399 1.47132 1.1669 0.5 -0.236037 0.666548 -0 0.707107
400 1.46985 1.17101 0.5 -0.241845 0.664463 -0 0.707107
401 1.46834 1.1751 0.5 -0.247634 0.662327 -0 0.707107
402 1.46679 1.17918 0.5 -0.253404 0.660141 -0 0.707107
403 1.46521 1.18325 0.5 -0.259155 0.657905 -0 0.707107
404 1.46359 1.1873 0.5 -0.264887 0.655618 -0 0.707107
405 1.46194 1.19134 0.5 -0.270598 0.653282 -0 0.707107
406 1.46025 1.19537 0.5 -0.276289 0.650895 -0 0.707107
407 1.45853 1.19937 0.5 -0.281958 0.648459 -0 0.707107
408 1.45677 1.20337 0.5 -0.287606 0.645974 -0 0.707107
409 1.45498 1.20735 0.5 -0.293232 0.64344 -0 0.707107
410 1.45315 1.21131 0.5 -0.298836 0.640856 -0 0.707107
411 1.45129 1.21526 0.5 -0.304417 0.638224 -0 0.707107
412 1.4494 1.21919 0.5 -0.309975 0.635543 -0 0.707107
413 1.44747 1.2231 0.5 -0.31551 0.632814 -0 0.707107
414 1.4455 1.227 0.5 -0.32102 0.630037 -0 0.707107
415 1.44351 1.23087 0.5 -0.326506 0.627211 -0 0.707107
416 1.44147 1.23474 0.5 -0.331967 0.624338 -0 0.707107
417 1.43941 1.23858 0.5 -0.337402 0.621418 -0 0.707107
418 1.43731 1.2424 0.5 -0.342812 0.61845 -0 0.707107
419 1.43518 1.24621 0.5 -0.348196 0.615434 -0 0.707107
420 1.43301 1.25 0.5 -0.353553 0.612372 -0 0.707107
421 1.43081 1.25377 0.5 -0.358884 0.609264 -0 0.707107
422 1.42858 1.25752 0.5 -0.364187 0.606109 -0 0.707107
423 1.42632 1.26125 0.5 -0.369462 0.602908 -0 0.707107
424 1.42402 1.26496 0.5 -0.37471 0.599661 -0 0.707107
425 1.4217 1.26865 0.5 -0.379928 0.596368 -0 0.707107
426 1.41934 1.27232 0.5 -0.385118 0.59303 -0 0.707107
427 1.41694 1.27597 0.5 -0.390278 0.589646 -0 0.707107
428 1.41452 1.2796 0.5 -0.395409 0.586218 -0 0.707107
429 1.41206 1.2832 0.5 -0.40051 0.582745 -0 0.707107
430 1.40958 1.28679 0.5 -0.40558 0.579228 -0 0.707107
431 1.40706 1.29035 0.5 -0.410619 0.575667 -0 0.707107
432 1.40451 1.29389 0.5 -0.415627 0.572061 -0 0.707107
433 1.40193 1.29741 0.5 -0.420603 0.568413 -0 0.707107
434 1.39932 1.30091 0.5 -0.425547 0.564721 -0 0.707107
435 1.39668 1.30438 0.5 -0.430459 0.560986 -0 0.707107
436 1.39401 1.30783 0.5 -0.435339 0.557208 -0 0.707107
437 1.3913 1.31126 0.5 -0.440184 0.553388 -0 0.707107
438 1.38857 1.31466 0.5 -0.444997 0.549525 -0 0.707107
439 1.38581 1.31804 0.5 -0.449775 0.545621 -0 0.707107
440 1.38302 1.32139 0.5 -0.454519 0.541675 -0 0.707107
441 1.3802 1.32472 0.5 -0.459229 0.537688 -0 0.707107
442 1.37735 1.32803 0.5 -0.463904 0.53366 -0 0.707107
443 1.37448 1.33131 0.5 -0.468543 0.529592 -0 0.707107
444 1.37157 1.33457 0.5 -0.473147 0.525483 -0 0.707107
445 1.36864 1.3378 0.5 -0.477714 0.521334 -0 0.707107
446 1.36568 1.341 0.5 -0.482246 0.517145 -0 0.707107
447 1.36269 1.34418 0.5 -0.48674 0.512917 -0 0.707107
448 1.35967 1.34733 0.5 -0.491198 0.50865 -0 0.707107
449 1.35663 1.35045 0.5 -0.495618 0.504344 -0 0.707107
450 1.35355 1.35355 0.5 -0.5 0.5 -0 0.707107
451 1.35045 1.35663 0.5 -0.504344 0.495618 -0 0.707107
452 1.34733 1.35967 0.5 -0.50865 0.491198 -0 0.707107
453 1.34418 1.36269 0.5 -0.512917 0.48674 -0 0.707107
454 1.341 1.36568 0.5 -0.517145 0.482246 -0 0.707107
455 1.3378 1.36864 0.5 -0.521334 0.477714 -0 0.707107
456 1.33457 1.37157 0.5 -0.525483 0.473147 -0 0.707107
457 1.33131 1.37448 0.5 -0.529592 0.468543 -0 0.707107
458 1.32803 1.37735 0.5 -0.53366 0.463904 -0 0.707107
459 1.32472 1.3802 0.5 -0.537688 0.459229 -0 0.707107
460 1.32139 1.38302 0.5 -0.541675 0.454519 -0 0.707107
461 1.31804 1.38581 0.5 -0.545621 0.449775 -0 0.707107
462 1.31466 1.38857 0.5 -0.549525 0.444997 -0 0.707107
463 1.31126 1.3913 0.5 -0.553388 0.440184 -0 0.707107
464 1.30783 1.39401 0.5 -0.557208 0.435339 -0 0.707107
465 1.30438 1.39668 0.5 -0.560986 0.430459 -0 0.707107
466 1.30091 1.39932 0.5 -0.564721 0.425547 -0 0.707107
467 1.29741 1.40193 0.5 -0.568413 0.420603 -0 0.707107
468 1.29389 1.40451 0.5 -0.572061 0.415627 -0 0.707107
469 1.29035 1.40706 0.5 -0.575667 0.410619 -0 0.707107
470 1.28679 1.40958 0.5 -0.579228 0.40558 -0 0.707107
471 1.2832 1.41206 0.5 -0.582745 0.40051 -0 0.707107
472 1.2796 1.41452 0.5 -0.586218 0.395409 -0 0.707107
473 1.27597 1.41694 0.5 -0.589646 0.390278 -0 0.707107
474 1.27232 1.41934 0.5 -0.59303 0.385118 -0 0.707107
475 1.26865 1.4217 0.5 -0.596368 0.379928 -0 0.707107
476 1.26496 1.42402 0.5 -0.599661 0.37471 -0 0.707107
477 1.26125 1.42632 0.5 -0.602908 0.369462 -0 0.707107
478 1.25752 1.42858 0.5 -0.606109 0.364187 -0 0.707107
479 1.25377 1.43081 0.5 -0.609264 0.358884 -0 0.707107
480 1.25 1.43301 0.5 -0.612372 0.353553 -0 0.707107
481 1.24621 1.43518 0.5 -0.615434 0.348196 -0 0.707107
482 1.2424 1.43731 0.5 -0.61845 0.342812 -0 0.707107
483 1.23858 1.43941 0.5 -0.621418 0.337402 -0 0.707107
484 1.23474 1.44147 0.5 -0.624338 0.331967 -0 0.707107
485 1.23087 1.44351 0.5 -0.627211 0.326506 -0 0.707107
486 1.227 1.4455 0.5 -0.630037 0.32102 -0 0.707107
487 1.2231 1.44747 0.5 -0.632814 0.31551 -0 0.707107
488 1.21919 1.4494 0.5 -0.635543 0.309975 -0 0.707107
489 1.21526 1.45129 0.5 -0.638224 0.304417 -0 0.707107
490 1.21131 1.45315 0.5 -0.640856 0.298836 -0 0.707107
491 1.20735 1.45498 0.5 -0.64344 0.293232 -0 0.707107
492 1.20337 1.45677 0.5 -0.645974 0.287606 -0 0.707107
493 1.19937 1.45853 0.5 -0.648459 0.281958 -0 0.707107
494 1.19537 1.46025 0.5 -0.650895 0.276289 -0 0.707107
495 1.19134 1.46194 0.5 -0.653282 0.270598 -0 0.707107
496 1.1873 1.46359 0.5 -0.655618 0.264887 -0 0.707107
497 1.18325 1.46521 0.5 -0.657905 0.259155 -0 0.707107
498 1.17918 1.46679 0.5 -0.660141 0.253404 -0 0.707107
499 1.1751 1.46834 0.5 -0.662327 0.247634 -0 0.707107
500 1.17101 1.46985 0.5 -0.664463 0.241845 -0 0.707107
501 1.1669 1.47132 0.5 -0.666548 0.236037 -0 0.707107
502 1.16278 1.47276 0.5 -0.668583 0.230211 -0 0.707107
503 1.15865 1.47416 0.5 -0.670566 0.224368 -0 0.707107
504 1.15451 1.47553 0.5 -0.672499 0.218508 -0 0.707107
505 1.15035 1.47686 0.5 -0.67438 0.212631 -0 0.707107
506 1.14619 1.47815 0.5 -0.67621 0.206738 -0 0.707107
507 1.14201 1.47941 0.5 -0.677988 0.200829 -0 0.707107
508 1.13782 1.48063 0.5 -0.679715 0.194905 -0 0.707107
509 1.13362 1.48182 0.5 -0.68139 0.188966 -0 0.707107
510 1.12941 1.48296 0.5 -0.683013 0.183013 -0 0.707107
511 1.12519 1.48407 0.5 -0.684584 0.177045 -0 0.707107
512 1.12096 1.48515 0.5 -0.686103 0.171065 -0 0.707107
513 1.11672 1.48618 0.5 -0.687569 0.165071 -0 0.707107
514 1.11248 1.48719 0.5 -0.688984 0.159064 -0 0.707107
515 1.10822 1.48815 0.5 -0.690346 0.153046 -0 0.707107
516 1.10396 1.48907 0.5 -0.691655 0.147016 -0 0.707107
517 1.09968 1.48996 0.5 -0.692911 0.140974 -0 0.707107
518 1.0954 1.49081 0.5 -0.694115 0.134922 -0 0.707107
519 1.09112 1.49163 0.5 -0.695266 0.12886 -0 0.707107
520 1.08682 1.4924 0.5 -0.696364 0.122788 -0 0.707107
521 1.08252 1.49314 0.5 -0.697409 0.116706 -0 0.707107
522 1.07822 1.49384 0.5 -0.698401 0.110616 -0 0.707107
523 1.0739 1.49451 0.5 -0.69934 0.104517 -0 0.707107
524 1.06959 1.49513 0.5 -0.700225 0.0984103 -0 0.707107
525 1.06526 1.49572 0.5 -0.701057 0.0922959 -0 0.707107
526 1.06093 1.49627 0.5 -0.701836 0.0861746 -0 0.707107
527 1.0566 1.49679 0.5 -0.702561 0.0800466 -0 0.707107
528 1.05226 1.49726 0.5 -0.703233 0.0739128 -0 0.707107
529 1.04792 1.4977 0.5 -0.703851 0.0677731 -0 0.707107
530 1.04358 1.4981 0.5 -0.704416 0.0616283 -0 0.707107
531 1.03923 1.49846 0.5 -0.704927 0.0554791 -0 0.707107
532 1.03488 1.49878 0.5 -0.705384 0.0493253 -0 0.707107
533 1.03052 1.49907 0.5 -0.705788 0.0431678 -0 0.707107
534 1.02617 1.49931 0.5 -0.706138 0.0370071 -0 0.707107
535 1.02181 1.49952 0.5 -0.706434 0.0308436 -0 0.707107
536 1.01745 1.4997 0.5 -0.706676 0.0246777 -0 0.707107
537 1.01309 1.49983 0.5 -0.706864 0.0185099 -0 0.707107
538 1.00873 1.49992 0.5 -0.706999 0.0123406 -0 0.707107
539 1.00436 1.49998 0.5 -0.70708 0.00617047 -0 0.707107
540 1 1.5 0.5 -0.707107 0 -0 0.707107
541 0.995637 1.49998 0.5 -0.70708 -0.00617063 0 0.707107
542 0.991274 1.49992 0.5 -0.706999 -0.0123408 0 0.707107
543 0.986912 1.49983 0.5 -0.706864 -0.0185099 0 0.707107
544 0.98255 1.4997 0.5 -0.706676 -0.0246777 0 0.707107
545 0.97819 1.49952 0.5 -0.706434 -0.0308436 0 0.707107
546 0.973832 1.49931 0.5 -0.706138 -0.0370071 0 0.707107
547 0.969476 1.49907 0.5 -0.705788 -0.0431679 0 0.707107
548 0.965122 1.49878 0.5 -0.705384 -0.0493252 0 0.707107
549 0.96077 1.49846 0.5 -0.704927 -0.0554789 0 0.707107
550 0.956422 1.4981 0.5 -0.704416 -0.0616285 0 0.707107
551 0.952077 1.4977 0.5 -0.703851 -0.0677732 0 0.707107
552 0.947736 1.49726 0.5 -0.703233 -0.0739128 0 0.707107
553 0.943398 1.49679 0.5 -0.702561 -0.0800468 0 0.707107
554 0.939065 1.49627 0.5 -0.701836 -0.0861746 0 0.707107
555 0.934737 1.49572 0.5 -0.701057 -0.092296 0 0.707107
556 0.930413 1.49513 0.5 -0.700225 -0.0984102 0 0.707107
557 0.926095 1.49451 0.5 -0.69934 -0.104517 0 0.707107
558 0.921783 1.49384 0.5 -0.698401 -0.110616 0 0.707107
559 0.917476 1.49314 0.5 -0.697409 -0.116706 0 0.707107
560 0.913176 1.4924 0.5 -0.696364 -0.122788 0 0.707107
561 0.908882 1.49163 0.5 -0.695266 -0.12886 0 0.707107
562 0.904595 1.49081 0.5 -0.694115 -0.134922 0 0.707107
563 0.900316 1.48996 0.5 -0.692911 -0.140974 0 0.707107
564 0.896044 1.48907 0.5 -0.691655 -0.147016 0 0.707107
565 0.89178 1.48815 0.5 -0.690346 -0.153046 0 0.707107
566 0.887524 1.48719 0.5 -0.688984 -0.159064 0 0.707107
567 0.883277 1.48618 0.5 -0.687569 -0.165071 0 0.707107
568 0.879039 1.48515 0.5 -0.686103 -0.171065 0 0.707107
569 0.87481 1.48407 0.5 -0.684584 -0.177045 0 0.707107
570 0.87059 1.48296 0.5 -0.683013 -0.183013 0 0.707107
571 0.866381 1.48182 0.5 -0.68139 -0.188966 0 0.707107
572 0.862181 1.48063 0.5 -0.679715 -0.194905 0 0.707107
573 0.857992 1.47941 0.5 -0.677988 -0.200829 0 0.707107
574 0.853814 1.47815 0.5 -0.67621 -0.206738 0 0.707107
575 0.849647 1.47686 0.5 -0.67438 -0.212631 0 0.707107
576 0.845492 1.47553 0.5 -0.672499 -0.218508 0 0.707107
577 0.841348 1.47416 0.5 -0.670566 -0.224368 0 0.707107
578 0.837216 1.47276 0.5 -0.668583 -0.230211 0 0.707107
579 0.833097 1.47132 0.5 -0.666548 -0.236037 0 0.707107
580 0.82899 1.46985 0.5 -0.664463 -0.241845 0 0.707107
581 0.824896 1.46834 0.5 -0.662327 -0.247634 0 0.707107
582 0.820816 1.46679 0.5 -0.660141 -0.253404 0 0.707107
583 0.816749 1.46521 0.5 -0.657905 -0.259156 0 0.707107
584 0.812697 1.46359 0.5 -0.655618 -0.264887 0 0.707107
585 0.808658 1.46194 0.5 -0.653281 -0.270598 0 0.707107
586 0.804634 1.46025 0.5 -0.650895 -0.276289 0 0.707107
587 0.800625 1.45853 0.5 -0.648459 -0.281958 0 0.707107
588 0.796632 1.45677 0.5 -0.645974 -0.287606 0 0.707107
589 0.792653 1.45498 0.5 -0.64344 -0.293232 0 0.707107
590 0.788691 1.45315 0.5 -0.640856 -0.298836 0 0.707107
591 0.784744 1.45129 0.5 -0.638224 -0.304417 0 0.707107
592 0.780814 1.4494 0.5 -0.635543 -0.309975 0 0.707107
593 0.776901 1.44747 0.5 -0.632814 -0.315509 0 0.707107
594 0.773005 1.4455 0.5 -0.630037 -0.32102 0 0.707107
595 0.769126 1.44351 0.5 -0.627211 -0.326506 0 0.707107
596 0.765264 1.44147 0.5 -0.624338 -0.331967 0 0.707107
597 0.761421 1.43941 0.5 -0.621418 -0.337402 0 0.707107
598 0.757595 1.43731 0.5 -0.61845 -0.342812 0 0.707107
599 0.753788 1.43518 0.5 -0.615434 -0.348196 0 0.707107
600 0.75 1.43301 0.5 -0.612372 -0.353553 0 0.707107
601 0.746231 1.43081 0.5 -0.609264 -0.358884 0 0.707107
602 0.742481 1.42858 0.5 -0.606109 -0.364187 0 0.707107
603 0.738751 1.42632 0.5 -0.602908 -0.369462 0 0.707107
604 0.73504 1.42402 0.5 -0.599661 -0.37471 0 0.707107
605 0.73135 1.4217 0.5 -0.596368 -0.379928 0 0.707107
606 0.727681 1.41934 0.5 -0.59303 -0.385118 0 0.707107
607 0.724032 1.41694 0.5 -0.589646 -0.390278 0 0.707107
608 0.720404 1.41452 0.5 -0.586218 -0.395409 0 0.707107
609 0.716797 1.41206 0.5 -0.582745 -0.40051 0 0.707107
610 0.713212 1.40958 0.5 -0.579228 -0.40558 0 0.707107
611 0.709649 1.40706 0.5 -0.575667 -0.410619 0 0.707107
612 0.706107 1.40451 0.5 -0.572061 -0.415627 0 0.707107
613 0.702589 1.40193 0.5 -0.568413 -0.420603 0 0.707107
614 0.699093 1.39932 0.5 -0.564721 -0.425548 0 0.707107
615 0.695619 1.39668 0.5 -0.560986 -0.430459 0 0.707107
616 0.692169 1.39401 0.5 -0.557208 -0.435338 0 0.707107
617 0.688743 1.3913 0.5 -0.553387 -0.440184 0 0.707107
618 0.68534 1.38857 0.5 -0.549525 -0.444997 0 0.707107
619 0.681961 1.38581 0.5 -0.545621 -0.449775 0 0.707107
620 0.678606 1.38302 0.5 -0.541675 -0.454519 0 0.707107
621 0.675276 1.3802 0.5 -0.537688 -0.459229 0 0.707107
622 0.67197 1.37735 0.5 -0.53366 -0.463904 0 0.707107
623 0.66869 1.37448 0.5 -0.529592 -0.468543 0 0.707107
624 0.665435 1.37157 0.5 -0.525483 -0.473147 0 0.707107
625 0.662205 1.36864 0.5 -0.521334 -0.477714 0 0.707107
626 0.659001 1.36568 0.5 -0.517145 -0.482246 0 0.707107
627 0.655823 1.36269 0.5 -0.512917 -0.48674 0 0.707107
628 0.652671 1.35967 0.5 -0.50865 -0.491198 0 0.707107
629 0.649545 1.35663 0.5 -0.504344 -0.495618 0 0.707107
630 0.646447 1.35355 0.5 -0.5 -0.5 0 0.707107
631 0.643375 1.35045 0.5 -0.495618 -0.504344 0 0.707107
632 0.64033 1.34733 0.5 -0.491198 -0.50865 0 0.707107
633 0.637313 1.34418 0.5 -0.48674 -0.512917 0 0.707107
634 0.634323 1.341 0.5 -0.482246 -0.517145 0 0.707107
635 0.631361 1.3378 0.5 -0.477714 -0.521334 0 0.707107
636 0.628428 1.33457 0.5 -0.473147 -0.525483 0 0.707107
637 0.625522 1.33131 0.5 -0.468543 -0.529592 0 0.707107
638 0.622645 1.32803 0.5 -0.463904 -0.53366 0 0.707107
639 0.619797 1.32472 0.5 -0.459229 -0.537688 0 0.707107
640 0.616978 1.32139 0.5 -0.454519 -0.541675 0 0.707107
641 0.614188 1.31804 0.5 -0.449775 -0.545621 0 0.707107
642 0.611427 1.31466 0.5 -0.444997 -0.549525 0 0.707107
643 0.608696 1.31126 0.5 -0.440184 -0.553388 0 0.707107
644 0.605995 1.30783 0.5 -0.435338 -0.557208 0 0.707107
645 0.603323 1.30438 0.5 -0.430459 -0.560986 0 0.707107
646 0.600682 1.30091 0.5 -0.425547 -0.564721 0 0.707107
647 0.598072 1.29741 0.5 -0.420603 -0.568413 0 0.707107
648 0.595492 1.29389 0.5 -0.415627 -0.572061 0 0.707107
649 0.592942 1.29035 0.5 -0.410619 -0.575667 0 0.707107
650 0.590424 1.28679 0.5 -0.40558 -0.579228 0 0.707107
651 0.587937 1.2832 0.5 -0.40051 -0.582745 0 0.707107
652 0.585481 1.2796 0.5 -0.395409 -0.586218 0 0.707107
653 0.583057 1.27597 0.5 -0.390278 -0.589646 0 0.707107
654 0.580665 1.27232 0.5 -0.385118 -0.59303 0 0.707107
655 0.578304 1.26865 0.5 -0.379928 -0.596368 0 0.707107
656 0.575976 1.26496 0.5 -0.37471 -0.599661 0 0.707107
657 0.57368 1.26125 0.5 -0.369462 -0.602908 0 0.707107
658 0.571416 1.25752 0.5 -0.364187 -0.606109 0 0.707107
659 0.569185 1.25377 0.5 -0.358884 -0.609264 0 0.707107
660 0.566987 1.25 0.5 -0.353553 -0.612372 0 0.707107
661 0.564822 1.24621 0.5 -0.348196 -0.615434 0 0.707107
662 0.56269 1.2424 0.5 -0.342812 -0.61845 0 0.707107
663 0.560591 1.23858 0.5 -0.337402 -0.621418 0 0.707107
664 0.558526 1.23474 0.5 -0.331967 -0.624338 0 0.707107
665 0.556495 1.23087 0.5 -0.326506 -0.627211 0 0.707107
666 0.554497 1.227 0.5 -0.32102 -0.630037 0 0.707107
667 0.552533 1.2231 0.5 -0.31551 -0.632814 0 0.707107
668 0.550603 1.21919 0.5 -0.309975 -0.635543 0 0.707107
669 0.548707 1.21526 0.5 -0.304417 -0.638224 0 0.707107
670 0.546846 1.21131 0.5 -0.298836 -0.640856 0 0.707107
671 0.545019 1.20735 0.5 -0.293232 -0.64344 0 0.707107
672 0.543227 1.20337 0.5 -0.287606 -0.645974 0 0.707107
673 0.54147 1.19937 0.5 -0.281958 -0.648459 0 0.707107
674 0.539748 1.19537 0.5 -0.276289 -0.650895 0 0.707107
675 0.53806 1.19134 0.5 -0.270598 -0.653282 0 0.707107
676 0.536408 1.1873 0.5 -0.264887 -0.655618 0 0.707107
677 0.534791 1.18325 0.5 -0.259155 -0.657905 0 0.707107
678 0.53321 1.17918 0.5 -0.253404 -0.660141 0 0.707107
679 0.531664 1.1751 0.5 -0.247634 -0.662327 0 0.707107
680 0.530154 1.17101 0.5 -0.241845 -0.664463 0 0.707107
681 0.528679 1.1669 0.5 -0.236037 -0.666548 0 0.707107
682 0.527241 1.16278 0.5 -0.230211 -0.668583 0 0.707107
683 0.525838 1.15865 0.5 -0.224368 -0.670566 0 0.707107
684 0.524472 1.15451 0.5 -0.218508 -0.672499 0 0.707107
685 0.523142 1.15035 0.5 -0.212631 -0.67438 0 0.707107
686 0.521848 1.14619 0.5 -0.206738 -0.67621 0 0.707107
687 0.52059 1.14201 0.5 -0.200829 -0.677988 0 0.707107
688 0.519369 1.13782 0.5 -0.194905 -0.679715 0 0.707107
689 0.518185 1.13362 0.5 -0.188966 -0.68139 0 0.707107
690 0.517037 1.12941 0.5 -0.183013 -0.683013 0 0.707107
691 0.515926 1.12519 0.5 -0.177045 -0.684584 0 0.707107
692 0.514852 1.12096 0.5 -0.171065 -0.686103 0 0.707107
693 0.513815 1.11672 0.5 -0.165071 -0.687569 0 0.707107
694 0.512815 1.11248 0.5 -0.159064 -0.688984 0 0.707107
695 0.511852 1.10822 0.5 -0.153046 -0.690346 0 0.707107
696 0.510926 1.10396 0.5 -0.147016 -0.691655 0 0.707107
697 0.510038 1.09968 0.5 -0.140974 -0.692911 0 0.707107
698 0.509186 1.0954 0.5 -0.134922 -0.694115 0 0.707107
699 0.508373 1.09112 0.5 -0.12886 -0.695266 0 0.707107
700 0.507596 1.08682 0.5 -0.122788 -0.696364 0 0.707107
701 0.506857 1.08252 0.5 -0.116706 -0.697409 0 0.707107
702 0.506156 1.07822 0.5 -0.110616 -0.698401 0 0.707107
703 0.505492 1.0739 0.5 -0.104517 -0.69934 0 0.707107
704 0.504866 1.06959 0.5 -0.0984104 -0.700225 0 0.707107
705 0.504278 1.06526 0.5 -0.0922959 -0.701057 0 0.707107
706 0.503727 1.06093 0.5 -0.0861746 -0.701836 0 0.707107
707 0.503214 1.0566 0.5 -0.0800466 -0.702561 0 0.707107
708 0.502739 1.05226 0.5 -0.0739128 -0.703233 0 0.707107
709 0.502302 1.04792 0.5 -0.0677731 -0.703851 0 0.707107
710 0.501903 1.04358 0.5 -0.0616283 -0.704416 0 0.707107
711 0.501541 1.03923 0.5 -0.0554791 -0.704927 0 0.707107
712 0.501218 1.03488 0.5 -0.0493253 -0.705384 0 0.707107
713 0.500933 1.03052 0.5 -0.0431678 -0.705788 0 0.707107
714 0.500685 1.02617 0.5 -0.0370071 -0.706138 0 0.707107
715 0.500476 1.02181 0.5 -0.0308436 -0.706434 0 0.707107
716 0.500305 1.01745 0.5 -0.0246777 -0.706676 0 0.707107
717 0.500171 1.01309 0.5 -0.0185099 -0.706864 0 0.707107
718 0.500076 1.00873 0.5 -0.0123406 -0.706999 0 0.707107
719 0.500019 1.00436 0.5 -0.00617047 -0.70708 0 0.707107
