1311875813.3484 1.2718 3.0179 1.5284 -0.6599 -0.0565 -0.0667 0.7463
1311875813.3518 1.2707 3.0179 1.5287 -0.6589 -0.0571 -0.0647 0.7473
1311875813.3551 1.2698 3.0178 1.5289 -0.6584 -0.0575 -0.0630 0.7479
1311875813.3585 1.2688 3.0177 1.5290 -0.6580 -0.0576 -0.0612 0.7483
1311875813.3617 1.2678 3.0177 1.5292 -0.6576 -0.0580 -0.0597 0.7488
1311875813.3651 1.2668 3.0178 1.5294 -0.6569 -0.0584 -0.0580 0.7495
1311875813.3685 1.2659 3.0173 1.5298 -0.6571 -0.0592 -0.0550 0.7495
1311875813.3716 1.2657 3.0153 1.5288 -0.6619 -0.0645 -0.0530 0.7449
1311875813.3751 1.2646 3.0155 1.5290 -0.6608 -0.0649 -0.0512 0.7460
1311875813.3784 1.2632 3.0168 1.5302 -0.6563 -0.0623 -0.0484 0.7504
1311875813.3818 1.2626 3.0157 1.5294 -0.6590 -0.0656 -0.0474 0.7478
1311875813.3851 1.2616 3.0158 1.5296 -0.6580 -0.0660 -0.0456 0.7487
1311875813.3884 1.2604 3.0163 1.5304 -0.6557 -0.0649 -0.0430 0.7510
1311875813.3917 1.2596 3.0159 1.5304 -0.6560 -0.0663 -0.0406 0.7507
1311875813.3951 1.2585 3.0155 1.5305 -0.6562 -0.0673 -0.0387 0.7506
1311875813.3984 1.2576 3.0153 1.5305 -0.6561 -0.0684 -0.0366 0.7507
1311875813.4016 1.2566 3.0150 1.5306 -0.6560 -0.0697 -0.0346 0.7508
1311875813.4050 1.2560 3.0148 1.5305 -0.6561 -0.0704 -0.0322 0.7507
1311875813.4084 1.2548 3.0146 1.5306 -0.6558 -0.0716 -0.0310 0.7509
1311875813.4117 1.2540 3.0142 1.5305 -0.6560 -0.0725 -0.0293 0.7507
1311875813.4150 1.2531 3.0139 1.5305 -0.6562 -0.0727 -0.0276 0.7506
1311875813.4183 1.2522 3.0136 1.5304 -0.6565 -0.0737 -0.0255 0.7502
1311875813.4217 1.2513 3.0131 1.5303 -0.6570 -0.0743 -0.0237 0.7499
1311875813.4250 1.2501 3.0127 1.5302 -0.6574 -0.0753 -0.0224 0.7495
1311875813.4283 1.2494 3.0124 1.5301 -0.6566 -0.0755 -0.0209 0.7502
1311875813.4318 1.2487 3.0120 1.5299 -0.6587 -0.0763 -0.0188 0.7483
1311875813.4350 1.2477 3.0119 1.5297 -0.6577 -0.0770 -0.0164 0.7492
1311875813.4384 1.2466 3.0112 1.5298 -0.6581 -0.0775 -0.0155 0.7488
1311875813.4417 1.2459 3.0109 1.5297 -0.6601 -0.0783 -0.0134 0.7469
1311875813.4450 1.2447 3.0103 1.5296 -0.6597 -0.0791 -0.0121 0.7473
1311875813.4484 1.2437 3.0098 1.5295 -0.6605 -0.0797 -0.0104 0.7465
1311875813.4551 1.2424 3.0088 1.5292 -0.6634 -0.0808 -0.0069 0.7439
1311875813.4584 1.2415 3.0083 1.5291 -0.6641 -0.0813 -0.0052 0.7432
1311875813.4618 1.2405 3.0076 1.5289 -0.6653 -0.0820 -0.0034 0.7421
1311875813.4651 1.2396 3.0069 1.5287 -0.6666 -0.0830 -0.0018 0.7408
1311875813.4685 1.2388 3.0063 1.5286 -0.6674 -0.0837 -0.0005 0.7399
1311875813.4718 1.2381 3.0057 1.5285 -0.6681 -0.0844 0.0012 0.7393
1311875813.4751 1.2371 3.0050 1.5284 -0.6691 -0.0849 0.0029 0.7383
1311875813.4818 1.2353 3.0036 1.5282 -0.6714 -0.0863 0.0063 0.7360
1311875813.4851 1.2344 3.0028 1.5280 -0.6725 -0.0872 0.0083 0.7349
1311875813.4885 1.2336 3.0020 1.5277 -0.6739 -0.0881 0.0101 0.7335
1311875813.4918 1.2326 3.0011 1.5276 -0.6752 -0.0888 0.0114 0.7322
1311875813.4950 1.2314 3.0001 1.5273 -0.6766 -0.0889 0.0135 0.7308
1311875813.4984 1.2309 2.9993 1.5272 -0.6776 -0.0896 0.0148 0.7298
1311875813.5017 1.2299 2.9983 1.5271 -0.6788 -0.0902 0.0168 0.7286
1311875813.5051 1.2291 2.9973 1.5269 -0.6801 -0.0911 0.0185 0.7272
1311875813.5251 1.2231 2.9939 1.5275 -0.6778 -0.0992 0.0329 0.7278
1311875813.5384 1.2194 2.9886 1.5272 -0.6806 -0.1015 0.0388 0.7246
1311875813.5418 1.2187 2.9865 1.5269 -0.6830 -0.1038 0.0409 0.7218
1311875813.5517 1.2157 2.9834 1.5271 -0.6821 -0.1039 0.0442 0.7224
1311875813.5551 1.2147 2.9818 1.5271 -0.6830 -0.1046 0.0457 0.7214
1311875813.5584 1.2138 2.9802 1.5271 -0.6840 -0.1053 0.0469 0.7204
1311875813.5617 1.2129 2.9787 1.5271 -0.6842 -0.1059 0.0482 0.7199
1311875813.5717 1.2102 2.9744 1.5272 -0.6853 -0.1076 0.0520 0.7184
1311875813.5750 1.2091 2.9726 1.5271 -0.6862 -0.1083 0.0530 0.7173
1311875813.5784 1.2086 2.9709 1.5269 -0.6871 -0.1102 0.0544 0.7161
1311875813.5817 1.2074 2.9694 1.5271 -0.6872 -0.1103 0.0558 0.7159
1311875813.5918 1.2045 2.9644 1.5270 -0.6884 -0.1129 0.0598 0.7140
1311875813.5951 1.2035 2.9628 1.5270 -0.6886 -0.1133 0.0611 0.7136
1311875813.5985 1.2025 2.9611 1.5269 -0.6893 -0.1139 0.0625 0.7127
1311875813.6018 1.2013 2.9594 1.5270 -0.6896 -0.1140 0.0640 0.7123
1311875813.6085 1.1995 2.9561 1.5270 -0.6899 -0.1150 0.0669 0.7116
1311875813.6117 1.1986 2.9545 1.5271 -0.6901 -0.1156 0.0685 0.7112
1311875813.6151 1.1983 2.9516 1.5269 -0.6930 -0.1151 0.0679 0.7085
1311875813.6185 1.1967 2.9506 1.5271 -0.6910 -0.1170 0.0721 0.7097
1311875813.6218 1.1957 2.9488 1.5271 -0.6911 -0.1170 0.0735 0.7094
1311875813.6251 1.1945 2.9468 1.5272 -0.6917 -0.1175 0.0750 0.7086
1311875813.6285 1.1945 2.9438 1.5268 -0.6944 -0.1168 0.0744 0.7061
1311875813.6318 1.1936 2.9414 1.5266 -0.6963 -0.1177 0.0760 0.7040
1311875813.6350 1.1929 2.9387 1.5265 -0.6966 -0.1199 0.0785 0.7030
1311875813.6384 1.1907 2.9393 1.5275 -0.6903 -0.1187 0.0825 0.7090
1311875813.6418 1.1897 2.9374 1.5276 -0.6900 -0.1190 0.0844 0.7090
1311875813.6452 1.1887 2.9354 1.5277 -0.6898 -0.1193 0.0862 0.7089
1311875813.6484 1.1876 2.9333 1.5278 -0.6893 -0.1195 0.0879 0.7091
1311875813.6518 1.1868 2.9305 1.5278 -0.6906 -0.1213 0.0902 0.7073
1311875813.6585 1.1848 2.9270 1.5281 -0.6887 -0.1210 0.0934 0.7088
1311875813.6619 1.1847 2.9235 1.5278 -0.6919 -0.1193 0.0924 0.7061
1311875813.6652 1.1826 2.9231 1.5283 -0.6856 -0.1216 0.0974 0.7111
1311875813.6688 1.1815 2.9207 1.5285 -0.6874 -0.1220 0.0989 0.7091
1311875813.6718 1.1807 2.9187 1.5287 -0.6865 -0.1231 0.1011 0.7095
1311875813.6752 1.1795 2.9166 1.5291 -0.6859 -0.1235 0.1032 0.7096
1311875813.6784 1.1781 2.9146 1.5294 -0.6847 -0.1235 0.1055 0.7105
1311875813.6818 1.1774 2.9127 1.5295 -0.6823 -0.1251 0.1078 0.7122
1311875813.6851 1.1766 2.9100 1.5294 -0.6850 -0.1258 0.1086 0.7094
1311875813.6884 1.1754 2.9080 1.5297 -0.6841 -0.1261 0.1101 0.7099
1311875813.6918 1.1744 2.9056 1.5299 -0.6843 -0.1266 0.1118 0.7093
1311875813.6951 1.1731 2.9035 1.5299 -0.6838 -0.1277 0.1134 0.7094
1311875813.6984 1.1724 2.9014 1.5302 -0.6832 -0.1286 0.1157 0.7095
1311875813.7017 1.1713 2.8994 1.5304 -0.6826 -0.1294 0.1172 0.7096
1311875813.7051 1.1701 2.8970 1.5306 -0.6823 -0.1297 0.1191 0.7095
1311875813.7084 1.1689 2.8948 1.5308 -0.6822 -0.1303 0.1206 0.7093
1311875813.7117 1.1680 2.8926 1.5310 -0.6821 -0.1313 0.1223 0.7089
1311875813.7151 1.1669 2.8903 1.5312 -0.6816 -0.1321 0.1240 0.7089
1311875813.7183 1.1659 2.8883 1.5314 -0.6809 -0.1329 0.1258 0.7092
1311875813.7217 1.1649 2.8861 1.5317 -0.6806 -0.1334 0.1277 0.7090
1311875813.7250 1.1641 2.8836 1.5320 -0.6813 -0.1346 0.1285 0.7079
1311875813.7283 1.1631 2.8812 1.5321 -0.6813 -0.1351 0.1300 0.7076
1311875813.7317 1.1619 2.8792 1.5323 -0.6799 -0.1354 0.1323 0.7084
1311875813.7350 1.1611 2.8765 1.5323 -0.6809 -0.1371 0.1340 0.7068
1311875813.7384 1.1597 2.8748 1.5330 -0.6792 -0.1363 0.1358 0.7083
1311875813.7417 1.1590 2.8723 1.5330 -0.6794 -0.1377 0.1369 0.7076
1311875813.7450 1.1580 2.8699 1.5332 -0.6793 -0.1388 0.1385 0.7072
1311875813.7483 1.1570 2.8677 1.5336 -0.6786 -0.1386 0.1399 0.7076
1311875813.7516 1.1562 2.8652 1.5340 -0.6790 -0.1378 0.1396 0.7074
1311875813.7551 1.1552 2.8631 1.5344 -0.6778 -0.1383 0.1414 0.7081
1311875813.7584 1.1542 2.8609 1.5348 -0.6773 -0.1391 0.1429 0.7082
1311875813.7617 1.1526 2.8591 1.5352 -0.6752 -0.1397 0.1460 0.7094
1311875813.7651 1.1513 2.8568 1.5357 -0.6742 -0.1401 0.1471 0.7101
1311875813.7685 1.1506 2.8547 1.5360 -0.6738 -0.1408 0.1484 0.7100
1311875813.7718 1.1499 2.8523 1.5362 -0.6738 -0.1419 0.1495 0.7096
1311875813.7751 1.1489 2.8501 1.5366 -0.6733 -0.1423 0.1507 0.7098
1311875813.7784 1.1483 2.8470 1.5367 -0.6750 -0.1427 0.1497 0.7082
1311875813.7817 1.1470 2.8452 1.5374 -0.6715 -0.1430 0.1520 0.7110
1311875813.7851 1.1460 2.8434 1.5378 -0.6722 -0.1423 0.1515 0.7106
1311875813.7884 1.1453 2.8405 1.5379 -0.6730 -0.1455 0.1536 0.7087
1311875813.7918 1.1437 2.8391 1.5386 -0.6706 -0.1442 0.1553 0.7109
1311875813.7954 1.1432 2.8363 1.5388 -0.6716 -0.1456 0.1550 0.7097
1311875813.7984 1.1416 2.8348 1.5395 -0.6693 -0.1453 0.1573 0.7114
1311875813.8018 1.1405 2.8328 1.5400 -0.6688 -0.1456 0.1580 0.7117
1311875813.8050 1.1402 2.8302 1.5403 -0.6698 -0.1462 0.1575 0.7107
1311875813.8084 1.1392 2.8281 1.5408 -0.6692 -0.1472 0.1585 0.7110
1311875813.8117 1.1384 2.8261 1.5413 -0.6689 -0.1479 0.1590 0.7110
1311875813.8151 1.1371 2.8245 1.5417 -0.6674 -0.1485 0.1600 0.7120
1311875813.8184 1.1359 2.8224 1.5421 -0.6664 -0.1485 0.1608 0.7127
1311875813.8217 1.1349 2.8201 1.5428 -0.6664 -0.1488 0.1622 0.7124
1311875813.8251 1.1340 2.8184 1.5432 -0.6652 -0.1491 0.1624 0.7134
1311875813.8285 1.1324 2.8161 1.5438 -0.6657 -0.1493 0.1629 0.7127
1311875813.8321 1.1321 2.8135 1.5442 -0.6665 -0.1500 0.1629 0.7118
1311875813.8351 1.1315 2.8116 1.5447 -0.6660 -0.1500 0.1637 0.7122
1311875813.8385 1.1304 2.8098 1.5454 -0.6651 -0.1501 0.1647 0.7127
1311875813.8418 1.1289 2.8082 1.5461 -0.6631 -0.1509 0.1666 0.7140
1311875813.8451 1.1281 2.8062 1.5465 -0.6629 -0.1513 0.1675 0.7139
1311875813.8484 1.1271 2.8044 1.5470 -0.6623 -0.1514 0.1680 0.7143
1311875813.8518 1.1265 2.8020 1.5474 -0.6638 -0.1512 0.1673 0.7131
1311875813.8551 1.1256 2.8002 1.5479 -0.6633 -0.1517 0.1678 0.7134
1311875813.8584 1.1246 2.7983 1.5484 -0.6633 -0.1521 0.1685 0.7131
1311875813.8618 1.1237 2.7963 1.5489 -0.6634 -0.1524 0.1690 0.7128
1311875813.8652 1.1229 2.7944 1.5494 -0.6630 -0.1529 0.1698 0.7129
1311875813.8684 1.1218 2.7928 1.5500 -0.6623 -0.1533 0.1706 0.7133
1311875813.8718 1.1209 2.7909 1.5507 -0.6620 -0.1535 0.1720 0.7131
1311875813.8751 1.1198 2.7891 1.5513 -0.6615 -0.1539 0.1730 0.7133
1311875813.8784 1.1185 2.7876 1.5519 -0.6602 -0.1545 0.1743 0.7140
1311875813.8819 1.1179 2.7854 1.5525 -0.6610 -0.1545 0.1743 0.7133
1311875813.8851 1.1168 2.7837 1.5530 -0.6610 -0.1547 0.1748 0.7132
1311875813.8885 1.1159 2.7819 1.5534 -0.6612 -0.1556 0.1750 0.7127
1311875813.8919 1.1146 2.7804 1.5542 -0.6597 -0.1560 0.1770 0.7135
1311875813.8957 1.1138 2.7786 1.5546 -0.6602 -0.1563 0.1765 0.7131
1311875813.8985 1.1129 2.7768 1.5551 -0.6603 -0.1564 0.1771 0.7128
1311875813.9021 1.1119 2.7752 1.5557 -0.6604 -0.1570 0.1770 0.7127
1311875813.9052 1.1109 2.7736 1.5564 -0.6596 -0.1576 0.1783 0.7129
1311875813.9085 1.1096 2.7721 1.5571 -0.6576 -0.1585 0.1793 0.7144
1311875813.9118 1.1085 2.7705 1.5575 -0.6582 -0.1591 0.1807 0.7133
1311875813.9151 1.1078 2.7687 1.5581 -0.6580 -0.1598 0.1803 0.7134
1311875813.9185 1.1067 2.7669 1.5587 -0.6590 -0.1605 0.1807 0.7123
1311875813.9218 1.1059 2.7653 1.5592 -0.6592 -0.1611 0.1812 0.7118
1311875813.9251 1.1045 2.7637 1.5599 -0.6592 -0.1618 0.1824 0.7113
1311875813.9285 1.1038 2.7619 1.5603 -0.6590 -0.1623 0.1822 0.7114
1311875813.9318 1.1025 2.7604 1.5609 -0.6583 -0.1633 0.1838 0.7115
1311875813.9352 1.1015 2.7587 1.5617 -0.6586 -0.1614 0.1845 0.7115
1311875813.9384 1.1009 2.7570 1.5620 -0.6589 -0.1647 0.1840 0.7106
1311875813.9417 1.1002 2.7547 1.5625 -0.6600 -0.1668 0.1842 0.7090
1311875813.9456 1.0988 2.7538 1.5632 -0.6583 -0.1656 0.1851 0.7106
1311875813.9484 1.0976 2.7529 1.5642 -0.6566 -0.1647 0.1855 0.7123
1311875813.9517 1.0967 2.7506 1.5646 -0.6573 -0.1668 0.1868 0.7108
1311875813.9555 1.0958 2.7491 1.5652 -0.6572 -0.1676 0.1873 0.7106
1311875813.9584 1.0944 2.7480 1.5657 -0.6560 -0.1679 0.1878 0.7115
1311875813.9619 1.0936 2.7463 1.5663 -0.6558 -0.1684 0.1877 0.7116
1311875813.9652 1.0925 2.7451 1.5670 -0.6548 -0.1678 0.1881 0.7125
1311875813.9685 1.0920 2.7424 1.5672 -0.6566 -0.1712 0.1894 0.7097
1311875813.9718 1.0907 2.7416 1.5679 -0.6553 -0.1700 0.1891 0.7113
1311875813.9751 1.0897 2.7402 1.5686 -0.6542 -0.1706 0.1904 0.7118
1311875813.9784 1.0890 2.7383 1.5690 -0.6547 -0.1720 0.1908 0.7109
1311875813.9817 1.0880 2.7369 1.5697 -0.6538 -0.1722 0.1913 0.7116
1311875813.9850 1.0871 2.7353 1.5702 -0.6536 -0.1728 0.1916 0.7115
1311875813.9883 1.0862 2.7337 1.5707 -0.6536 -0.1731 0.1923 0.7112
1311875813.9940 1.0853 2.7320 1.5713 -0.6534 -0.1734 0.1928 0.7112
1311875813.9950 1.0839 2.7306 1.5717 -0.6521 -0.1735 0.1949 0.7118
1311875813.9984 1.0831 2.7292 1.5726 -0.6512 -0.1739 0.1947 0.7126
1311875814.0018 1.0823 2.7278 1.5732 -0.6507 -0.1744 0.1951 0.7128
1311875814.0052 1.0817 2.7263 1.5737 -0.6505 -0.1754 0.1956 0.7126
1311875814.0084 1.0809 2.7247 1.5743 -0.6499 -0.1759 0.1962 0.7129
1311875814.0115 1.0796 2.7230 1.5751 -0.6492 -0.1760 0.1975 0.7132
1311875814.0151 1.0788 2.7214 1.5756 -0.6485 -0.1764 0.1983 0.7135
1311875814.0184 1.0779 2.7200 1.5762 -0.6478 -0.1766 0.1989 0.7138
1311875814.0217 1.0771 2.7187 1.5767 -0.6472 -0.1773 0.1995 0.7141
1311875814.0252 1.0761 2.7172 1.5773 -0.6464 -0.1780 0.2002 0.7144
1311875814.0284 1.0751 2.7157 1.5777 -0.6456 -0.1784 0.2008 0.7149
1311875814.0317 1.0743 2.7141 1.5783 -0.6451 -0.1791 0.2013 0.7150
1311875814.0351 1.0734 2.7128 1.5789 -0.6440 -0.1797 0.2020 0.7156
1311875814.0384 1.0726 2.7112 1.5794 -0.6439 -0.1801 0.2024 0.7156
1311875814.0417 1.0718 2.7099 1.5801 -0.6430 -0.1805 0.2030 0.7161
1311875814.0450 1.0709 2.7085 1.5807 -0.6423 -0.1812 0.2036 0.7164
1311875814.0482 1.0700 2.7071 1.5813 -0.6412 -0.1818 0.2043 0.7170
1311875814.0516 1.0692 2.7057 1.5819 -0.6407 -0.1823 0.2049 0.7172
1311875814.0550 1.0684 2.7043 1.5825 -0.6401 -0.1829 0.2054 0.7173
1311875814.0583 1.0676 2.7029 1.5831 -0.6395 -0.1832 0.2058 0.7177
1311875814.0617 1.0667 2.7015 1.5837 -0.6384 -0.1835 0.2064 0.7184
1311875814.0651 1.0664 2.6994 1.5838 -0.6413 -0.1830 0.2053 0.7163
1311875814.0683 1.0656 2.6978 1.5843 -0.6401 -0.1834 0.2059 0.7171
1311875814.0717 1.0642 2.6973 1.5853 -0.6370 -0.1849 0.2076 0.7190
1311875814.0750 1.0636 2.6958 1.5858 -0.6365 -0.1853 0.2081 0.7192
1311875814.0784 1.0629 2.6946 1.5861 -0.6380 -0.1859 0.2081 0.7177
1311875814.0817 1.0622 2.6932 1.5867 -0.6377 -0.1861 0.2082 0.7179
1311875814.0850 1.0616 2.6917 1.5874 -0.6351 -0.1865 0.2089 0.7198
1311875814.0884 1.0608 2.6904 1.5879 -0.6344 -0.1869 0.2094 0.7202
1311875814.0917 1.0600 2.6890 1.5884 -0.6338 -0.1871 0.2096 0.7207
1311875814.0958 1.0593 2.6879 1.5890 -0.6329 -0.1878 0.2101 0.7212
1311875814.0985 1.0586 2.6865 1.5895 -0.6328 -0.1879 0.2102 0.7212
1311875814.1018 1.0581 2.6853 1.5901 -0.6324 -0.1882 0.2103 0.7214
1311875814.1050 1.0573 2.6840 1.5906 -0.6316 -0.1883 0.2108 0.7220
1311875814.1084 1.0566 2.6827 1.5912 -0.6311 -0.1884 0.2109 0.7223
1311875814.1118 1.0560 2.6813 1.5917 -0.6311 -0.1885 0.2109 0.7223
1311875814.1151 1.0552 2.6801 1.5922 -0.6304 -0.1885 0.2113 0.7228
1311875814.1184 1.0545 2.6789 1.5927 -0.6300 -0.1890 0.2114 0.7230
1311875814.1218 1.0539 2.6777 1.5933 -0.6294 -0.1891 0.2115 0.7235
1311875814.1251 1.0533 2.6765 1.5938 -0.6291 -0.1890 0.2116 0.7236
1311875814.1286 1.0526 2.6753 1.5943 -0.6288 -0.1888 0.2117 0.7240
1311875814.1318 1.0521 2.6741 1.5950 -0.6285 -0.1888 0.2117 0.7242
1311875814.1351 1.0513 2.6730 1.5955 -0.6273 -0.1887 0.2120 0.7252
1311875814.1385 1.0507 2.6718 1.5960 -0.6272 -0.1888 0.2120 0.7253
1311875814.1418 1.0502 2.6707 1.5964 -0.6271 -0.1888 0.2118 0.7255
1311875814.1451 1.0495 2.6695 1.5969 -0.6266 -0.1890 0.2118 0.7258
1311875814.1484 1.0489 2.6681 1.5974 -0.6267 -0.1893 0.2114 0.7258
1311875814.1517 1.0481 2.6675 1.5980 -0.6249 -0.1881 0.2111 0.7277
1311875814.1563 1.0477 2.6658 1.5983 -0.6255 -0.1896 0.2118 0.7266
1311875814.1584 1.0468 2.6654 1.5991 -0.6238 -0.1879 0.2108 0.7288
1311875814.1618 1.0465 2.6636 1.5993 -0.6248 -0.1896 0.2112 0.7274
1311875814.1651 1.0459 2.6624 1.5997 -0.6247 -0.1893 0.2109 0.7276
1311875814.1684 1.0455 2.6606 1.6000 -0.6256 -0.1909 0.2112 0.7264
1311875814.1718 1.0452 2.6594 1.6000 -0.6259 -0.1921 0.2100 0.7261
1311875814.1752 1.0443 2.6591 1.6012 -0.6240 -0.1893 0.2099 0.7286
1311875814.1784 1.0435 2.6587 1.6020 -0.6225 -0.1877 0.2093 0.7304
1311875814.1818 1.0431 2.6570 1.6021 -0.6237 -0.1894 0.2092 0.7289
1311875814.1852 1.0427 2.6559 1.6026 -0.6236 -0.1894 0.2089 0.7291
1311875814.1887 1.0419 2.6548 1.6031 -0.6230 -0.1893 0.2088 0.7297
1311875814.1918 1.0417 2.6538 1.6035 -0.6232 -0.1897 0.2078 0.7297
1311875814.1952 1.0411 2.6527 1.6040 -0.6228 -0.1893 0.2077 0.7302
1311875814.1986 1.0406 2.6516 1.6044 -0.6226 -0.1893 0.2074 0.7304
1311875814.2019 1.0400 2.6505 1.6048 -0.6227 -0.1892 0.2070 0.7305
1311875814.2051 1.0396 2.6494 1.6051 -0.6229 -0.1890 0.2068 0.7304
1311875814.2084 1.0391 2.6484 1.6056 -0.6227 -0.1886 0.2064 0.7308
1311875814.2117 1.0387 2.6476 1.6061 -0.6222 -0.1885 0.2057 0.7315
1311875814.2151 1.0378 2.6465 1.6065 -0.6221 -0.1886 0.2063 0.7314
1311875814.2184 1.0373 2.6456 1.6068 -0.6219 -0.1886 0.2060 0.7316
1311875814.2218 1.0368 2.6447 1.6073 -0.6215 -0.1884 0.2062 0.7320
1311875814.2251 1.0363 2.6438 1.6077 -0.6208 -0.1876 0.2063 0.7327
1311875814.2284 1.0358 2.6427 1.6080 -0.6212 -0.1877 0.2064 0.7323
1311875814.2318 1.0353 2.6418 1.6084 -0.6210 -0.1872 0.2065 0.7326
1311875814.2351 1.0348 2.6408 1.6088 -0.6206 -0.1871 0.2068 0.7329
1311875814.2384 1.0347 2.6396 1.6093 -0.6216 -0.1871 0.2059 0.7322
1311875814.2417 1.0338 2.6389 1.6097 -0.6206 -0.1871 0.2073 0.7327
1311875814.2450 1.0332 2.6381 1.6101 -0.6200 -0.1872 0.2078 0.7331
1311875814.2483 1.0327 2.6372 1.6104 -0.6197 -0.1869 0.2081 0.7333
1311875814.2517 1.0317 2.6371 1.6114 -0.6156 -0.1882 0.2093 0.7361
1311875814.2550 1.0315 2.6353 1.6113 -0.6192 -0.1867 0.2087 0.7336
1311875814.2584 1.0311 2.6344 1.6116 -0.6190 -0.1868 0.2089 0.7337
1311875814.2618 1.0311 2.6326 1.6113 -0.6218 -0.1851 0.2078 0.7320
1311875814.2651 1.0300 2.6325 1.6123 -0.6186 -0.1861 0.2097 0.7340
1311875814.2684 1.0302 2.6307 1.6119 -0.6241 -0.1846 0.2075 0.7303
1311875814.2717 1.0298 2.6298 1.6122 -0.6239 -0.1844 0.2075 0.7306
1311875814.2751 1.0284 2.6299 1.6135 -0.6172 -0.1860 0.2108 0.7349
1311875814.2784 1.0278 2.6292 1.6139 -0.6161 -0.1858 0.2112 0.7357
1311875814.2817 1.0272 2.6281 1.6142 -0.6159 -0.1858 0.2114 0.7358
1311875814.2850 1.0268 2.6271 1.6146 -0.6156 -0.1859 0.2118 0.7360
1311875814.2884 1.0263 2.6263 1.6149 -0.6149 -0.1854 0.2120 0.7366
1311875814.2918 1.0259 2.6252 1.6152 -0.6150 -0.1854 0.2125 0.7364
1311875814.2951 1.0253 2.6243 1.6155 -0.6144 -0.1851 0.2130 0.7368
1311875814.2984 1.0248 2.6233 1.6158 -0.6143 -0.1850 0.2131 0.7369
1311875814.3018 1.0244 2.6226 1.6162 -0.6138 -0.1850 0.2135 0.7372
1311875814.3051 1.0239 2.6217 1.6165 -0.6135 -0.1845 0.2138 0.7375
1311875814.3084 1.0233 2.6208 1.6169 -0.6129 -0.1845 0.2141 0.7378
1311875814.3118 1.0228 2.6199 1.6171 -0.6126 -0.1838 0.2146 0.7382
1311875814.3150 1.0225 2.6190 1.6173 -0.6122 -0.1836 0.2143 0.7387
1311875814.3184 1.0217 2.6182 1.6178 -0.6116 -0.1835 0.2150 0.7389
1311875814.3218 1.0209 2.6173 1.6181 -0.6107 -0.1831 0.2161 0.7394
1311875814.3251 1.0206 2.6165 1.6185 -0.6106 -0.1827 0.2161 0.7397
1311875814.3285 1.0200 2.6156 1.6187 -0.6106 -0.1830 0.2163 0.7396
1311875814.3318 1.0193 2.6148 1.6190 -0.6101 -0.1828 0.2169 0.7398
1311875814.3351 1.0190 2.6139 1.6193 -0.6098 -0.1830 0.2174 0.7399
1311875814.3384 1.0186 2.6130 1.6195 -0.6095 -0.1827 0.2176 0.7401
1311875814.3417 1.0177 2.6122 1.6199 -0.6085 -0.1819 0.2182 0.7409
1311875814.3451 1.0170 2.6113 1.6201 -0.6082 -0.1818 0.2185 0.7412
1311875814.3484 1.0166 2.6104 1.6203 -0.6083 -0.1821 0.2188 0.7409
1311875814.3517 1.0163 2.6095 1.6206 -0.6081 -0.1823 0.2189 0.7409
1311875814.3551 1.0154 2.6086 1.6208 -0.6077 -0.1819 0.2196 0.7412
1311875814.3585 1.0148 2.6077 1.6211 -0.6075 -0.1826 0.2197 0.7412
1311875814.3618 1.0145 2.6070 1.6215 -0.6066 -0.1817 0.2202 0.7420
1311875814.3651 1.0140 2.6063 1.6217 -0.6063 -0.1816 0.2205 0.7422
1311875814.3685 1.0134 2.6055 1.6220 -0.6055 -0.1814 0.2210 0.7427
1311875814.3718 1.0128 2.6047 1.6223 -0.6050 -0.1813 0.2214 0.7431
1311875814.3751 1.0122 2.6039 1.6226 -0.6048 -0.1811 0.2215 0.7432
1311875814.3785 1.0116 2.6030 1.6228 -0.6044 -0.1810 0.2217 0.7435
1311875814.3818 1.0111 2.6022 1.6231 -0.6041 -0.1809 0.2218 0.7437
1311875814.3851 1.0105 2.6013 1.6232 -0.6039 -0.1810 0.2220 0.7438
1311875814.3884 1.0100 2.6006 1.6235 -0.6035 -0.1811 0.2222 0.7440
1311875814.3918 1.0093 2.5998 1.6237 -0.6030 -0.1807 0.2223 0.7445
1311875814.3951 1.0087 2.5990 1.6240 -0.6027 -0.1807 0.2225 0.7447
1311875814.3984 1.0082 2.5983 1.6243 -0.6022 -0.1808 0.2220 0.7452
1311875814.4019 1.0075 2.5975 1.6245 -0.6017 -0.1805 0.2225 0.7456
1311875814.4051 1.0069 2.5967 1.6247 -0.6012 -0.1801 0.2226 0.7460
1311875814.4084 1.0062 2.5959 1.6249 -0.6008 -0.1800 0.2224 0.7464
1311875814.4117 1.0057 2.5951 1.6251 -0.6007 -0.1800 0.2224 0.7465
1311875814.4150 1.0051 2.5944 1.6254 -0.6003 -0.1798 0.2227 0.7468
1311875814.4184 1.0045 2.5935 1.6255 -0.6004 -0.1796 0.2227 0.7468
1311875814.4217 1.0038 2.5930 1.6260 -0.5999 -0.1785 0.2223 0.7476
1311875814.4251 1.0030 2.5925 1.6266 -0.5989 -0.1771 0.2232 0.7484
1311875814.4284 1.0023 2.5918 1.6269 -0.5984 -0.1769 0.2234 0.7488
1311875814.4318 1.0015 2.5910 1.6271 -0.5980 -0.1769 0.2233 0.7492
1311875814.4351 1.0013 2.5899 1.6266 -0.5992 -0.1791 0.2224 0.7479
1311875814.4384 1.0002 2.5895 1.6276 -0.5975 -0.1763 0.2232 0.7497
1311875814.4417 1.0000 2.5884 1.6270 -0.5987 -0.1789 0.2225 0.7483
1311875814.4451 0.9992 2.5880 1.6274 -0.5982 -0.1778 0.2223 0.7491
1311875814.4483 0.9986 2.5872 1.6276 -0.5983 -0.1778 0.2220 0.7491
1311875814.4517 0.9976 2.5878 1.6283 -0.5959 -0.1746 0.2209 0.7521
1311875814.4550 0.9972 2.5858 1.6280 -0.5982 -0.1777 0.2219 0.7492
1311875814.4584 0.9965 2.5853 1.6283 -0.5975 -0.1775 0.2218 0.7499
1311875814.4617 0.9958 2.5847 1.6285 -0.5973 -0.1775 0.2218 0.7500
1311875814.4652 0.9953 2.5835 1.6283 -0.5981 -0.1791 0.2219 0.7490
1311875814.4685 0.9948 2.5828 1.6285 -0.5981 -0.1792 0.2217 0.7490
1311875814.4718 0.9941 2.5821 1.6288 -0.5980 -0.1788 0.2215 0.7493
1311875814.4751 0.9936 2.5815 1.6289 -0.5979 -0.1792 0.2213 0.7493
1311875814.4785 0.9930 2.5809 1.6291 -0.5979 -0.1791 0.2210 0.7494
1311875814.4818 0.9917 2.5810 1.6302 -0.5951 -0.1784 0.2216 0.7517
1311875814.4851 0.9914 2.5796 1.6296 -0.5978 -0.1780 0.2205 0.7499
1311875814.4885 0.9915 2.5780 1.6293 -0.6007 -0.1788 0.2180 0.7481
1311875814.4918 0.9909 2.5773 1.6295 -0.6008 -0.1790 0.2177 0.7481
1311875814.4951 0.9896 2.5773 1.6299 -0.5984 -0.1793 0.2194 0.7494
1311875814.4985 0.9895 2.5760 1.6299 -0.6004 -0.1789 0.2175 0.7484
1311875814.5017 0.9890 2.5754 1.6301 -0.6005 -0.1789 0.2172 0.7484
1311875814.5051 0.9876 2.5753 1.6305 -0.5982 -0.1794 0.2190 0.7497
1311875814.5084 0.9876 2.5741 1.6304 -0.6005 -0.1788 0.2167 0.7487
1311875814.5117 0.9863 2.5741 1.6308 -0.5983 -0.1793 0.2186 0.7498
1311875814.5151 0.9858 2.5734 1.6309 -0.5985 -0.1791 0.2184 0.7497
1311875814.5184 0.9849 2.5734 1.6317 -0.5964 -0.1803 0.2184 0.7510
1311875814.5222 0.9844 2.5721 1.6314 -0.5983 -0.1788 0.2182 0.7500
1311875814.5251 0.9843 2.5711 1.6313 -0.6003 -0.1783 0.2162 0.7491
1311875814.5285 0.9836 2.5705 1.6315 -0.6004 -0.1784 0.2160 0.7491
1311875814.5318 0.9829 2.5699 1.6317 -0.6003 -0.1782 0.2160 0.7492
1311875814.5352 0.9821 2.5691 1.6319 -0.6002 -0.1782 0.2161 0.7492
1311875814.5385 0.9816 2.5687 1.6322 -0.6000 -0.1780 0.2162 0.7493
1311875814.5417 0.9804 2.5685 1.6325 -0.5984 -0.1784 0.2177 0.7501
1311875814.5451 0.9797 2.5679 1.6327 -0.5984 -0.1783 0.2178 0.7502
1311875814.5484 0.9795 2.5669 1.6326 -0.6002 -0.1777 0.2162 0.7493
1311875814.5517 0.9783 2.5667 1.6330 -0.5983 -0.1779 0.2180 0.7502
1311875814.5572 0.9780 2.5652 1.6325 -0.6013 -0.1763 0.2170 0.7485
1311875814.5585 0.9771 2.5653 1.6334 -0.5999 -0.1779 0.2177 0.7490
1311875814.5620 0.9764 2.5647 1.6336 -0.5997 -0.1776 0.2178 0.7492
1311875814.5651 0.9757 2.5641 1.6337 -0.5986 -0.1777 0.2180 0.7501
1311875814.5683 0.9751 2.5636 1.6340 -0.5984 -0.1775 0.2180 0.7502
1311875814.5717 0.9746 2.5629 1.6342 -0.6001 -0.1775 0.2180 0.7489
1311875814.5750 0.9738 2.5625 1.6344 -0.5982 -0.1772 0.2187 0.7503
1311875814.5783 0.9733 2.5618 1.6345 -0.5984 -0.1775 0.2186 0.7501
1311875814.5816 0.9725 2.5612 1.6348 -0.5985 -0.1773 0.2190 0.7499
1311875814.5850 0.9720 2.5607 1.6348 -0.5985 -0.1773 0.2185 0.7501
1311875814.5883 0.9713 2.5600 1.6351 -0.5986 -0.1771 0.2190 0.7499
1311875814.5917 0.9708 2.5593 1.6353 -0.6005 -0.1772 0.2186 0.7485
1311875814.5954 0.9700 2.5588 1.6355 -0.5983 -0.1771 0.2192 0.7501
1311875814.5984 0.9694 2.5583 1.6357 -0.5981 -0.1770 0.2193 0.7502
1311875814.6017 0.9688 2.5577 1.6359 -0.5978 -0.1769 0.2195 0.7504
1311875814.6050 0.9681 2.5570 1.6361 -0.5978 -0.1766 0.2197 0.7505
1311875814.6083 0.9676 2.5565 1.6363 -0.5977 -0.1769 0.2196 0.7505
1311875814.6117 0.9670 2.5560 1.6365 -0.5975 -0.1766 0.2196 0.7507
1311875814.6151 0.9665 2.5554 1.6367 -0.5974 -0.1766 0.2197 0.7508
1311875814.6183 0.9659 2.5549 1.6369 -0.5971 -0.1762 0.2198 0.7511
1311875814.6217 0.9654 2.5542 1.6371 -0.5972 -0.1763 0.2199 0.7510
1311875814.6250 0.9647 2.5536 1.6373 -0.5972 -0.1761 0.2200 0.7510
1311875814.6284 0.9643 2.5530 1.6374 -0.5970 -0.1756 0.2203 0.7511
1311875814.6320 0.9637 2.5524 1.6376 -0.5969 -0.1755 0.2204 0.7512
1311875814.6350 0.9631 2.5518 1.6379 -0.5963 -0.1754 0.2207 0.7516
1311875814.6383 0.9624 2.5512 1.6381 -0.5962 -0.1758 0.2207 0.7516
1311875814.6416 0.9620 2.5506 1.6386 -0.5956 -0.1764 0.2199 0.7522
1311875814.6450 0.9613 2.5501 1.6385 -0.5953 -0.1756 0.2213 0.7522
1311875814.6483 0.9607 2.5495 1.6387 -0.5949 -0.1753 0.2215 0.7526
1311875814.6516 0.9602 2.5489 1.6389 -0.5947 -0.1752 0.2217 0.7527
1311875814.6550 0.9597 2.5484 1.6391 -0.5943 -0.1752 0.2219 0.7529
1311875814.6584 0.9592 2.5478 1.6393 -0.5945 -0.1749 0.2219 0.7528
1311875814.6617 0.9587 2.5472 1.6394 -0.5944 -0.1749 0.2220 0.7529
1311875814.6651 0.9581 2.5466 1.6397 -0.5942 -0.1748 0.2222 0.7530
1311875814.6684 0.9576 2.5459 1.6398 -0.5942 -0.1749 0.2224 0.7529
1311875814.6717 0.9571 2.5454 1.6400 -0.5938 -0.1746 0.2225 0.7532
1311875814.6751 0.9566 2.5448 1.6401 -0.5937 -0.1745 0.2226 0.7534
1311875814.6784 0.9561 2.5442 1.6403 -0.5933 -0.1742 0.2229 0.7537
1311875814.6817 0.9556 2.5437 1.6405 -0.5928 -0.1740 0.2230 0.7540
1311875814.6850 0.9552 2.5432 1.6408 -0.5925 -0.1738 0.2231 0.7543
1311875814.6884 0.9547 2.5427 1.6409 -0.5922 -0.1735 0.2232 0.7546
1311875814.6917 0.9541 2.5421 1.6411 -0.5921 -0.1736 0.2233 0.7546
1311875814.6953 0.9536 2.5416 1.6413 -0.5917 -0.1734 0.2234 0.7549
1311875814.6984 0.9531 2.5411 1.6414 -0.5915 -0.1733 0.2236 0.7550
1311875814.7018 0.9528 2.5406 1.6416 -0.5912 -0.1728 0.2238 0.7553
1311875814.7051 0.9525 2.5400 1.6417 -0.5915 -0.1732 0.2240 0.7550
1311875814.7084 0.9520 2.5395 1.6419 -0.5910 -0.1729 0.2244 0.7553
1311875814.7118 0.9515 2.5390 1.6421 -0.5909 -0.1727 0.2246 0.7554
1311875814.7151 0.9510 2.5384 1.6423 -0.5906 -0.1725 0.2248 0.7556
1311875814.7184 0.9505 2.5379 1.6425 -0.5904 -0.1725 0.2249 0.7557
1311875814.7218 0.9501 2.5374 1.6427 -0.5901 -0.1722 0.2249 0.7560
1311875814.7252 0.9497 2.5369 1.6428 -0.5896 -0.1723 0.2251 0.7563
1311875814.7285 0.9492 2.5365 1.6430 -0.5894 -0.1722 0.2253 0.7564
1311875814.7318 0.9488 2.5360 1.6432 -0.5888 -0.1720 0.2256 0.7568
1311875814.7351 0.9484 2.5355 1.6433 -0.5888 -0.1719 0.2258 0.7568
1311875814.7384 0.9479 2.5350 1.6435 -0.5887 -0.1721 0.2259 0.7568
1311875814.7418 0.9475 2.5346 1.6436 -0.5885 -0.1723 0.2261 0.7569
1311875814.7451 0.9471 2.5340 1.6438 -0.5892 -0.1720 0.2263 0.7563
1311875814.7485 0.9465 2.5337 1.6440 -0.5876 -0.1721 0.2267 0.7575
1311875814.7517 0.9462 2.5330 1.6441 -0.5887 -0.1721 0.2267 0.7565
1311875814.7550 0.9454 2.5328 1.6445 -0.5865 -0.1716 0.2277 0.7581
1311875814.7584 0.9453 2.5323 1.6444 -0.5866 -0.1722 0.2274 0.7580
1311875814.7619 0.9449 2.5318 1.6446 -0.5864 -0.1724 0.2276 0.7581
1311875814.7651 0.9444 2.5314 1.6448 -0.5859 -0.1724 0.2279 0.7583
1311875814.7683 0.9440 2.5309 1.6449 -0.5856 -0.1720 0.2281 0.7586
1311875814.7717 0.9436 2.5304 1.6451 -0.5851 -0.1720 0.2283 0.7589
1311875814.7750 0.9433 2.5299 1.6453 -0.5848 -0.1718 0.2289 0.7590
1311875814.7783 0.9425 2.5295 1.6455 -0.5839 -0.1713 0.2293 0.7597
1311875814.7816 0.9421 2.5290 1.6457 -0.5832 -0.1710 0.2296 0.7602
1311875814.7850 0.9421 2.5286 1.6457 -0.5834 -0.1718 0.2293 0.7600
1311875814.7883 0.9417 2.5282 1.6458 -0.5827 -0.1720 0.2295 0.7604
1311875814.7918 0.9414 2.5278 1.6460 -0.5821 -0.1717 0.2298 0.7608
1311875814.7952 0.9410 2.5274 1.6462 -0.5817 -0.1719 0.2299 0.7611
1311875814.7984 0.9407 2.5269 1.6463 -0.5811 -0.1719 0.2301 0.7615
1311875814.8017 0.9403 2.5265 1.6465 -0.5806 -0.1720 0.2304 0.7617
1311875814.8051 0.9400 2.5260 1.6466 -0.5803 -0.1721 0.2305 0.7619
1311875814.8083 0.9396 2.5255 1.6467 -0.5799 -0.1721 0.2309 0.7621
1311875814.8117 0.9393 2.5250 1.6468 -0.5797 -0.1720 0.2308 0.7623
1311875814.8150 0.9390 2.5246 1.6469 -0.5793 -0.1720 0.2309 0.7626
1311875814.8183 0.9385 2.5241 1.6470 -0.5789 -0.1721 0.2312 0.7628
1311875814.8225 0.9383 2.5236 1.6471 -0.5787 -0.1724 0.2312 0.7628
1311875814.8250 0.9380 2.5233 1.6473 -0.5777 -0.1721 0.2317 0.7635
1311875814.8284 0.9377 2.5230 1.6475 -0.5772 -0.1720 0.2316 0.7640
1311875814.8317 0.9373 2.5226 1.6478 -0.5763 -0.1723 0.2317 0.7646
1311875814.8350 0.9369 2.5221 1.6478 -0.5760 -0.1729 0.2317 0.7646
1311875814.8384 0.9366 2.5218 1.6478 -0.5759 -0.1732 0.2321 0.7645
1311875814.8417 0.9363 2.5214 1.6479 -0.5755 -0.1734 0.2322 0.7647
1311875814.8450 0.9360 2.5211 1.6480 -0.5749 -0.1732 0.2322 0.7652
1311875814.8483 0.9357 2.5207 1.6481 -0.5747 -0.1733 0.2324 0.7653
1311875814.8517 0.9355 2.5205 1.6484 -0.5735 -0.1729 0.2327 0.7662
1311875814.8550 0.9350 2.5200 1.6483 -0.5737 -0.1735 0.2329 0.7658
1311875814.8584 0.9347 2.5197 1.6483 -0.5733 -0.1736 0.2332 0.7660
1311875814.8617 0.9345 2.5193 1.6483 -0.5728 -0.1735 0.2333 0.7664
1311875814.8651 0.9342 2.5191 1.6485 -0.5721 -0.1738 0.2334 0.7668
1311875814.8684 0.9340 2.5187 1.6486 -0.5719 -0.1737 0.2335 0.7670
1311875814.8717 0.9336 2.5184 1.6487 -0.5713 -0.1736 0.2338 0.7674
1311875814.8750 0.9333 2.5181 1.6488 -0.5709 -0.1736 0.2340 0.7676
1311875814.8783 0.9330 2.5177 1.6489 -0.5705 -0.1737 0.2342 0.7678
1311875814.8817 0.9330 2.5168 1.6484 -0.5725 -0.1729 0.2332 0.7668
1311875814.8851 0.9324 2.5173 1.6490 -0.5695 -0.1735 0.2346 0.7685
1311875814.8884 0.9321 2.5169 1.6491 -0.5693 -0.1738 0.2349 0.7684
1311875814.8918 0.9318 2.5166 1.6492 -0.5690 -0.1737 0.2352 0.7686
1311875814.8951 0.9322 2.5159 1.6492 -0.5706 -0.1739 0.2332 0.7679
1311875814.8984 0.9312 2.5161 1.6493 -0.5684 -0.1738 0.2360 0.7688
1311875814.9018 0.9317 2.5153 1.6492 -0.5703 -0.1738 0.2339 0.7680
1311875814.9051 0.9306 2.5157 1.6494 -0.5677 -0.1739 0.2369 0.7690
1311875814.9084 0.9312 2.5147 1.6493 -0.5701 -0.1738 0.2345 0.7680
1311875814.9117 0.9310 2.5145 1.6493 -0.5700 -0.1740 0.2348 0.7679
1311875814.9150 0.9298 2.5150 1.6496 -0.5669 -0.1744 0.2382 0.7691
1311875814.9183 0.9305 2.5139 1.6494 -0.5698 -0.1741 0.2354 0.7678
1311875814.9216 0.9292 2.5145 1.6497 -0.5664 -0.1746 0.2391 0.7691
1311875814.9250 0.9290 2.5143 1.6497 -0.5661 -0.1749 0.2397 0.7691
1311875814.9283 0.9286 2.5141 1.6498 -0.5654 -0.1746 0.2403 0.7695
1311875814.9325 0.9286 2.5135 1.6496 -0.5666 -0.1744 0.2402 0.7686
1311875814.9350 0.9284 2.5133 1.6495 -0.5665 -0.1742 0.2406 0.7687
1311875814.9383 0.9282 2.5131 1.6497 -0.5663 -0.1744 0.2409 0.7686
1311875814.9416 0.9276 2.5133 1.6501 -0.5642 -0.1751 0.2424 0.7696
1311875814.9449 0.9274 2.5131 1.6500 -0.5642 -0.1750 0.2431 0.7694
1311875814.9484 0.9272 2.5128 1.6500 -0.5641 -0.1749 0.2435 0.7694
1311875814.9517 0.9270 2.5127 1.6501 -0.5636 -0.1751 0.2440 0.7695
1311875814.9550 0.9265 2.5125 1.6501 -0.5633 -0.1753 0.2449 0.7694
1311875814.9584 0.9264 2.5123 1.6502 -0.5630 -0.1752 0.2455 0.7695
1311875814.9617 0.9261 2.5121 1.6502 -0.5630 -0.1754 0.2459 0.7693
1311875814.9651 0.9256 2.5122 1.6505 -0.5613 -0.1758 0.2475 0.7700
1311875814.9684 0.9256 2.5119 1.6504 -0.5621 -0.1754 0.2472 0.7696
1311875814.9718 0.9252 2.5118 1.6505 -0.5614 -0.1757 0.2482 0.7697
1311875814.9749 0.9252 2.5115 1.6504 -0.5619 -0.1757 0.2482 0.7693
1311875814.9784 0.9249 2.5114 1.6504 -0.5616 -0.1759 0.2490 0.7692
1311875814.9818 0.9244 2.5112 1.6506 -0.5608 -0.1761 0.2499 0.7695
1311875814.9850 0.9244 2.5110 1.6505 -0.5612 -0.1760 0.2502 0.7691
1311875814.9884 0.9227 2.5122 1.6516 -0.5552 -0.1778 0.2546 0.7716
1311875814.9918 0.9226 2.5120 1.6516 -0.5551 -0.1780 0.2551 0.7714
1311875814.9962 0.9236 2.5107 1.6509 -0.5601 -0.1770 0.2520 0.7690
1311875814.9985 0.9235 2.5106 1.6509 -0.5599 -0.1769 0.2527 0.7690
1311875815.0018 0.9232 2.5104 1.6509 -0.5598 -0.1769 0.2534 0.7688
1311875815.0051 0.9230 2.5103 1.6509 -0.5597 -0.1770 0.2540 0.7687
1311875815.0084 0.9223 2.5108 1.6515 -0.5566 -0.1778 0.2559 0.7701
1311875815.0117 0.9225 2.5101 1.6509 -0.5592 -0.1770 0.2555 0.7685
1311875815.0150 0.9223 2.5099 1.6510 -0.5592 -0.1774 0.2562 0.7682
1311875815.0183 0.9219 2.5103 1.6516 -0.5569 -0.1787 0.2577 0.7691
1311875815.0217 0.9219 2.5096 1.6510 -0.5588 -0.1778 0.2580 0.7678
1311875815.0250 0.9218 2.5093 1.6508 -0.5596 -0.1778 0.2587 0.7671
1311875815.0284 0.9214 2.5097 1.6516 -0.5571 -0.1791 0.2596 0.7682
1311875815.0317 0.9212 2.5092 1.6511 -0.5584 -0.1785 0.2606 0.7671
1311875815.0350 0.9210 2.5091 1.6510 -0.5586 -0.1783 0.2616 0.7666
1311875815.0384 0.9209 2.5088 1.6510 -0.5588 -0.1785 0.2622 0.7662
1311875815.0417 0.9206 2.5087 1.6510 -0.5587 -0.1788 0.2631 0.7659
1311875815.0451 0.9204 2.5086 1.6511 -0.5582 -0.1790 0.2643 0.7659
1311875815.0483 0.9201 2.5086 1.6512 -0.5579 -0.1793 0.2652 0.7657
1311875815.0517 0.9199 2.5086 1.6513 -0.5571 -0.1797 0.2662 0.7658
1311875815.0550 0.9197 2.5085 1.6514 -0.5569 -0.1802 0.2671 0.7655
1311875815.0584 0.9195 2.5084 1.6515 -0.5564 -0.1805 0.2680 0.7655
1311875815.0617 0.9193 2.5083 1.6515 -0.5560 -0.1809 0.2690 0.7653
1311875815.0650 0.9191 2.5082 1.6516 -0.5557 -0.1811 0.2700 0.7652
1311875815.0684 0.9189 2.5081 1.6517 -0.5551 -0.1812 0.2711 0.7652
1311875815.0717 0.9187 2.5079 1.6517 -0.5551 -0.1815 0.2719 0.7648
1311875815.0750 0.9185 2.5078 1.6517 -0.5546 -0.1815 0.2730 0.7648
1311875815.0784 0.9183 2.5077 1.6517 -0.5541 -0.1816 0.2740 0.7648
1311875815.0817 0.9182 2.5076 1.6518 -0.5538 -0.1816 0.2750 0.7647
1311875815.0851 0.9178 2.5073 1.6517 -0.5536 -0.1825 0.2758 0.7643
1311875815.0884 0.9178 2.5072 1.6518 -0.5533 -0.1823 0.2767 0.7642
1311875815.0917 0.9176 2.5070 1.6518 -0.5532 -0.1825 0.2777 0.7639
1311875815.0951 0.9175 2.5069 1.6518 -0.5528 -0.1827 0.2785 0.7638
1311875815.0984 0.9173 2.5068 1.6518 -0.5527 -0.1829 0.2792 0.7636
1311875815.1018 0.9172 2.5066 1.6518 -0.5524 -0.1830 0.2801 0.7635
1311875815.1051 0.9170 2.5065 1.6519 -0.5521 -0.1833 0.2809 0.7633
1311875815.1084 0.9169 2.5063 1.6519 -0.5519 -0.1835 0.2819 0.7631
1311875815.1117 0.9167 2.5062 1.6519 -0.5516 -0.1839 0.2827 0.7629
1311875815.1150 0.9165 2.5061 1.6520 -0.5514 -0.1841 0.2835 0.7627
1311875815.1184 0.9164 2.5060 1.6520 -0.5512 -0.1844 0.2843 0.7625
1311875815.1217 0.9163 2.5059 1.6520 -0.5510 -0.1847 0.2850 0.7623
1311875815.1251 0.9161 2.5058 1.6521 -0.5508 -0.1850 0.2857 0.7621
1311875815.1284 0.9160 2.5056 1.6520 -0.5512 -0.1854 0.2863 0.7615
1311875815.1317 0.9159 2.5055 1.6521 -0.5508 -0.1856 0.2870 0.7614
1311875815.1349 0.9158 2.5054 1.6521 -0.5509 -0.1859 0.2877 0.7610
1311875815.1384 0.9157 2.5053 1.6521 -0.5507 -0.1863 0.2885 0.7608
1311875815.1417 0.9156 2.5051 1.6520 -0.5511 -0.1866 0.2890 0.7602
1311875815.1450 0.9152 2.5049 1.6520 -0.5514 -0.1876 0.2895 0.7595
1311875815.1484 0.9151 2.5049 1.6519 -0.5514 -0.1876 0.2905 0.7592
1311875815.1517 0.9150 2.5047 1.6519 -0.5515 -0.1879 0.2911 0.7588
1311875815.1550 0.9149 2.5047 1.6519 -0.5515 -0.1882 0.2917 0.7586
1311875815.1584 0.9148 2.5046 1.6520 -0.5513 -0.1886 0.2920 0.7584
1311875815.1618 0.9147 2.5045 1.6519 -0.5517 -0.1888 0.2927 0.7578
1311875815.1651 0.9146 2.5043 1.6521 -0.5515 -0.1890 0.2930 0.7578
1311875815.1684 0.9145 2.5043 1.6519 -0.5520 -0.1892 0.2936 0.7572
1311875815.1718 0.9144 2.5042 1.6519 -0.5517 -0.1894 0.2942 0.7571
1311875815.1750 0.9144 2.5040 1.6518 -0.5522 -0.1898 0.2945 0.7565
1311875815.1784 0.9143 2.5040 1.6518 -0.5521 -0.1898 0.2950 0.7564
1311875815.1817 0.9142 2.5038 1.6518 -0.5525 -0.1902 0.2951 0.7560
1311875815.1850 0.9141 2.5037 1.6517 -0.5528 -0.1907 0.2954 0.7555
1311875815.1883 0.9140 2.5036 1.6518 -0.5527 -0.1905 0.2959 0.7554
1311875815.1917 0.9140 2.5035 1.6517 -0.5534 -0.1911 0.2959 0.7548
1311875815.1951 0.9139 2.5033 1.6517 -0.5539 -0.1913 0.2960 0.7543
1311875815.1984 0.9138 2.5032 1.6516 -0.5541 -0.1914 0.2961 0.7541
1311875815.2017 0.9138 2.5030 1.6516 -0.5546 -0.1917 0.2962 0.7536
1311875815.2051 0.9138 2.5029 1.6516 -0.5545 -0.1915 0.2963 0.7537
1311875815.2083 0.9137 2.5027 1.6516 -0.5548 -0.1918 0.2965 0.7533
1311875815.2117 0.9137 2.5026 1.6515 -0.5556 -0.1922 0.2964 0.7527
1311875815.2150 0.9136 2.5024 1.6515 -0.5556 -0.1922 0.2964 0.7527
1311875815.2182 0.9138 2.5024 1.6514 -0.5560 -0.1928 0.2960 0.7524
1311875815.2217 0.9137 2.5021 1.6513 -0.5571 -0.1939 0.2957 0.7514
1311875815.2251 0.9136 2.5020 1.6515 -0.5565 -0.1925 0.2963 0.7520
1311875815.2283 0.9135 2.5018 1.6514 -0.5574 -0.1935 0.2960 0.7512
1311875815.2317 0.9136 2.5017 1.6514 -0.5572 -0.1929 0.2960 0.7515
1311875815.2350 0.9136 2.5016 1.6515 -0.5573 -0.1931 0.2960 0.7513
1311875815.2384 0.9136 2.5015 1.6514 -0.5578 -0.1933 0.2958 0.7510
1311875815.2417 0.9136 2.5014 1.6513 -0.5584 -0.1938 0.2957 0.7505
1311875815.2451 0.9137 2.5012 1.6515 -0.5583 -0.1937 0.2958 0.7505
1311875815.2483 0.9137 2.5011 1.6515 -0.5585 -0.1937 0.2958 0.7504
1311875815.2517 0.9137 2.5010 1.6514 -0.5589 -0.1941 0.2953 0.7502
1311875815.2550 0.9136 2.5008 1.6513 -0.5593 -0.1946 0.2953 0.7498
1311875815.2584 0.9136 2.5006 1.6512 -0.5600 -0.1951 0.2952 0.7491
1311875815.2617 0.9136 2.5005 1.6512 -0.5600 -0.1951 0.2951 0.7492
1311875815.2652 0.9136 2.5003 1.6513 -0.5602 -0.1953 0.2954 0.7488
1311875815.2684 0.9136 2.5004 1.6513 -0.5604 -0.1948 0.2956 0.7488
1311875815.2717 0.9136 2.5002 1.6512 -0.5610 -0.1960 0.2948 0.7484
1311875815.2750 0.9136 2.5001 1.6511 -0.5614 -0.1963 0.2947 0.7480
1311875815.2783 0.9136 2.4999 1.6511 -0.5619 -0.1968 0.2947 0.7475
1311875815.2817 0.9136 2.4997 1.6510 -0.5626 -0.1976 0.2946 0.7468
1311875815.2850 0.9136 2.4997 1.6512 -0.5620 -0.1963 0.2954 0.7472
1311875815.2883 0.9137 2.4994 1.6509 -0.5634 -0.1983 0.2946 0.7460
1311875815.2916 0.9137 2.4993 1.6509 -0.5636 -0.1987 0.2946 0.7457
1311875815.2950 0.9138 2.4990 1.6510 -0.5641 -0.1991 0.2951 0.7451
1311875815.2983 0.9138 2.4990 1.6509 -0.5642 -0.1993 0.2948 0.7450
1311875815.3017 0.9139 2.4987 1.6509 -0.5645 -0.1997 0.2955 0.7444
1311875815.3051 0.9139 2.4986 1.6508 -0.5649 -0.2004 0.2950 0.7441
1311875815.3083 0.9139 2.4984 1.6508 -0.5651 -0.2006 0.2951 0.7439
1311875815.3117 0.9140 2.4981 1.6509 -0.5655 -0.2011 0.2956 0.7433
1311875815.3150 0.9140 2.4981 1.6508 -0.5654 -0.2013 0.2953 0.7434
1311875815.3184 0.9141 2.4978 1.6508 -0.5658 -0.2016 0.2957 0.7428
1311875815.3217 0.9142 2.4978 1.6507 -0.5659 -0.2020 0.2955 0.7427
1311875815.3250 0.9143 2.4976 1.6507 -0.5660 -0.2022 0.2955 0.7426
1311875815.3284 0.9143 2.4974 1.6507 -0.5662 -0.2027 0.2957 0.7422
1311875815.3318 0.9145 2.4973 1.6506 -0.5662 -0.2032 0.2958 0.7421
1311875815.3350 0.9146 2.4971 1.6506 -0.5664 -0.2037 0.2959 0.7417
1311875815.3384 0.9147 2.4969 1.6506 -0.5665 -0.2038 0.2961 0.7415
1311875815.3417 0.9147 2.4966 1.6506 -0.5668 -0.2048 0.2959 0.7412
1311875815.3450 0.9148 2.4965 1.6506 -0.5667 -0.2044 0.2966 0.7410
1311875815.3483 0.9149 2.4963 1.6506 -0.5668 -0.2046 0.2968 0.7408
1311875815.3517 0.9150 2.4961 1.6507 -0.5670 -0.2056 0.2967 0.7405
1311875815.3550 0.9152 2.4960 1.6505 -0.5670 -0.2053 0.2968 0.7404
1311875815.3583 0.9153 2.4958 1.6505 -0.5671 -0.2057 0.2973 0.7401
1311875815.3618 0.9154 2.4957 1.6505 -0.5672 -0.2060 0.2972 0.7400
1311875815.3650 0.9155 2.4955 1.6504 -0.5675 -0.2063 0.2972 0.7396
1311875815.3684 0.9156 2.4954 1.6505 -0.5674 -0.2068 0.2971 0.7396
1311875815.3717 0.9157 2.4952 1.6505 -0.5676 -0.2071 0.2972 0.7393
1311875815.3750 0.9162 2.4950 1.6503 -0.5682 -0.2080 0.2972 0.7386
1311875815.3783 0.9160 2.4949 1.6503 -0.5681 -0.2075 0.2978 0.7386
1311875815.3817 0.9162 2.4947 1.6502 -0.5683 -0.2077 0.2980 0.7383
1311875815.3850 0.9163 2.4946 1.6502 -0.5684 -0.2079 0.2981 0.7381
1311875815.3906 0.9165 2.4944 1.6501 -0.5686 -0.2083 0.2984 0.7377
1311875815.3918 0.9165 2.4945 1.6502 -0.5680 -0.2074 0.2987 0.7384
1311875815.3971 0.9167 2.4942 1.6501 -0.5684 -0.2081 0.2985 0.7379
1311875815.3983 0.9169 2.4939 1.6500 -0.5692 -0.2089 0.2989 0.7369
1311875815.4017 0.9170 2.4938 1.6499 -0.5693 -0.2089 0.2988 0.7369
1311875815.4051 0.9173 2.4936 1.6499 -0.5692 -0.2089 0.2994 0.7367
1311875815.4084 0.9175 2.4934 1.6498 -0.5695 -0.2093 0.2996 0.7363
1311875815.4117 0.9175 2.4934 1.6497 -0.5694 -0.2091 0.2995 0.7365
1311875815.4150 0.9178 2.4931 1.6497 -0.5698 -0.2097 0.3001 0.7357
1311875815.4184 0.9180 2.4929 1.6496 -0.5702 -0.2100 0.3003 0.7353
1311875815.4217 0.9182 2.4927 1.6495 -0.5703 -0.2102 0.3006 0.7350
1311875815.4251 0.9184 2.4926 1.6494 -0.5706 -0.2106 0.3008 0.7346
1311875815.4284 0.9182 2.4924 1.6493 -0.5703 -0.2117 0.3013 0.7343
1311875815.4316 0.9188 2.4922 1.6492 -0.5710 -0.2112 0.3012 0.7339
1311875815.4350 0.9190 2.4920 1.6491 -0.5713 -0.2116 0.3013 0.7335
1311875815.4383 0.9193 2.4920 1.6489 -0.5714 -0.2120 0.3009 0.7334
1311875815.4416 0.9194 2.4917 1.6489 -0.5720 -0.2124 0.3015 0.7327
1311875815.4449 0.9196 2.4915 1.6488 -0.5725 -0.2127 0.3014 0.7323
1311875815.4483 0.9199 2.4914 1.6488 -0.5722 -0.2124 0.3014 0.7325
1311875815.4516 0.9201 2.4912 1.6486 -0.5732 -0.2131 0.3011 0.7317
1311875815.4550 0.9203 2.4910 1.6485 -0.5735 -0.2134 0.3010 0.7314
1311875815.4583 0.9187 2.4907 1.6491 -0.5703 -0.2137 0.3045 0.7324
1311875815.4617 0.9209 2.4906 1.6483 -0.5743 -0.2138 0.3008 0.7307
1311875815.4652 0.9212 2.4907 1.6481 -0.5744 -0.2142 0.3003 0.7308
1311875815.4684 0.9214 2.4903 1.6481 -0.5750 -0.2141 0.3005 0.7302
1311875815.4717 0.9217 2.4902 1.6479 -0.5754 -0.2144 0.3003 0.7299
1311875815.4751 0.9220 2.4900 1.6478 -0.5757 -0.2147 0.3002 0.7296
1311875815.4784 0.9224 2.4899 1.6478 -0.5758 -0.2147 0.3001 0.7296
1311875815.4817 0.9226 2.4897 1.6477 -0.5762 -0.2149 0.2999 0.7293
1311875815.4851 0.9230 2.4895 1.6476 -0.5768 -0.2152 0.2995 0.7289
1311875815.4884 0.9233 2.4894 1.6474 -0.5771 -0.2154 0.2993 0.7287
1311875815.4918 0.9237 2.4892 1.6473 -0.5776 -0.2155 0.2990 0.7284
1311875815.4951 0.9240 2.4890 1.6472 -0.5781 -0.2158 0.2989 0.7280
1311875815.4983 0.9243 2.4890 1.6471 -0.5783 -0.2158 0.2986 0.7279
1311875815.5016 0.9247 2.4888 1.6470 -0.5789 -0.2163 0.2984 0.7273
1311875815.5050 0.9249 2.4886 1.6468 -0.5793 -0.2165 0.2983 0.7270
1311875815.5083 0.9252 2.4885 1.6467 -0.5797 -0.2165 0.2980 0.7268
1311875815.5116 0.9255 2.4885 1.6466 -0.5799 -0.2167 0.2980 0.7266
1311875815.5149 0.9258 2.4883 1.6465 -0.5806 -0.2171 0.2978 0.7260
1311875815.5183 0.9262 2.4882 1.6463 -0.5811 -0.2173 0.2976 0.7256
1311875815.5216 0.9265 2.4880 1.6462 -0.5816 -0.2176 0.2976 0.7251
1311875815.5250 0.9268 2.4880 1.6461 -0.5821 -0.2177 0.2974 0.7248
1311875815.5284 0.9272 2.4878 1.6459 -0.5826 -0.2182 0.2973 0.7243
1311875815.5317 0.9276 2.4876 1.6458 -0.5834 -0.2184 0.2970 0.7237
1311875815.5350 0.9279 2.4875 1.6456 -0.5838 -0.2185 0.2968 0.7234
1311875815.5384 0.9283 2.4874 1.6454 -0.5845 -0.2188 0.2966 0.7228
1311875815.5417 0.9287 2.4873 1.6453 -0.5850 -0.2189 0.2965 0.7224
1311875815.5450 0.9291 2.4872 1.6451 -0.5856 -0.2192 0.2964 0.7219
1311875815.5483 0.9295 2.4870 1.6450 -0.5863 -0.2195 0.2962 0.7214
1311875815.5517 0.9298 2.4870 1.6449 -0.5867 -0.2195 0.2961 0.7210
1311875815.5550 0.9302 2.4868 1.6447 -0.5876 -0.2201 0.2959 0.7203
1311875815.5583 0.9305 2.4866 1.6445 -0.5881 -0.2202 0.2958 0.7198
1311875815.5629 0.9309 2.4866 1.6444 -0.5886 -0.2205 0.2956 0.7194
1311875815.5653 0.9314 2.4864 1.6442 -0.5895 -0.2210 0.2954 0.7186
1311875815.5684 0.9317 2.4863 1.6441 -0.5900 -0.2214 0.2953 0.7181
1311875815.5718 0.9322 2.4863 1.6440 -0.5906 -0.2215 0.2952 0.7176
1311875815.5751 0.9326 2.4862 1.6438 -0.5913 -0.2218 0.2951 0.7170
1311875815.5784 0.9329 2.4861 1.6436 -0.5919 -0.2221 0.2951 0.7164
1311875815.5818 0.9333 2.4860 1.6435 -0.5923 -0.2224 0.2951 0.7160
1311875815.5851 0.9337 2.4859 1.6434 -0.5928 -0.2228 0.2951 0.7154
1311875815.5884 0.9341 2.4858 1.6432 -0.5934 -0.2231 0.2950 0.7149
1311875815.5918 0.9346 2.4857 1.6430 -0.5938 -0.2236 0.2950 0.7144
1311875815.5950 0.9349 2.4857 1.6429 -0.5942 -0.2239 0.2951 0.7140
1311875815.5983 0.9353 2.4856 1.6428 -0.5944 -0.2238 0.2952 0.7138
1311875815.6016 0.9357 2.4855 1.6426 -0.5950 -0.2243 0.2951 0.7132
1311875815.6049 0.9360 2.4854 1.6424 -0.5951 -0.2245 0.2956 0.7128
1311875815.6083 0.9365 2.4853 1.6423 -0.5956 -0.2246 0.2954 0.7124
1311875815.6116 0.9369 2.4852 1.6422 -0.5961 -0.2251 0.2956 0.7118
1311875815.6149 0.9373 2.4851 1.6420 -0.5961 -0.2252 0.2958 0.7116
1311875815.6183 0.9378 2.4850 1.6419 -0.5969 -0.2256 0.2957 0.7109
1311875815.6216 0.9382 2.4849 1.6417 -0.5972 -0.2259 0.2959 0.7105
1311875815.6251 0.9387 2.4848 1.6416 -0.5975 -0.2262 0.2961 0.7101
1311875815.6285 0.9391 2.4847 1.6414 -0.5980 -0.2268 0.2961 0.7094
1311875815.6318 0.9395 2.4846 1.6413 -0.5985 -0.2271 0.2962 0.7089
1311875815.6351 0.9399 2.4845 1.6411 -0.5987 -0.2276 0.2964 0.7085
1311875815.6384 0.9401 2.4843 1.6410 -0.5987 -0.2279 0.2972 0.7080
1311875815.6417 0.9408 2.4843 1.6408 -0.5993 -0.2281 0.2970 0.7075
1311875815.6450 0.9412 2.4843 1.6406 -0.5995 -0.2284 0.2973 0.7071
1311875815.6484 0.9416 2.4842 1.6405 -0.5998 -0.2288 0.2976 0.7067
1311875815.6517 0.9421 2.4841 1.6403 -0.6003 -0.2294 0.2978 0.7059
1311875815.6551 0.9425 2.4840 1.6401 -0.6009 -0.2298 0.2980 0.7052
1311875815.6584 0.9430 2.4840 1.6400 -0.6010 -0.2299 0.2985 0.7048
1311875815.6618 0.9435 2.4840 1.6398 -0.6015 -0.2303 0.2988 0.7042
1311875815.6651 0.9439 2.4839 1.6396 -0.6019 -0.2309 0.2991 0.7035
1311875815.6685 0.9444 2.4838 1.6394 -0.6025 -0.2314 0.2993 0.7028
1311875815.6718 0.9448 2.4838 1.6392 -0.6029 -0.2319 0.2996 0.7022
1311875815.6751 0.9453 2.4837 1.6390 -0.6033 -0.2323 0.3000 0.7015
1311875815.6785 0.9458 2.4835 1.6387 -0.6038 -0.2329 0.3003 0.7007
1311875815.6818 0.9463 2.4835 1.6385 -0.6041 -0.2333 0.3005 0.7002
1311875815.6851 0.9468 2.4835 1.6384 -0.6042 -0.2336 0.3009 0.6999
1311875815.6884 0.9473 2.4834 1.6383 -0.6042 -0.2339 0.3012 0.6997
1311875815.6917 0.9478 2.4834 1.6381 -0.6041 -0.2333 0.3017 0.6997
1311875815.6950 0.9481 2.4832 1.6379 -0.6045 -0.2343 0.3019 0.6990
1311875815.6984 0.9486 2.4831 1.6377 -0.6050 -0.2348 0.3022 0.6982
1311875815.7017 0.9491 2.4830 1.6375 -0.6050 -0.2349 0.3026 0.6980
1311875815.7050 0.9495 2.4830 1.6373 -0.6055 -0.2354 0.3026 0.6974
1311875815.7084 0.9500 2.4829 1.6371 -0.6058 -0.2357 0.3028 0.6970
1311875815.7116 0.9504 2.4828 1.6369 -0.6060 -0.2359 0.3029 0.6967
1311875815.7149 0.9509 2.4827 1.6367 -0.6063 -0.2362 0.3029 0.6963
1311875815.7183 0.9514 2.4826 1.6365 -0.6066 -0.2366 0.3030 0.6958
1311875815.7236 0.9519 2.4825 1.6363 -0.6069 -0.2372 0.3030 0.6954
1311875815.7251 0.9519 2.4824 1.6362 -0.6062 -0.2376 0.3044 0.6953
1311875815.7285 0.9529 2.4824 1.6359 -0.6074 -0.2381 0.3032 0.6945
1311875815.7317 0.9534 2.4823 1.6357 -0.6078 -0.2384 0.3030 0.6942
1311875815.7350 0.9539 2.4823 1.6355 -0.6081 -0.2388 0.3029 0.6939
1311875815.7384 0.9545 2.4822 1.6353 -0.6084 -0.2394 0.3026 0.6935
1311875815.7417 0.9550 2.4821 1.6350 -0.6088 -0.2398 0.3023 0.6931
1311875815.7450 0.9554 2.4820 1.6348 -0.6092 -0.2401 0.3022 0.6927
1311875815.7484 0.9560 2.4819 1.6346 -0.6097 -0.2407 0.3020 0.6922
1311875815.7516 0.9565 2.4818 1.6344 -0.6101 -0.2411 0.3019 0.6918
1311875815.7550 0.9569 2.4817 1.6342 -0.6101 -0.2416 0.3019 0.6916
1311875815.7583 0.9574 2.4817 1.6340 -0.6103 -0.2419 0.3019 0.6913
1311875815.7617 0.9577 2.4817 1.6338 -0.6102 -0.2415 0.3016 0.6916
1311875815.7651 0.9586 2.4815 1.6335 -0.6110 -0.2427 0.3014 0.6906
1311875815.7684 0.9589 2.4814 1.6334 -0.6112 -0.2427 0.3018 0.6903
1311875815.7717 0.9594 2.4813 1.6332 -0.6112 -0.2429 0.3020 0.6902
1311875815.7751 0.9598 2.4811 1.6329 -0.6118 -0.2434 0.3018 0.6894
1311875815.7783 0.9604 2.4811 1.6326 -0.6124 -0.2440 0.3016 0.6888
1311875815.7817 0.9604 2.4809 1.6326 -0.6123 -0.2432 0.3021 0.6890
1311875815.7850 0.9611 2.4819 1.6326 -0.6117 -0.2423 0.3011 0.6903
1311875815.7883 0.9617 2.4819 1.6324 -0.6120 -0.2423 0.3010 0.6900
1311875815.7916 0.9625 2.4807 1.6318 -0.6139 -0.2448 0.3017 0.6872
1311875815.7950 0.9628 2.4808 1.6317 -0.6136 -0.2449 0.3018 0.6873
