1311875571.9475 0.1027 -1.1681 1.2367 -0.0670 0.7321 -0.6561 0.1707
1311875571.9508 0.1022 -1.1681 1.2368 -0.0659 0.7318 -0.6562 0.1718
1311875571.9542 0.1016 -1.1682 1.2371 -0.0644 0.7316 -0.6563 0.1728
1311875571.9576 0.1010 -1.1682 1.2372 -0.0632 0.7316 -0.6561 0.1739
1311875571.9609 0.1004 -1.1683 1.2374 -0.0620 0.7313 -0.6563 0.1749
1311875571.9642 0.0998 -1.1683 1.2376 -0.0609 0.7314 -0.6561 0.1758
1311875571.9675 0.0992 -1.1683 1.2377 -0.0599 0.7314 -0.6560 0.1765
1311875571.9709 0.0986 -1.1683 1.2378 -0.0591 0.7316 -0.6557 0.1771
1311875571.9742 0.0981 -1.1683 1.2379 -0.0583 0.7316 -0.6556 0.1778
1311875571.9776 0.0974 -1.1684 1.2381 -0.0577 0.7316 -0.6555 0.1781
1311875571.9808 0.0970 -1.1684 1.2383 -0.0570 0.7316 -0.6554 0.1788
1311875571.9842 0.0965 -1.1686 1.2386 -0.0564 0.7313 -0.6556 0.1796
1311875571.9876 0.0957 -1.1689 1.2388 -0.0558 0.7301 -0.6564 0.1815
1311875571.9909 0.0953 -1.1691 1.2390 -0.0553 0.7296 -0.6568 0.1824
1311875571.9943 0.0949 -1.1693 1.2393 -0.0550 0.7290 -0.6572 0.1834
1311875571.9976 0.0945 -1.1695 1.2396 -0.0547 0.7285 -0.6575 0.1843
1311875572.0010 0.0941 -1.1697 1.2398 -0.0545 0.7280 -0.6578 0.1852
1311875572.0043 0.0938 -1.1699 1.2401 -0.0545 0.7279 -0.6577 0.1861
1311875572.0076 0.0936 -1.1700 1.2403 -0.0547 0.7277 -0.6576 0.1871
1311875572.0109 0.0933 -1.1701 1.2406 -0.0548 0.7277 -0.6573 0.1879
1311875572.0143 0.0931 -1.1703 1.2409 -0.0551 0.7277 -0.6571 0.1887
1311875572.0176 0.0928 -1.1704 1.2412 -0.0555 0.7278 -0.6567 0.1896
1311875572.0208 0.0926 -1.1706 1.2415 -0.0561 0.7276 -0.6566 0.1905
1311875572.0242 0.0924 -1.1709 1.2418 -0.0568 0.7274 -0.6565 0.1914
1311875572.0275 0.0922 -1.1711 1.2420 -0.0575 0.7270 -0.6566 0.1922
1311875572.0308 0.0920 -1.1713 1.2423 -0.0582 0.7268 -0.6566 0.1929
1311875572.0342 0.0917 -1.1714 1.2426 -0.0590 0.7266 -0.6566 0.1936
1311875572.0374 0.0914 -1.1715 1.2429 -0.0597 0.7265 -0.6565 0.1942
1311875572.0409 0.0912 -1.1716 1.2432 -0.0604 0.7264 -0.6564 0.1948
1311875572.0442 0.0909 -1.1717 1.2436 -0.0610 0.7262 -0.6564 0.1952
1311875572.0475 0.0906 -1.1719 1.2440 -0.0616 0.7259 -0.6565 0.1957
1311875572.0509 0.0904 -1.1721 1.2444 -0.0624 0.7256 -0.6566 0.1963
1311875572.0541 0.0903 -1.1723 1.2448 -0.0633 0.7252 -0.6569 0.1967
1311875572.0575 0.0901 -1.1725 1.2451 -0.0643 0.7251 -0.6568 0.1970
1311875572.0608 0.0900 -1.1727 1.2455 -0.0652 0.7247 -0.6570 0.1972
1311875572.0641 0.0898 -1.1729 1.2458 -0.0659 0.7245 -0.6571 0.1974
1311875572.0675 0.0897 -1.1730 1.2461 -0.0667 0.7245 -0.6570 0.1973
1311875572.0708 0.0895 -1.1731 1.2464 -0.0676 0.7246 -0.6569 0.1971
1311875572.0741 0.0893 -1.1732 1.2467 -0.0686 0.7248 -0.6567 0.1966
1311875572.0775 0.0891 -1.1734 1.2470 -0.0695 0.7251 -0.6565 0.1960
1311875572.0809 0.0888 -1.1735 1.2474 -0.0704 0.7255 -0.6561 0.1952
1311875572.0841 0.0886 -1.1736 1.2477 -0.0712 0.7258 -0.6559 0.1946
1311875572.0875 0.0885 -1.1737 1.2480 -0.0720 0.7261 -0.6557 0.1940
1311875572.0908 0.0885 -1.1739 1.2484 -0.0728 0.7265 -0.6554 0.1933
1311875572.0942 0.0879 -1.1740 1.2488 -0.0739 0.7272 -0.6550 0.1915
1311875572.0975 0.0876 -1.1741 1.2492 -0.0748 0.7277 -0.6547 0.1902
1311875572.1009 0.0874 -1.1742 1.2495 -0.0755 0.7282 -0.6545 0.1888
1311875572.1042 0.0872 -1.1743 1.2499 -0.0762 0.7285 -0.6544 0.1875
1311875572.1076 0.0870 -1.1744 1.2502 -0.0767 0.7290 -0.6542 0.1861
1311875572.1108 0.0867 -1.1745 1.2506 -0.0775 0.7295 -0.6541 0.1844
1311875572.1142 0.0864 -1.1746 1.2510 -0.0784 0.7300 -0.6539 0.1828
1311875572.1174 0.0862 -1.1746 1.2514 -0.0790 0.7306 -0.6536 0.1810
1311875572.1208 0.0860 -1.1746 1.2517 -0.0796 0.7314 -0.6532 0.1790
1311875572.1241 0.0857 -1.1747 1.2520 -0.0802 0.7320 -0.6530 0.1769
1311875572.1275 0.0854 -1.1748 1.2523 -0.0807 0.7325 -0.6530 0.1746
1311875572.1308 0.0851 -1.1749 1.2527 -0.0811 0.7330 -0.6530 0.1722
1311875572.1341 0.0849 -1.1751 1.2530 -0.0813 0.7335 -0.6530 0.1700
1311875572.1374 0.0846 -1.1752 1.2533 -0.0815 0.7340 -0.6530 0.1677
1311875572.1408 0.0843 -1.1753 1.2536 -0.0816 0.7344 -0.6532 0.1654
1311875572.1441 0.0840 -1.1755 1.2540 -0.0817 0.7345 -0.6536 0.1634
1311875572.1475 0.0837 -1.1756 1.2543 -0.0819 0.7348 -0.6537 0.1614
1311875572.1507 0.0834 -1.1757 1.2546 -0.0820 0.7351 -0.6539 0.1594
1311875572.1542 0.0829 -1.1758 1.2549 -0.0821 0.7354 -0.6540 0.1572
1311875572.1575 0.0825 -1.1760 1.2552 -0.0820 0.7358 -0.6541 0.1550
1311875572.1608 0.0821 -1.1761 1.2555 -0.0816 0.7363 -0.6541 0.1528
1311875572.1642 0.0817 -1.1763 1.2557 -0.0811 0.7367 -0.6542 0.1509
1311875572.1675 0.0813 -1.1763 1.2559 -0.0808 0.7373 -0.6540 0.1487
1311875572.1708 0.0806 -1.1764 1.2562 -0.0809 0.7382 -0.6537 0.1458
1311875572.1742 0.0803 -1.1765 1.2564 -0.0807 0.7386 -0.6537 0.1438
1311875572.1775 0.0800 -1.1767 1.2566 -0.0802 0.7389 -0.6537 0.1420
1311875572.1809 0.0797 -1.1769 1.2569 -0.0797 0.7393 -0.6538 0.1403
1311875572.1842 0.0793 -1.1773 1.2572 -0.0790 0.7395 -0.6541 0.1384
1311875572.1875 0.0789 -1.1775 1.2574 -0.0785 0.7400 -0.6539 0.1366
1311875572.1908 0.0785 -1.1776 1.2576 -0.0781 0.7406 -0.6536 0.1350
1311875572.1942 0.0781 -1.1777 1.2578 -0.0778 0.7414 -0.6531 0.1332
1311875572.1975 0.0777 -1.1779 1.2580 -0.0775 0.7422 -0.6526 0.1317
1311875572.2009 0.0773 -1.1784 1.2585 -0.0782 0.7419 -0.6530 0.1304
1311875572.2042 0.0769 -1.1782 1.2584 -0.0769 0.7435 -0.6517 0.1288
1311875572.2076 0.0765 -1.1789 1.2589 -0.0777 0.7427 -0.6527 0.1275
1311875572.2108 0.0762 -1.1784 1.2590 -0.0765 0.7447 -0.6511 0.1254
1311875572.2141 0.0757 -1.1787 1.2592 -0.0763 0.7451 -0.6509 0.1240
1311875572.2174 0.0754 -1.1789 1.2595 -0.0763 0.7455 -0.6507 0.1226
1311875572.2208 0.0750 -1.1791 1.2598 -0.0762 0.7460 -0.6504 0.1212
1311875572.2241 0.0751 -1.1788 1.2604 -0.0758 0.7469 -0.6497 0.1194
1311875572.2274 0.0745 -1.1794 1.2606 -0.0757 0.7463 -0.6505 0.1186
1311875572.2308 0.0743 -1.1797 1.2610 -0.0755 0.7462 -0.6509 0.1175
1311875572.2341 0.0741 -1.1805 1.2617 -0.0763 0.7448 -0.6525 0.1167
1311875572.2374 0.0740 -1.1803 1.2620 -0.0755 0.7459 -0.6516 0.1154
1311875572.2407 0.0739 -1.1805 1.2625 -0.0758 0.7459 -0.6518 0.1145
1311875572.2441 0.0739 -1.1807 1.2630 -0.0765 0.7458 -0.6519 0.1137
1311875572.2475 0.0738 -1.1810 1.2636 -0.0770 0.7457 -0.6521 0.1131
1311875572.2508 0.0738 -1.1812 1.2641 -0.0777 0.7457 -0.6521 0.1125
1311875572.2541 0.0738 -1.1813 1.2645 -0.0783 0.7457 -0.6521 0.1119
1311875572.2575 0.0738 -1.1815 1.2649 -0.0789 0.7458 -0.6520 0.1117
1311875572.2608 0.0739 -1.1816 1.2653 -0.0794 0.7458 -0.6519 0.1116
1311875572.2642 0.0739 -1.1816 1.2657 -0.0798 0.7459 -0.6517 0.1115
1311875572.2675 0.0739 -1.1816 1.2661 -0.0803 0.7462 -0.6514 0.1114
1311875572.2708 0.0740 -1.1816 1.2665 -0.0807 0.7463 -0.6512 0.1115
1311875572.2742 0.0740 -1.1817 1.2669 -0.0811 0.7465 -0.6510 0.1114
1311875572.2775 0.0740 -1.1817 1.2674 -0.0815 0.7467 -0.6507 0.1116
1311875572.2808 0.0740 -1.1817 1.2678 -0.0819 0.7466 -0.6507 0.1118
1311875572.2842 0.0741 -1.1817 1.2682 -0.0820 0.7465 -0.6507 0.1121
1311875572.2875 0.0737 -1.1816 1.2686 -0.0822 0.7468 -0.6504 0.1117
1311875572.2909 0.0738 -1.1819 1.2691 -0.0826 0.7462 -0.6510 0.1123
1311875572.2943 0.0738 -1.1817 1.2693 -0.0821 0.7466 -0.6504 0.1127
1311875572.2976 0.0739 -1.1817 1.2697 -0.0821 0.7468 -0.6502 0.1132
1311875572.3015 0.0739 -1.1817 1.2700 -0.0822 0.7469 -0.6499 0.1138
1311875572.3043 0.0740 -1.1818 1.2704 -0.0824 0.7471 -0.6495 0.1144
1311875572.3106 0.0740 -1.1818 1.2707 -0.0826 0.7475 -0.6490 0.1150
1311875572.3110 0.0741 -1.1818 1.2711 -0.0826 0.7478 -0.6485 0.1157
1311875572.3143 0.0741 -1.1818 1.2715 -0.0828 0.7483 -0.6479 0.1164
1311875572.3176 0.0741 -1.1818 1.2718 -0.0828 0.7486 -0.6474 0.1170
1311875572.3209 0.0741 -1.1819 1.2722 -0.0828 0.7489 -0.6469 0.1175
1311875572.3243 0.0741 -1.1819 1.2726 -0.0828 0.7491 -0.6466 0.1180
1311875572.3276 0.0742 -1.1819 1.2730 -0.0826 0.7492 -0.6463 0.1187
1311875572.3311 0.0743 -1.1819 1.2734 -0.0825 0.7493 -0.6461 0.1192
1311875572.3343 0.0744 -1.1819 1.2738 -0.0824 0.7494 -0.6459 0.1197
1311875572.3376 0.0744 -1.1819 1.2743 -0.0824 0.7494 -0.6458 0.1203
1311875572.3409 0.0743 -1.1819 1.2748 -0.0825 0.7495 -0.6457 0.1207
1311875572.3442 0.0743 -1.1818 1.2752 -0.0825 0.7494 -0.6457 0.1211
1311875572.3475 0.0742 -1.1818 1.2756 -0.0826 0.7494 -0.6457 0.1213
1311875572.3509 0.0742 -1.1817 1.2761 -0.0827 0.7496 -0.6454 0.1216
1311875572.3541 0.0742 -1.1818 1.2765 -0.0827 0.7496 -0.6453 0.1219
1311875572.3575 0.0742 -1.1821 1.2772 -0.0834 0.7489 -0.6459 0.1223
1311875572.3609 0.0742 -1.1816 1.2774 -0.0827 0.7500 -0.6448 0.1223
1311875572.3641 0.0742 -1.1816 1.2779 -0.0828 0.7499 -0.6447 0.1228
1311875572.3676 0.0743 -1.1816 1.2784 -0.0829 0.7499 -0.6446 0.1232
1311875572.3708 0.0744 -1.1815 1.2789 -0.0832 0.7499 -0.6446 0.1235
1311875572.3742 0.0745 -1.1815 1.2794 -0.0834 0.7499 -0.6445 0.1236
1311875572.3775 0.0746 -1.1816 1.2801 -0.0842 0.7494 -0.6450 0.1238
1311875572.3809 0.0747 -1.1816 1.2805 -0.0846 0.7495 -0.6448 0.1238
1311875572.3841 0.0746 -1.1815 1.2809 -0.0848 0.7496 -0.6446 0.1238
1311875572.3875 0.0747 -1.1815 1.2814 -0.0853 0.7496 -0.6446 0.1239
1311875572.3909 0.0747 -1.1815 1.2820 -0.0857 0.7497 -0.6444 0.1240
1311875572.3942 0.0748 -1.1815 1.2825 -0.0862 0.7497 -0.6443 0.1241
1311875572.3975 0.0749 -1.1815 1.2831 -0.0867 0.7496 -0.6443 0.1243
1311875572.4009 0.0750 -1.1815 1.2836 -0.0874 0.7495 -0.6443 0.1244
1311875572.4042 0.0751 -1.1815 1.2842 -0.0880 0.7490 -0.6448 0.1245
1311875572.4075 0.0750 -1.1818 1.2849 -0.0891 0.7481 -0.6458 0.1243
1311875572.4108 0.0752 -1.1814 1.2856 -0.0892 0.7483 -0.6456 0.1236
1311875572.4141 0.0752 -1.1813 1.2861 -0.0897 0.7480 -0.6460 0.1233
1311875572.4176 0.0751 -1.1815 1.2867 -0.0904 0.7471 -0.6469 0.1231
1311875572.4208 0.0755 -1.1816 1.2877 -0.0915 0.7462 -0.6479 0.1228
1311875572.4242 0.0754 -1.1811 1.2882 -0.0911 0.7464 -0.6478 0.1219
1311875572.4274 0.0754 -1.1813 1.2891 -0.0922 0.7451 -0.6494 0.1212
1311875572.4309 0.0754 -1.1810 1.2897 -0.0921 0.7448 -0.6498 0.1204
1311875572.4342 0.0753 -1.1812 1.2904 -0.0929 0.7435 -0.6513 0.1200
1311875572.4376 0.0757 -1.1813 1.2915 -0.0939 0.7420 -0.6530 0.1194
1311875572.4409 0.0754 -1.1808 1.2919 -0.0932 0.7421 -0.6532 0.1184
1311875572.4441 0.0754 -1.1811 1.2930 -0.0939 0.7401 -0.6554 0.1179
1311875572.4475 0.0753 -1.1808 1.2935 -0.0929 0.7399 -0.6559 0.1172
1311875572.4508 0.0749 -1.1808 1.2942 -0.0927 0.7392 -0.6569 0.1160
1311875572.4542 0.0751 -1.1807 1.2950 -0.0923 0.7385 -0.6578 0.1155
1311875572.4575 0.0747 -1.1806 1.2957 -0.0922 0.7381 -0.6585 0.1143
1311875572.4608 0.0747 -1.1806 1.2965 -0.0920 0.7375 -0.6594 0.1135
1311875572.4642 0.0746 -1.1805 1.2973 -0.0918 0.7368 -0.6603 0.1126
1311875572.4675 0.0744 -1.1811 1.2981 -0.0923 0.7348 -0.6625 0.1123
1311875572.4711 0.0741 -1.1812 1.2988 -0.0921 0.7341 -0.6634 0.1114
1311875572.4743 0.0742 -1.1806 1.2994 -0.0911 0.7346 -0.6633 0.1098
1311875572.4777 0.0741 -1.1806 1.3002 -0.0910 0.7341 -0.6640 0.1089
1311875572.4810 0.0740 -1.1805 1.3009 -0.0909 0.7339 -0.6645 0.1077
1311875572.4842 0.0738 -1.1805 1.3017 -0.0909 0.7337 -0.6649 0.1065
1311875572.4876 0.0737 -1.1806 1.3024 -0.0912 0.7332 -0.6656 0.1055
1311875572.4909 0.0735 -1.1806 1.3033 -0.0914 0.7327 -0.6663 0.1045
1311875572.4942 0.0734 -1.1806 1.3040 -0.0915 0.7325 -0.6666 0.1033
1311875572.4979 0.0732 -1.1806 1.3047 -0.0915 0.7322 -0.6672 0.1023
1311875572.5009 0.0730 -1.1807 1.3054 -0.0917 0.7314 -0.6681 0.1014
1311875572.5043 0.0728 -1.1807 1.3062 -0.0918 0.7308 -0.6689 0.1002
1311875572.5076 0.0726 -1.1808 1.3070 -0.0920 0.7301 -0.6698 0.0990
1311875572.5108 0.0724 -1.1808 1.3078 -0.0920 0.7296 -0.6705 0.0978
1311875572.5142 0.0721 -1.1808 1.3086 -0.0918 0.7290 -0.6714 0.0966
1311875572.5175 0.0719 -1.1809 1.3094 -0.0917 0.7284 -0.6722 0.0956
1311875572.5208 0.0717 -1.1810 1.3102 -0.0917 0.7276 -0.6732 0.0945
1311875572.5242 0.0714 -1.1810 1.3110 -0.0917 0.7269 -0.6742 0.0932
1311875572.5275 0.0712 -1.1810 1.3119 -0.0916 0.7261 -0.6752 0.0921
1311875572.5309 0.0709 -1.1810 1.3127 -0.0915 0.7255 -0.6761 0.0907
1311875572.5343 0.0706 -1.1810 1.3134 -0.0913 0.7250 -0.6768 0.0894
1311875572.5375 0.0703 -1.1810 1.3142 -0.0913 0.7243 -0.6777 0.0880
1311875572.5408 0.0700 -1.1810 1.3150 -0.0911 0.7237 -0.6786 0.0866
1311875572.5442 0.0697 -1.1810 1.3159 -0.0909 0.7233 -0.6792 0.0852
1311875572.5476 0.0695 -1.1810 1.3167 -0.0906 0.7229 -0.6799 0.0836
1311875572.5508 0.0693 -1.1810 1.3175 -0.0902 0.7223 -0.6807 0.0824
1311875572.5542 0.0691 -1.1810 1.3183 -0.0899 0.7218 -0.6815 0.0811
1311875572.5574 0.0688 -1.1809 1.3191 -0.0895 0.7214 -0.6820 0.0798
1311875572.5609 0.0683 -1.1809 1.3200 -0.0890 0.7210 -0.6826 0.0788
1311875572.5642 0.0681 -1.1810 1.3207 -0.0888 0.7203 -0.6836 0.0777
1311875572.5675 0.0679 -1.1809 1.3214 -0.0887 0.7201 -0.6840 0.0763
1311875572.5709 0.0676 -1.1808 1.3222 -0.0885 0.7196 -0.6846 0.0751
1311875572.5742 0.0675 -1.1808 1.3229 -0.0884 0.7190 -0.6854 0.0741
1311875572.5776 0.0674 -1.1807 1.3236 -0.0880 0.7187 -0.6858 0.0729
1311875572.5809 0.0666 -1.1804 1.3241 -0.0885 0.7191 -0.6856 0.0712
1311875572.5842 0.0662 -1.1803 1.3248 -0.0881 0.7189 -0.6859 0.0698
1311875572.5876 0.0658 -1.1802 1.3254 -0.0876 0.7189 -0.6862 0.0685
1311875572.5909 0.0654 -1.1801 1.3260 -0.0871 0.7189 -0.6864 0.0672
1311875572.5942 0.0651 -1.1800 1.3265 -0.0866 0.7188 -0.6867 0.0662
1311875572.5976 0.0646 -1.1798 1.3271 -0.0862 0.7188 -0.6868 0.0647
1311875572.6008 0.0641 -1.1795 1.3277 -0.0859 0.7190 -0.6867 0.0633
1311875572.6041 0.0637 -1.1794 1.3283 -0.0856 0.7189 -0.6870 0.0622
1311875572.6075 0.0633 -1.1793 1.3288 -0.0852 0.7189 -0.6871 0.0611
1311875572.6108 0.0629 -1.1793 1.3294 -0.0848 0.7188 -0.6874 0.0599
1311875572.6141 0.0625 -1.1792 1.3299 -0.0841 0.7187 -0.6877 0.0590
1311875572.6174 0.0620 -1.1790 1.3305 -0.0836 0.7189 -0.6877 0.0577
1311875572.6208 0.0614 -1.1788 1.3309 -0.0828 0.7192 -0.6875 0.0565
1311875572.6241 0.0609 -1.1786 1.3314 -0.0819 0.7195 -0.6875 0.0553
1311875572.6274 0.0604 -1.1786 1.3319 -0.0810 0.7193 -0.6879 0.0542
1311875572.6308 0.0598 -1.1785 1.3324 -0.0800 0.7191 -0.6883 0.0528
1311875572.6347 0.0593 -1.1785 1.3329 -0.0793 0.7189 -0.6887 0.0515
1311875572.6376 0.0589 -1.1785 1.3334 -0.0784 0.7185 -0.6892 0.0506
1311875572.6409 0.0583 -1.1783 1.3338 -0.0775 0.7187 -0.6892 0.0492
1311875572.6444 0.0576 -1.1781 1.3343 -0.0764 0.7190 -0.6892 0.0476
1311875572.6476 0.0569 -1.1778 1.3347 -0.0752 0.7194 -0.6889 0.0461
1311875572.6509 0.0563 -1.1777 1.3352 -0.0742 0.7195 -0.6891 0.0448
1311875572.6542 0.0557 -1.1775 1.3356 -0.0733 0.7198 -0.6890 0.0433
1311875572.6576 0.0552 -1.1774 1.3361 -0.0723 0.7196 -0.6893 0.0423
1311875572.6609 0.0545 -1.1773 1.3365 -0.0711 0.7195 -0.6896 0.0412
1311875572.6642 0.0539 -1.1772 1.3369 -0.0701 0.7196 -0.6897 0.0400
1311875572.6675 0.0533 -1.1771 1.3374 -0.0692 0.7194 -0.6900 0.0390
1311875572.6709 0.0527 -1.1772 1.3378 -0.0681 0.7192 -0.6904 0.0380
1311875572.6742 0.0519 -1.1772 1.3382 -0.0670 0.7191 -0.6907 0.0370
1311875572.6775 0.0512 -1.1772 1.3386 -0.0659 0.7191 -0.6908 0.0360
1311875572.6808 0.0505 -1.1771 1.3389 -0.0647 0.7193 -0.6908 0.0352
1311875572.6842 0.0498 -1.1770 1.3392 -0.0635 0.7196 -0.6906 0.0344
1311875572.6874 0.0491 -1.1770 1.3395 -0.0623 0.7201 -0.6903 0.0335
1311875572.6908 0.0483 -1.1769 1.3398 -0.0610 0.7206 -0.6899 0.0327
1311875572.6942 0.0476 -1.1769 1.3400 -0.0599 0.7209 -0.6897 0.0322
1311875572.6975 0.0468 -1.1770 1.3402 -0.0585 0.7215 -0.6892 0.0316
1311875572.7009 0.0460 -1.1771 1.3405 -0.0569 0.7220 -0.6888 0.0311
1311875572.7042 0.0453 -1.1772 1.3407 -0.0552 0.7230 -0.6879 0.0306
1311875572.7075 0.0446 -1.1771 1.3409 -0.0539 0.7242 -0.6868 0.0304
1311875572.7108 0.0438 -1.1770 1.3410 -0.0526 0.7254 -0.6856 0.0303
1311875572.7141 0.0432 -1.1770 1.3412 -0.0512 0.7265 -0.6846 0.0300
1311875572.7175 0.0425 -1.1769 1.3413 -0.0498 0.7280 -0.6831 0.0297
1311875572.7208 0.0417 -1.1769 1.3414 -0.0485 0.7294 -0.6817 0.0295
1311875572.7242 0.0408 -1.1770 1.3416 -0.0471 0.7305 -0.6807 0.0293
1311875572.7275 0.0399 -1.1772 1.3418 -0.0457 0.7313 -0.6799 0.0292
1311875572.7308 0.0390 -1.1772 1.3419 -0.0442 0.7324 -0.6788 0.0290
1311875572.7343 0.0381 -1.1771 1.3419 -0.0426 0.7339 -0.6773 0.0287
1311875572.7375 0.0372 -1.1771 1.3421 -0.0411 0.7351 -0.6761 0.0284
1311875572.7409 0.0364 -1.1769 1.3420 -0.0390 0.7368 -0.6744 0.0285
1311875572.7442 0.0354 -1.1760 1.3417 -0.0359 0.7401 -0.6710 0.0278
1311875572.7475 0.0345 -1.1759 1.3418 -0.0344 0.7414 -0.6697 0.0276
1311875572.7508 0.0334 -1.1760 1.3419 -0.0329 0.7424 -0.6686 0.0272
1311875572.7542 0.0324 -1.1761 1.3420 -0.0316 0.7435 -0.6675 0.0271
1311875572.7575 0.0313 -1.1760 1.3421 -0.0298 0.7446 -0.6663 0.0269
1311875572.7640 0.0304 -1.1761 1.3423 -0.0284 0.7450 -0.6659 0.0271
1311875572.7642 0.0293 -1.1761 1.3422 -0.0260 0.7462 -0.6647 0.0272
1311875572.7677 0.0283 -1.1763 1.3423 -0.0242 0.7470 -0.6638 0.0272
1311875572.7709 0.0272 -1.1764 1.3423 -0.0225 0.7478 -0.6629 0.0272
1311875572.7742 0.0263 -1.1766 1.3424 -0.0211 0.7483 -0.6624 0.0276
1311875572.7775 0.0253 -1.1764 1.3424 -0.0194 0.7495 -0.6611 0.0276
1311875572.7809 0.0243 -1.1769 1.3426 -0.0187 0.7495 -0.6611 0.0280
1311875572.7843 0.0232 -1.1766 1.3425 -0.0158 0.7514 -0.6591 0.0276
1311875572.7875 0.0220 -1.1766 1.3425 -0.0138 0.7525 -0.6579 0.0273
1311875572.7910 0.0209 -1.1766 1.3426 -0.0120 0.7532 -0.6572 0.0270
1311875572.7942 0.0197 -1.1767 1.3427 -0.0100 0.7538 -0.6565 0.0266
1311875572.7976 0.0184 -1.1767 1.3428 -0.0081 0.7548 -0.6554 0.0262
1311875572.8009 0.0171 -1.1769 1.3428 -0.0063 0.7554 -0.6547 0.0257
1311875572.8043 0.0159 -1.1770 1.3428 -0.0043 0.7560 -0.6540 0.0251
1311875572.8075 0.0147 -1.1769 1.3429 -0.0024 0.7569 -0.6531 0.0244
1311875572.8109 0.0135 -1.1770 1.3430 -0.0003 0.7574 -0.6525 0.0237
1311875572.8143 0.0122 -1.1773 1.3431 0.0021 0.7576 -0.6523 0.0227
1311875572.8175 0.0110 -1.1776 1.3432 0.0043 0.7579 -0.6520 0.0218
1311875572.8209 0.0097 -1.1777 1.3432 0.0062 0.7585 -0.6513 0.0212
1311875572.8242 0.0083 -1.1776 1.3434 0.0083 0.7598 -0.6498 0.0204
1311875572.8275 0.0068 -1.1777 1.3434 0.0104 0.7603 -0.6493 0.0190
1311875572.8309 0.0054 -1.1779 1.3435 0.0125 0.7606 -0.6489 0.0177
1311875572.8342 0.0040 -1.1781 1.3436 0.0145 0.7608 -0.6487 0.0164
1311875572.8396 0.0026 -1.1784 1.3437 0.0163 0.7605 -0.6489 0.0151
1311875572.8409 0.0011 -1.1787 1.3437 0.0180 0.7604 -0.6491 0.0136
1311875572.8442 -0.0003 -1.1787 1.3437 0.0200 0.7609 -0.6485 0.0118
1311875572.8476 -0.0018 -1.1789 1.3438 0.0219 0.7611 -0.6481 0.0100
1311875572.8509 -0.0033 -1.1791 1.3439 0.0239 0.7609 -0.6484 0.0083
1311875572.8541 -0.0048 -1.1794 1.3440 0.0259 0.7606 -0.6486 0.0065
1311875572.8576 -0.0064 -1.1795 1.3441 0.0277 0.7610 -0.6481 0.0047
1311875572.8609 -0.0079 -1.1797 1.3442 0.0297 0.7607 -0.6484 0.0029
1311875572.8642 -0.0095 -1.1800 1.3444 0.0320 0.7602 -0.6489 0.0006
1311875572.8675 -0.0110 -1.1802 1.3446 0.0340 0.7598 -0.6493 -0.0015
1311875572.8708 -0.0124 -1.1805 1.3447 0.0355 0.7593 -0.6497 -0.0031
1311875572.8742 -0.0140 -1.1808 1.3448 0.0373 0.7588 -0.6502 -0.0051
1311875572.8775 -0.0157 -1.1809 1.3449 0.0391 0.7586 -0.6504 -0.0073
1311875572.8808 -0.0173 -1.1812 1.3451 0.0404 0.7585 -0.6504 -0.0095
1311875572.8842 -0.0192 -1.1816 1.3455 0.0419 0.7580 -0.6508 -0.0120
1311875572.8875 -0.0208 -1.1818 1.3457 0.0435 0.7577 -0.6511 -0.0141
1311875572.8909 -0.0223 -1.1819 1.3457 0.0448 0.7577 -0.6509 -0.0161
1311875572.8942 -0.0238 -1.1820 1.3458 0.0464 0.7576 -0.6508 -0.0182
1311875572.8976 -0.0256 -1.1824 1.3458 0.0487 0.7570 -0.6513 -0.0200
1311875572.9015 -0.0272 -1.1829 1.3463 0.0496 0.7559 -0.6525 -0.0224
1311875572.9042 -0.0287 -1.1828 1.3464 0.0512 0.7561 -0.6520 -0.0245
1311875572.9076 -0.0303 -1.1829 1.3464 0.0522 0.7562 -0.6517 -0.0263
1311875572.9108 -0.0324 -1.1829 1.3464 0.0536 0.7558 -0.6520 -0.0293
1311875572.9141 -0.0340 -1.1831 1.3465 0.0556 0.7554 -0.6522 -0.0316
1311875572.9175 -0.0353 -1.1833 1.3466 0.0572 0.7550 -0.6524 -0.0335
1311875572.9208 -0.0368 -1.1834 1.3468 0.0581 0.7551 -0.6520 -0.0352
1311875572.9242 -0.0383 -1.1835 1.3468 0.0590 0.7563 -0.6505 -0.0365
1311875572.9276 -0.0401 -1.1837 1.3469 0.0614 0.7547 -0.6520 -0.0393
1311875572.9308 -0.0417 -1.1839 1.3470 0.0633 0.7543 -0.6522 -0.0415
1311875572.9342 -0.0433 -1.1843 1.3471 0.0652 0.7536 -0.6526 -0.0438
1311875572.9376 -0.0449 -1.1846 1.3474 0.0664 0.7536 -0.6524 -0.0458
1311875572.9408 -0.0466 -1.1848 1.3474 0.0688 0.7530 -0.6526 -0.0478
1311875572.9442 -0.0483 -1.1851 1.3476 0.0706 0.7530 -0.6523 -0.0499
1311875572.9475 -0.0499 -1.1853 1.3477 0.0724 0.7529 -0.6521 -0.0518
1311875572.9508 -0.0515 -1.1855 1.3478 0.0744 0.7524 -0.6522 -0.0538
1311875572.9542 -0.0533 -1.1858 1.3480 0.0762 0.7522 -0.6521 -0.0554
1311875572.9575 -0.0550 -1.1858 1.3481 0.0779 0.7524 -0.6516 -0.0571
1311875572.9610 -0.0566 -1.1860 1.3482 0.0800 0.7524 -0.6511 -0.0590
1311875572.9642 -0.0581 -1.1861 1.3483 0.0821 0.7524 -0.6508 -0.0606
1311875572.9675 -0.0598 -1.1861 1.3485 0.0839 0.7525 -0.6503 -0.0622
1311875572.9708 -0.0615 -1.1865 1.3487 0.0860 0.7523 -0.6501 -0.0640
1311875572.9757 -0.0630 -1.1869 1.3489 0.0881 0.7521 -0.6498 -0.0656
1311875572.9775 -0.0647 -1.1869 1.3490 0.0901 0.7524 -0.6491 -0.0672
1311875572.9807 -0.0663 -1.1869 1.3492 0.0923 0.7526 -0.6483 -0.0687
1311875572.9841 -0.0679 -1.1871 1.3494 0.0942 0.7524 -0.6481 -0.0703
1311875572.9875 -0.0694 -1.1872 1.3496 0.0962 0.7526 -0.6475 -0.0718
1311875572.9913 -0.0710 -1.1873 1.3498 0.0984 0.7529 -0.6466 -0.0733
1311875572.9942 -0.0726 -1.1875 1.3500 0.1005 0.7527 -0.6463 -0.0751
1311875572.9976 -0.0743 -1.1877 1.3501 0.1023 0.7524 -0.6462 -0.0764
1311875573.0009 -0.0757 -1.1876 1.3503 0.1036 0.7527 -0.6455 -0.0777
1311875573.0042 -0.0772 -1.1872 1.3505 0.1064 0.7536 -0.6437 -0.0798
1311875573.0076 -0.0786 -1.1877 1.3506 0.1088 0.7528 -0.6442 -0.0806
1311875573.0108 -0.0801 -1.1879 1.3509 0.1103 0.7527 -0.6439 -0.0820
1311875573.0141 -0.0821 -1.1875 1.3515 0.1119 0.7534 -0.6423 -0.0856
1311875573.0175 -0.0837 -1.1874 1.3517 0.1136 0.7536 -0.6415 -0.0875
1311875573.0209 -0.0852 -1.1873 1.3520 0.1153 0.7538 -0.6408 -0.0892
1311875573.0242 -0.0867 -1.1873 1.3523 0.1174 0.7534 -0.6405 -0.0912
1311875573.0276 -0.0881 -1.1873 1.3526 0.1192 0.7529 -0.6405 -0.0933
1311875573.0309 -0.0897 -1.1873 1.3531 0.1210 0.7525 -0.6404 -0.0952
1311875573.0342 -0.0916 -1.1873 1.3537 0.1234 0.7522 -0.6399 -0.0972
1311875573.0376 -0.0929 -1.1872 1.3541 0.1246 0.7524 -0.6393 -0.0985
1311875573.0409 -0.0942 -1.1871 1.3544 0.1261 0.7524 -0.6388 -0.1002
1311875573.0442 -0.0957 -1.1871 1.3547 0.1275 0.7517 -0.6388 -0.1026
1311875573.0475 -0.0974 -1.1873 1.3552 0.1287 0.7505 -0.6397 -0.1050
1311875573.0508 -0.0990 -1.1873 1.3557 0.1302 0.7496 -0.6401 -0.1073
1311875573.0544 -0.1006 -1.1876 1.3563 0.1318 0.7484 -0.6407 -0.1096
1311875573.0576 -0.1021 -1.1877 1.3568 0.1333 0.7473 -0.6413 -0.1119
1311875573.0610 -0.1037 -1.1878 1.3573 0.1347 0.7463 -0.6417 -0.1145
1311875573.0643 -0.1053 -1.1879 1.3579 0.1359 0.7453 -0.6421 -0.1169
1311875573.0676 -0.1069 -1.1877 1.3584 0.1368 0.7450 -0.6420 -0.1189
1311875573.0709 -0.1083 -1.1876 1.3589 0.1377 0.7446 -0.6420 -0.1204
1311875573.0743 -0.1096 -1.1876 1.3594 0.1388 0.7438 -0.6423 -0.1219
1311875573.0776 -0.1110 -1.1876 1.3601 0.1397 0.7430 -0.6427 -0.1236
1311875573.0810 -0.1125 -1.1877 1.3607 0.1404 0.7420 -0.6434 -0.1257
1311875573.0843 -0.1140 -1.1876 1.3615 0.1416 0.7405 -0.6444 -0.1281
1311875573.0874 -0.1154 -1.1876 1.3620 0.1426 0.7402 -0.6441 -0.1295
1311875573.0907 -0.1171 -1.1875 1.3627 0.1434 0.7395 -0.6444 -0.1314
1311875573.0943 -0.1187 -1.1876 1.3634 0.1443 0.7386 -0.6449 -0.1334
1311875573.0974 -0.1201 -1.1877 1.3641 0.1449 0.7377 -0.6454 -0.1351
1311875573.1007 -0.1216 -1.1877 1.3648 0.1457 0.7367 -0.6460 -0.1367
1311875573.1041 -0.1230 -1.1877 1.3655 0.1467 0.7358 -0.6466 -0.1381
1311875573.1074 -0.1245 -1.1876 1.3661 0.1477 0.7358 -0.6460 -0.1394
1311875573.1108 -0.1261 -1.1876 1.3670 0.1487 0.7340 -0.6474 -0.1416
1311875573.1141 -0.1274 -1.1876 1.3677 0.1493 0.7333 -0.6477 -0.1430
1311875573.1174 -0.1288 -1.1877 1.3685 0.1502 0.7325 -0.6480 -0.1446
1311875573.1207 -0.1303 -1.1878 1.3693 0.1505 0.7327 -0.6475 -0.1459
1311875573.1240 -0.1318 -1.1879 1.3701 0.1515 0.7305 -0.6492 -0.1478
1311875573.1274 -0.1330 -1.1879 1.3708 0.1522 0.7299 -0.6496 -0.1486
1311875573.1308 -0.1345 -1.1878 1.3717 0.1531 0.7294 -0.6496 -0.1500
1311875573.1369 -0.1362 -1.1880 1.3727 0.1537 0.7280 -0.6506 -0.1520
1311875573.1385 -0.1376 -1.1881 1.3735 0.1544 0.7270 -0.6512 -0.1536
1311875573.1408 -0.1390 -1.1883 1.3742 0.1549 0.7259 -0.6520 -0.1544
1311875573.1442 -0.1403 -1.1882 1.3750 0.1560 0.7264 -0.6511 -0.1552
1311875573.1474 -0.1418 -1.1882 1.3759 0.1567 0.7252 -0.6520 -0.1565
1311875573.1508 -0.1433 -1.1884 1.3768 0.1574 0.7242 -0.6525 -0.1581
1311875573.1541 -0.1447 -1.1886 1.3777 0.1579 0.7234 -0.6529 -0.1598
1311875573.1575 -0.1460 -1.1888 1.3786 0.1586 0.7228 -0.6531 -0.1610
1311875573.1608 -0.1475 -1.1888 1.3794 0.1592 0.7226 -0.6530 -0.1616
1311875573.1642 -0.1492 -1.1889 1.3803 0.1598 0.7221 -0.6531 -0.1629
1311875573.1674 -0.1507 -1.1892 1.3812 0.1604 0.7214 -0.6534 -0.1640
1311875573.1708 -0.1521 -1.1894 1.3821 0.1612 0.7210 -0.6533 -0.1653
1311875573.1741 -0.1535 -1.1894 1.3829 0.1625 0.7211 -0.6526 -0.1665
1311875573.1775 -0.1551 -1.1895 1.3838 0.1637 0.7210 -0.6521 -0.1676
1311875573.1808 -0.1564 -1.1897 1.3849 0.1646 0.7206 -0.6519 -0.1689
1311875573.1841 -0.1584 -1.1898 1.3859 0.1645 0.7204 -0.6520 -0.1699
1311875573.1874 -0.1593 -1.1896 1.3867 0.1658 0.7211 -0.6508 -0.1701
1311875573.1908 -0.1611 -1.1901 1.3877 0.1674 0.7197 -0.6514 -0.1721
1311875573.1943 -0.1626 -1.1902 1.3887 0.1686 0.7193 -0.6513 -0.1731
1311875573.1975 -0.1641 -1.1902 1.3896 0.1693 0.7189 -0.6513 -0.1740
1311875573.2008 -0.1660 -1.1903 1.3909 0.1694 0.7182 -0.6517 -0.1753
1311875573.2042 -0.1672 -1.1906 1.3918 0.1716 0.7176 -0.6516 -0.1763
1311875573.2075 -0.1686 -1.1911 1.3930 0.1736 0.7164 -0.6521 -0.1772
1311875573.2108 -0.1701 -1.1909 1.3939 0.1747 0.7163 -0.6515 -0.1785
1311875573.2141 -0.1716 -1.1911 1.3949 0.1758 0.7153 -0.6520 -0.1797
1311875573.2175 -0.1733 -1.1919 1.3963 0.1777 0.7131 -0.6535 -0.1813
1311875573.2208 -0.1747 -1.1914 1.3971 0.1785 0.7144 -0.6518 -0.1816
1311875573.2241 -0.1762 -1.1916 1.3981 0.1799 0.7140 -0.6515 -0.1826
1311875573.2275 -0.1778 -1.1919 1.3993 0.1812 0.7129 -0.6519 -0.1840
1311875573.2309 -0.1792 -1.1921 1.4004 0.1825 0.7123 -0.6519 -0.1850
1311875573.2343 -0.1804 -1.1921 1.4015 0.1838 0.7125 -0.6515 -0.1847
1311875573.2375 -0.1823 -1.1925 1.4025 0.1854 0.7114 -0.6517 -0.1868
1311875573.2408 -0.1836 -1.1927 1.4036 0.1869 0.7111 -0.6512 -0.1876
1311875573.2442 -0.1853 -1.1928 1.4045 0.1877 0.7106 -0.6511 -0.1894
1311875573.2474 -0.1869 -1.1931 1.4058 0.1892 0.7097 -0.6515 -0.1898
1311875573.2508 -0.1888 -1.1936 1.4070 0.1910 0.7084 -0.6517 -0.1923
1311875573.2540 -0.1897 -1.1936 1.4079 0.1918 0.7092 -0.6509 -0.1913
1311875573.2574 -0.1911 -1.1937 1.4090 0.1933 0.7093 -0.6501 -0.1923
1311875573.2608 -0.1926 -1.1938 1.4100 0.1947 0.7093 -0.6494 -0.1929
1311875573.2641 -0.1943 -1.1941 1.4111 0.1958 0.7087 -0.6495 -0.1937
1311875573.2674 -0.1957 -1.1944 1.4122 0.1968 0.7083 -0.6494 -0.1945
1311875573.2708 -0.1972 -1.1946 1.4133 0.1982 0.7079 -0.6492 -0.1953
1311875573.2741 -0.1987 -1.1949 1.4144 0.1994 0.7076 -0.6491 -0.1957
1311875573.2774 -0.2002 -1.1952 1.4154 0.2006 0.7072 -0.6490 -0.1960
1311875573.2808 -0.2017 -1.1954 1.4164 0.2015 0.7068 -0.6489 -0.1968
1311875573.2841 -0.2032 -1.1958 1.4177 0.2022 0.7061 -0.6491 -0.1979
1311875573.2874 -0.2047 -1.1961 1.4189 0.2031 0.7061 -0.6487 -0.1983
1311875573.2908 -0.2061 -1.1964 1.4199 0.2042 0.7060 -0.6484 -0.1985
1311875573.2941 -0.2076 -1.1967 1.4210 0.2051 0.7054 -0.6486 -0.1990
1311875573.2974 -0.2091 -1.1971 1.4224 0.2058 0.7031 -0.6504 -0.2008
1311875573.3008 -0.2106 -1.1973 1.4233 0.2066 0.7048 -0.6482 -0.2009
1311875573.3041 -0.2120 -1.1975 1.4244 0.2078 0.7050 -0.6475 -0.2013
1311875573.3074 -0.2134 -1.1978 1.4253 0.2084 0.7056 -0.6466 -0.2015
1311875573.3108 -0.2150 -1.1983 1.4267 0.2094 0.7038 -0.6478 -0.2029
1311875573.3141 -0.2163 -1.1986 1.4278 0.2104 0.7038 -0.6474 -0.2033
1311875573.3174 -0.2175 -1.1991 1.4288 0.2117 0.7027 -0.6479 -0.2039
1311875573.3208 -0.2192 -1.1994 1.4300 0.2131 0.7029 -0.6473 -0.2040
1311875573.3241 -0.2205 -1.1997 1.4312 0.2135 0.7026 -0.6472 -0.2050
1311875573.3275 -0.2220 -1.2000 1.4323 0.2145 0.7025 -0.6468 -0.2055
1311875573.3308 -0.2236 -1.2001 1.4334 0.2155 0.7025 -0.6464 -0.2058
1311875573.3341 -0.2250 -1.2004 1.4344 0.2166 0.7024 -0.6458 -0.2064
1311875573.3375 -0.2263 -1.2008 1.4356 0.2177 0.7021 -0.6456 -0.2069
1311875573.3408 -0.2276 -1.2011 1.4367 0.2192 0.7017 -0.6454 -0.2074
1311875573.3441 -0.2293 -1.2015 1.4379 0.2201 0.7012 -0.6454 -0.2080
1311875573.3474 -0.2308 -1.2019 1.4391 0.2211 0.7006 -0.6455 -0.2087
1311875573.3508 -0.2321 -1.2022 1.4402 0.2218 0.7002 -0.6455 -0.2091
1311875573.3540 -0.2335 -1.2024 1.4413 0.2228 0.6998 -0.6454 -0.2098
1311875573.3574 -0.2350 -1.2027 1.4425 0.2242 0.6996 -0.6451 -0.2102
1311875573.3608 -0.2365 -1.2030 1.4436 0.2252 0.6991 -0.6451 -0.2106
1311875573.3641 -0.2378 -1.2033 1.4448 0.2261 0.6981 -0.6457 -0.2111
1311875573.3674 -0.2389 -1.2039 1.4461 0.2277 0.6973 -0.6459 -0.2115
1311875573.3710 -0.2402 -1.2040 1.4470 0.2291 0.6974 -0.6450 -0.2123
1311875573.3741 -0.2416 -1.2044 1.4482 0.2300 0.6969 -0.6451 -0.2126
1311875573.3775 -0.2430 -1.2045 1.4493 0.2308 0.6969 -0.6446 -0.2132
1311875573.3808 -0.2445 -1.2050 1.4504 0.2315 0.6960 -0.6451 -0.2140
1311875573.3841 -0.2460 -1.2052 1.4517 0.2327 0.6954 -0.6450 -0.2149
1311875573.3875 -0.2473 -1.2055 1.4529 0.2344 0.6949 -0.6449 -0.2151
1311875573.3910 -0.2485 -1.2058 1.4540 0.2354 0.6947 -0.6446 -0.2155
1311875573.3942 -0.2498 -1.2062 1.4551 0.2362 0.6939 -0.6448 -0.2166
1311875573.3975 -0.2513 -1.2064 1.4562 0.2371 0.6935 -0.6447 -0.2174
1311875573.4008 -0.2527 -1.2065 1.4572 0.2377 0.6932 -0.6446 -0.2181
1311875573.4042 -0.2538 -1.2067 1.4582 0.2386 0.6932 -0.6441 -0.2184
1311875573.4075 -0.2551 -1.2070 1.4594 0.2397 0.6927 -0.6440 -0.2190
1311875573.4109 -0.2564 -1.2072 1.4605 0.2404 0.6922 -0.6441 -0.2197
1311875573.4142 -0.2576 -1.2074 1.4615 0.2414 0.6921 -0.6436 -0.2200
1311875573.4175 -0.2588 -1.2076 1.4625 0.2421 0.6920 -0.6435 -0.2201
1311875573.4208 -0.2600 -1.2081 1.4636 0.2427 0.6912 -0.6440 -0.2205
1311875573.4242 -0.2613 -1.2084 1.4648 0.2433 0.6907 -0.6440 -0.2211
1311875573.4276 -0.2625 -1.2085 1.4658 0.2442 0.6907 -0.6436 -0.2214
1311875573.4309 -0.2637 -1.2088 1.4669 0.2453 0.6902 -0.6437 -0.2216
1311875573.4342 -0.2648 -1.2090 1.4679 0.2458 0.6897 -0.6440 -0.2218
1311875573.4375 -0.2661 -1.2094 1.4691 0.2465 0.6895 -0.6439 -0.2220
1311875573.4409 -0.2674 -1.2096 1.4701 0.2473 0.6890 -0.6440 -0.2224
1311875573.4441 -0.2683 -1.2098 1.4710 0.2481 0.6890 -0.6437 -0.2222
1311875573.4475 -0.2693 -1.2101 1.4721 0.2488 0.6888 -0.6437 -0.2219
1311875573.4508 -0.2704 -1.2104 1.4732 0.2496 0.6884 -0.6438 -0.2218
1311875573.4541 -0.2715 -1.2105 1.4743 0.2503 0.6891 -0.6433 -0.2208
1311875573.4575 -0.2726 -1.2107 1.4753 0.2508 0.6888 -0.6434 -0.2208
1311875573.4608 -0.2740 -1.2112 1.4762 0.2516 0.6876 -0.6440 -0.2218
1311875573.4642 -0.2753 -1.2111 1.4772 0.2523 0.6876 -0.6437 -0.2219
1311875573.4675 -0.2764 -1.2115 1.4782 0.2535 0.6867 -0.6441 -0.2221
1311875573.4709 -0.2780 -1.2119 1.4792 0.2540 0.6860 -0.6442 -0.2235
1311875573.4742 -0.2790 -1.2118 1.4802 0.2544 0.6865 -0.6437 -0.2228
1311875573.4776 -0.2799 -1.2121 1.4812 0.2555 0.6861 -0.6438 -0.2225
1311875573.4809 -0.2809 -1.2123 1.4822 0.2565 0.6858 -0.6439 -0.2220
1311875573.4841 -0.2821 -1.2133 1.4833 0.2583 0.6836 -0.6453 -0.2229
1311875573.4875 -0.2830 -1.2129 1.4842 0.2583 0.6849 -0.6442 -0.2220
1311875573.4908 -0.2841 -1.2132 1.4851 0.2590 0.6846 -0.6441 -0.2221
1311875573.4942 -0.2848 -1.2132 1.4862 0.2598 0.6851 -0.6437 -0.2209
1311875573.4975 -0.2862 -1.2136 1.4870 0.2602 0.6843 -0.6439 -0.2222
1311875573.5009 -0.2873 -1.2139 1.4880 0.2612 0.6836 -0.6443 -0.2221
1311875573.5042 -0.2886 -1.2143 1.4890 0.2619 0.6826 -0.6448 -0.2230
1311875573.5074 -0.2895 -1.2143 1.4898 0.2625 0.6829 -0.6444 -0.2225
1311875573.5108 -0.2905 -1.2144 1.4907 0.2631 0.6830 -0.6441 -0.2223
1311875573.5141 -0.2914 -1.2146 1.4916 0.2637 0.6832 -0.6437 -0.2220
1311875573.5174 -0.2924 -1.2149 1.4926 0.2642 0.6828 -0.6440 -0.2220
1311875573.5207 -0.2935 -1.2153 1.4936 0.2646 0.6819 -0.6446 -0.2224
1311875573.5241 -0.2947 -1.2159 1.4945 0.2648 0.6811 -0.6455 -0.2220
1311875573.5275 -0.2958 -1.2160 1.4953 0.2654 0.6809 -0.6455 -0.2220
1311875573.5308 -0.2966 -1.2158 1.4962 0.2666 0.6814 -0.6444 -0.2221
1311875573.5341 -0.2976 -1.2163 1.4972 0.2666 0.6807 -0.6451 -0.2222
1311875573.5375 -0.2985 -1.2163 1.4980 0.2677 0.6804 -0.6450 -0.2223
1311875573.5408 -0.2997 -1.2166 1.4990 0.2680 0.6799 -0.6453 -0.2224
1311875573.5442 -0.3007 -1.2167 1.4997 0.2686 0.6800 -0.6450 -0.2223
1311875573.5475 -0.3017 -1.2169 1.5007 0.2686 0.6799 -0.6452 -0.2222
1311875573.5508 -0.3025 -1.2171 1.5016 0.2691 0.6797 -0.6453 -0.2218
1311875573.5541 -0.3034 -1.2175 1.5025 0.2697 0.6790 -0.6458 -0.2217
1311875573.5575 -0.3044 -1.2179 1.5032 0.2702 0.6781 -0.6465 -0.2220
1311875573.5609 -0.3054 -1.2181 1.5041 0.2705 0.6774 -0.6469 -0.2222
1311875573.5642 -0.3065 -1.2183 1.5050 0.2710 0.6772 -0.6470 -0.2222
1311875573.5674 -0.3074 -1.2185 1.5058 0.2716 0.6770 -0.6470 -0.2222
1311875573.5709 -0.3083 -1.2187 1.5066 0.2721 0.6768 -0.6470 -0.2219
1311875573.5748 -0.3092 -1.2190 1.5075 0.2722 0.6763 -0.6475 -0.2222
1311875573.5775 -0.3103 -1.2188 1.5085 0.2730 0.6761 -0.6469 -0.2233
1311875573.5809 -0.3114 -1.2190 1.5093 0.2734 0.6755 -0.6472 -0.2239
1311875573.5841 -0.3124 -1.2192 1.5101 0.2738 0.6752 -0.6472 -0.2242
1311875573.5875 -0.3133 -1.2193 1.5108 0.2739 0.6751 -0.6472 -0.2243
1311875573.5909 -0.3141 -1.2196 1.5116 0.2746 0.6750 -0.6470 -0.2243
1311875573.5942 -0.3152 -1.2199 1.5125 0.2753 0.6743 -0.6473 -0.2248
1311875573.5975 -0.3161 -1.2201 1.5133 0.2759 0.6737 -0.6475 -0.2254
1311875573.6009 -0.3171 -1.2203 1.5141 0.2761 0.6730 -0.6478 -0.2262
1311875573.6042 -0.3181 -1.2204 1.5149 0.2766 0.6730 -0.6475 -0.2266
1311875573.6075 -0.3190 -1.2204 1.5156 0.2771 0.6732 -0.6470 -0.2269
1311875573.6110 -0.3200 -1.2204 1.5163 0.2778 0.6733 -0.6465 -0.2270
1311875573.6142 -0.3211 -1.2206 1.5171 0.2783 0.6726 -0.6467 -0.2279
1311875573.6175 -0.3221 -1.2208 1.5179 0.2787 0.6718 -0.6470 -0.2287
1311875573.6208 -0.3229 -1.2210 1.5187 0.2791 0.6713 -0.6471 -0.2296
1311875573.6242 -0.3237 -1.2211 1.5195 0.2794 0.6714 -0.6467 -0.2301
1311875573.6276 -0.3245 -1.2212 1.5202 0.2796 0.6712 -0.6466 -0.2305
1311875573.6310 -0.3255 -1.2213 1.5209 0.2797 0.6712 -0.6464 -0.2312
1311875573.6343 -0.3265 -1.2215 1.5216 0.2803 0.6707 -0.6464 -0.2320
1311875573.6384 -0.3277 -1.2216 1.5225 0.2807 0.6700 -0.6466 -0.2329
1311875573.6409 -0.3286 -1.2218 1.5233 0.2809 0.6695 -0.6466 -0.2340
1311875573.6442 -0.3294 -1.2218 1.5240 0.2812 0.6694 -0.6464 -0.2346
1311875573.6475 -0.3302 -1.2219 1.5246 0.2816 0.6689 -0.6465 -0.2353
1311875573.6509 -0.3311 -1.2221 1.5253 0.2821 0.6679 -0.6470 -0.2362
1311875573.6542 -0.3321 -1.2222 1.5262 0.2825 0.6673 -0.6471 -0.2372
1311875573.6575 -0.3332 -1.2222 1.5269 0.2829 0.6670 -0.6469 -0.2380
1311875573.6609 -0.3341 -1.2222 1.5277 0.2830 0.6668 -0.6467 -0.2388
1311875573.6642 -0.3349 -1.2223 1.5284 0.2831 0.6667 -0.6466 -0.2393
1311875573.6676 -0.3358 -1.2224 1.5291 0.2834 0.6660 -0.6469 -0.2401
1311875573.6709 -0.3368 -1.2225 1.5299 0.2837 0.6651 -0.6473 -0.2413
1311875573.6756 -0.3377 -1.2225 1.5306 0.2841 0.6643 -0.6475 -0.2426
1311875573.6775 -0.3386 -1.2225 1.5311 0.2849 0.6636 -0.6475 -0.2434
1311875573.6809 -0.3394 -1.2225 1.5320 0.2851 0.6635 -0.6471 -0.2444
1311875573.6842 -0.3401 -1.2225 1.5324 0.2858 0.6639 -0.6464 -0.2445
1311875573.6875 -0.3411 -1.2225 1.5334 0.2860 0.6635 -0.6463 -0.2458
1311875573.6909 -0.3422 -1.2223 1.5341 0.2864 0.6628 -0.6463 -0.2471
1311875573.6942 -0.3432 -1.2223 1.5347 0.2869 0.6623 -0.6461 -0.2481
1311875573.6975 -0.3441 -1.2223 1.5354 0.2872 0.6619 -0.6460 -0.2490
1311875573.7008 -0.3449 -1.2223 1.5360 0.2877 0.6617 -0.6458 -0.2497
1311875573.7041 -0.3458 -1.2224 1.5367 0.2884 0.6606 -0.6461 -0.2510
1311875573.7074 -0.3464 -1.2225 1.5374 0.2889 0.6608 -0.6456 -0.2513
1311875573.7108 -0.3478 -1.2224 1.5379 0.2894 0.6601 -0.6454 -0.2531
1311875573.7141 -0.3492 -1.2224 1.5389 0.2902 0.6583 -0.6460 -0.2553
1311875573.7174 -0.3496 -1.2223 1.5392 0.2907 0.6598 -0.6444 -0.2547
1311875573.7208 -0.3501 -1.2221 1.5396 0.2908 0.6608 -0.6433 -0.2547
1311875573.7241 -0.3509 -1.2221 1.5401 0.2915 0.6611 -0.6425 -0.2551
1311875573.7274 -0.3525 -1.2221 1.5411 0.2926 0.6590 -0.6432 -0.2577
1311875573.7308 -0.3535 -1.2219 1.5416 0.2933 0.6589 -0.6426 -0.2587
1311875573.7342 -0.3543 -1.2218 1.5422 0.2939 0.6590 -0.6419 -0.2593
1311875573.7375 -0.3550 -1.2212 1.5428 0.2955 0.6598 -0.6399 -0.2606
1311875573.7409 -0.3561 -1.2217 1.5434 0.2956 0.6585 -0.6410 -0.2611
1311875573.7441 -0.3572 -1.2218 1.5441 0.2963 0.6577 -0.6410 -0.2622
1311875573.7476 -0.3582 -1.2219 1.5445 0.2968 0.6572 -0.6412 -0.2624
1311875573.7507 -0.3590 -1.2215 1.5452 0.2974 0.6577 -0.6400 -0.2636
1311875573.7541 -0.3600 -1.2213 1.5458 0.2980 0.6576 -0.6395 -0.2641
1311875573.7576 -0.3610 -1.2215 1.5465 0.2982 0.6569 -0.6399 -0.2646
1311875573.7608 -0.3620 -1.2209 1.5470 0.2997 0.6569 -0.6388 -0.2657
1311875573.7642 -0.3629 -1.2208 1.5476 0.3002 0.6564 -0.6388 -0.2664
1311875573.7676 -0.3637 -1.2207 1.5482 0.3009 0.6562 -0.6386 -0.2668
1311875573.7709 -0.3645 -1.2206 1.5488 0.3013 0.6559 -0.6385 -0.2671
1311875573.7742 -0.3654 -1.2206 1.5495 0.3020 0.6554 -0.6385 -0.2675
1311875573.7775 -0.3664 -1.2204 1.5502 0.3026 0.6548 -0.6385 -0.2683
1311875573.7808 -0.3674 -1.2203 1.5508 0.3033 0.6543 -0.6384 -0.2689
1311875573.7842 -0.3684 -1.2202 1.5514 0.3039 0.6537 -0.6385 -0.2696
1311875573.7876 -0.3693 -1.2201 1.5520 0.3044 0.6532 -0.6386 -0.2699
1311875573.7909 -0.3702 -1.2200 1.5525 0.3050 0.6530 -0.6384 -0.2703
1311875573.7942 -0.3711 -1.2198 1.5531 0.3056 0.6525 -0.6384 -0.2706
1311875573.7975 -0.3721 -1.2197 1.5537 0.3065 0.6520 -0.6383 -0.2710
1311875573.8008 -0.3730 -1.2194 1.5542 0.3072 0.6519 -0.6380 -0.2712
1311875573.8042 -0.3735 -1.2192 1.5548 0.3082 0.6518 -0.6376 -0.2714
1311875573.8076 -0.3745 -1.2191 1.5554 0.3084 0.6512 -0.6380 -0.2714
1311875573.8109 -0.3753 -1.2189 1.5559 0.3093 0.6509 -0.6379 -0.2716
1311875573.8142 -0.3761 -1.2187 1.5564 0.3102 0.6509 -0.6375 -0.2717
1311875573.8175 -0.3769 -1.2184 1.5569 0.3113 0.6504 -0.6372 -0.2720
1311875573.8208 -0.3777 -1.2183 1.5575 0.3122 0.6499 -0.6373 -0.2722
1311875573.8242 -0.3785 -1.2181 1.5580 0.3131 0.6497 -0.6370 -0.2723
1311875573.8276 -0.3792 -1.2179 1.5585 0.3139 0.6494 -0.6368 -0.2725
1311875573.8309 -0.3800 -1.2177 1.5591 0.3146 0.6489 -0.6368 -0.2728
1311875573.8342 -0.3808 -1.2174 1.5596 0.3154 0.6484 -0.6368 -0.2730
1311875573.8375 -0.3817 -1.2172 1.5601 0.3161 0.6481 -0.6368 -0.2731
1311875573.8413 -0.3824 -1.2169 1.5606 0.3169 0.6483 -0.6363 -0.2728
1311875573.8442 -0.3832 -1.2165 1.5611 0.3177 0.6483 -0.6360 -0.2726
1311875573.8475 -0.3837 -1.2162 1.5616 0.3185 0.6484 -0.6355 -0.2724
1311875573.8508 -0.3844 -1.2159 1.5621 0.3193 0.6480 -0.6356 -0.2724
1311875573.8541 -0.3851 -1.2157 1.5627 0.3202 0.6473 -0.6357 -0.2726
1311875573.8575 -0.3858 -1.2155 1.5631 0.3213 0.6470 -0.6354 -0.2727
1311875573.8609 -0.3865 -1.2151 1.5636 0.3222 0.6469 -0.6351 -0.2727
1311875573.8642 -0.3872 -1.2148 1.5641 0.3232 0.6469 -0.6346 -0.2725
1311875573.8676 -0.3880 -1.2145 1.5645 0.3238 0.6468 -0.6345 -0.2724
1311875573.8709 -0.3887 -1.2141 1.5650 0.3244 0.6467 -0.6343 -0.2724
1311875573.8741 -0.3894 -1.2138 1.5655 0.3249 0.6464 -0.6343 -0.2725
1311875573.8775 -0.3902 -1.2135 1.5660 0.3254 0.6461 -0.6343 -0.2727
1311875573.8808 -0.3909 -1.2133 1.5665 0.3262 0.6456 -0.6342 -0.2729
1311875573.8842 -0.3915 -1.2131 1.5671 0.3270 0.6452 -0.6343 -0.2730
1311875573.8874 -0.3921 -1.2127 1.5676 0.3276 0.6449 -0.6343 -0.2729
1311875573.8908 -0.3927 -1.2124 1.5682 0.3282 0.6447 -0.6342 -0.2728
1311875573.8941 -0.3933 -1.2121 1.5688 0.3285 0.6442 -0.6345 -0.2731
1311875573.8974 -0.3940 -1.2118 1.5693 0.3288 0.6434 -0.6349 -0.2735
1311875573.9007 -0.3947 -1.2115 1.5699 0.3291 0.6430 -0.6351 -0.2738
1311875573.9041 -0.3954 -1.2112 1.5705 0.3293 0.6421 -0.6356 -0.2744
1311875573.9074 -0.3961 -1.2109 1.5711 0.3296 0.6413 -0.6359 -0.2750
1311875573.9108 -0.3967 -1.2105 1.5716 0.3299 0.6407 -0.6363 -0.2754
1311875573.9141 -0.3973 -1.2101 1.5721 0.3302 0.6403 -0.6364 -0.2757
1311875573.9174 -0.3978 -1.2096 1.5727 0.3304 0.6400 -0.6364 -0.2760
1311875573.9208 -0.3983 -1.2093 1.5732 0.3309 0.6393 -0.6367 -0.2764
1311875573.9241 -0.3989 -1.2090 1.5738 0.3313 0.6382 -0.6374 -0.2769
1311875573.9275 -0.3994 -1.2086 1.5744 -0.3317 -0.6374 0.6378 0.2774
1311875573.9308 -0.3999 -1.2081 1.5750 -0.3320 -0.6368 0.6381 0.2778
1311875573.9342 -0.4005 -1.2077 1.5756 -0.3321 -0.6360 0.6385 0.2783
1311875573.9375 -0.4011 -1.2073 1.5762 -0.3321 -0.6353 0.6390 0.2790
1311875573.9408 -0.4016 -1.2069 1.5768 -0.3320 -0.6346 0.6394 0.2795
1311875573.9441 -0.4022 -1.2065 1.5774 -0.3320 -0.6341 0.6398 0.2800
1311875573.9474 -0.4027 -1.2060 1.5779 -0.3320 -0.6337 0.6400 0.2804
1311875573.9508 -0.4031 -1.2055 1.5784 -0.3322 -0.6334 0.6400 0.2808
1311875573.9542 -0.4036 -1.2051 1.5789 -0.3325 -0.6327 0.6403 0.2814
1311875573.9574 -0.4042 -1.2046 1.5795 -0.3329 -0.6321 0.6405 0.2818
1311875573.9608 -0.4046 -1.2043 1.5800 -0.3333 -0.6315 0.6408 0.2821
1311875573.9642 -0.4051 -1.2039 1.5806 -0.3337 -0.6308 0.6410 0.2825
1311875573.9675 -0.4055 -1.2034 1.5811 -0.3341 -0.6303 0.6411 0.2829
1311875573.9708 -0.4059 -1.2030 1.5817 -0.3344 -0.6299 0.6412 0.2833
1311875573.9750 -0.4063 -1.2025 1.5822 -0.3347 -0.6297 0.6411 0.2836
1311875573.9775 -0.4067 -1.2021 1.5827 -0.3350 -0.6294 0.6411 0.2838
1311875573.9808 -0.4071 -1.2016 1.5832 -0.3354 -0.6291 0.6411 0.2841
1311875573.9841 -0.4075 -1.2012 1.5836 -0.3355 -0.6288 0.6413 0.2842
1311875573.9875 -0.4079 -1.2007 1.5841 -0.3357 -0.6284 0.6415 0.2844
1311875573.9908 -0.4083 -1.2003 1.5846 -0.3359 -0.6279 0.6418 0.2844
1311875573.9941 -0.4087 -1.1998 1.5852 -0.3361 -0.6274 0.6422 0.2845
1311875573.9974 -0.4091 -1.1994 1.5857 -0.3364 -0.6269 0.6425 0.2846
1311875574.0008 -0.4095 -1.1990 1.5863 -0.3367 -0.6263 0.6429 0.2847
1311875574.0041 -0.4098 -1.1986 1.5868 -0.3369 -0.6257 0.6433 0.2849
1311875574.0074 -0.4102 -1.1982 1.5873 -0.3372 -0.6253 0.6435 0.2849
1311875574.0108 -0.4105 -1.1977 1.5879 -0.3372 -0.6249 0.6439 0.2850
1311875574.0141 -0.4110 -1.1972 1.5884 -0.3374 -0.6243 0.6442 0.2853
1311875574.0174 -0.4112 -1.1967 1.5889 -0.3376 -0.6242 0.6443 0.2851
1311875574.0208 -0.4116 -1.1963 1.5894 -0.3377 -0.6238 0.6446 0.2851
1311875574.0241 -0.4119 -1.1958 1.5899 -0.3378 -0.6234 0.6451 0.2849
1311875574.0275 -0.4122 -1.1954 1.5903 -0.3380 -0.6232 0.6453 0.2846
1311875574.0308 -0.4125 -1.1949 1.5908 -0.3380 -0.6230 0.6456 0.2844
1311875574.0342 -0.4126 -1.1945 1.5912 -0.3381 -0.6228 0.6460 0.2838
1311875574.0375 -0.4128 -1.1940 1.5917 -0.3382 -0.6227 0.6461 0.2836
1311875574.0408 -0.4131 -1.1936 1.5922 -0.3385 -0.6223 0.6464 0.2835
1311875574.0441 -0.4133 -1.1931 1.5926 -0.3387 -0.6221 0.6465 0.2832
1311875574.0474 -0.4136 -1.1926 1.5931 -0.3388 -0.6220 0.6467 0.2830
1311875574.0508 -0.4139 -1.1921 1.5936 -0.3390 -0.6218 0.6468 0.2828
1311875574.0542 -0.4142 -1.1917 1.5941 -0.3391 -0.6215 0.6472 0.2827
1311875574.0575 -0.4144 -1.1913 1.5945 -0.3392 -0.6213 0.6474 0.2825
1311875574.0609 -0.4147 -1.1909 1.5949 -0.3394 -0.6210 0.6476 0.2824
1311875574.0641 -0.4145 -1.1905 1.5954 -0.3406 -0.6212 0.6469 0.2823
1311875574.0674 -0.4148 -1.1900 1.5959 -0.3407 -0.6207 0.6472 0.2824
1311875574.0708 -0.4157 -1.1896 1.5963 -0.3399 -0.6199 0.6484 0.2823
1311875574.0742 -0.4160 -1.1891 1.5968 -0.3401 -0.6198 0.6485 0.2822
1311875574.0774 -0.4165 -1.1892 1.5974 -0.3410 -0.6180 0.6500 0.2817
1311875574.0808 -0.4166 -1.1886 1.5978 -0.3407 -0.6185 0.6496 0.2818
1311875574.0841 -0.4170 -1.1879 1.5982 -0.3405 -0.6186 0.6497 0.2816
1311875574.0874 -0.4171 -1.1873 1.5985 -0.3406 -0.6190 0.6494 0.2813
1311875574.0907 -0.4176 -1.1871 1.5989 -0.3407 -0.6183 0.6497 0.2822
1311875574.0941 -0.4176 -1.1865 1.5993 -0.3408 -0.6188 0.6495 0.2812
1311875574.0974 -0.4181 -1.1861 1.5998 -0.3411 -0.6180 0.6499 0.2817
1311875574.1007 -0.4183 -1.1852 1.6000 -0.3404 -0.6191 0.6494 0.2813
1311875574.1041 -0.4191 -1.1853 1.6005 -0.3413 -0.6169 0.6506 0.2825
1311875574.1073 -0.4192 -1.1847 1.6007 -0.3413 -0.6175 0.6500 0.2824
1311875574.1108 -0.4190 -1.1846 1.6014 -0.3419 -0.6169 0.6509 0.2810
1311875574.1141 -0.4196 -1.1842 1.6019 -0.3416 -0.6164 0.6515 0.2810
1311875574.1176 -0.4197 -1.1837 1.6022 -0.3421 -0.6166 0.6510 0.2810
1311875574.1208 -0.4200 -1.1833 1.6026 -0.3423 -0.6164 0.6511 0.2809
1311875574.1241 -0.4203 -1.1829 1.6029 -0.3427 -0.6163 0.6512 0.2806
1311875574.1275 -0.4206 -1.1824 1.6033 -0.3428 -0.6160 0.6512 0.2810
1311875574.1309 -0.4210 -1.1819 1.6037 -0.3429 -0.6160 0.6512 0.2809
1311875574.1342 -0.4215 -1.1815 1.6042 -0.3423 -0.6158 0.6516 0.2812
1311875574.1376 -0.4217 -1.1810 1.6046 -0.3425 -0.6158 0.6515 0.2812
1311875574.1409 -0.4217 -1.1805 1.6048 -0.3433 -0.6161 0.6510 0.2806
1311875574.1442 -0.4221 -1.1802 1.6051 -0.3435 -0.6159 0.6509 0.2811
1311875574.1476 -0.4226 -1.1797 1.6055 -0.3430 -0.6157 0.6512 0.2815
1311875574.1507 -0.4224 -1.1793 1.6059 -0.3437 -0.6162 0.6506 0.2809
1311875574.1565 -0.4227 -1.1788 1.6060 -0.3438 -0.6162 0.6505 0.2811
1311875574.1575 -0.4229 -1.1784 1.6064 -0.3440 -0.6161 0.6503 0.2814
1311875574.1608 -0.4232 -1.1780 1.6067 -0.3441 -0.6159 0.6503 0.2817
1311875574.1641 -0.4234 -1.1776 1.6070 -0.3443 -0.6159 0.6502 0.2817
1311875574.1674 -0.4238 -1.1771 1.6074 -0.3444 -0.6157 0.6501 0.2824
1311875574.1708 -0.4246 -1.1767 1.6080 -0.3434 -0.6151 0.6509 0.2831
1311875574.1742 -0.4245 -1.1763 1.6082 -0.3444 -0.6151 0.6502 0.2834
1311875574.1774 -0.4248 -1.1759 1.6086 -0.3445 -0.6147 0.6503 0.2838
1311875574.1808 -0.4252 -1.1755 1.6089 -0.3445 -0.6144 0.6504 0.2843
1311875574.1840 -0.4255 -1.1751 1.6093 -0.3448 -0.6141 0.6503 0.2849
1311875574.1874 -0.4259 -1.1746 1.6096 -0.3450 -0.6138 0.6502 0.2855
1311875574.1907 -0.4263 -1.1742 1.6099 -0.3450 -0.6134 0.6503 0.2860
1311875574.1941 -0.4266 -1.1737 1.6103 -0.3451 -0.6132 0.6502 0.2867
1311875574.1974 -0.4271 -1.1734 1.6107 -0.3452 -0.6128 0.6502 0.2874
1311875574.2007 -0.4274 -1.1730 1.6110 -0.3452 -0.6124 0.6503 0.2880
1311875574.2041 -0.4278 -1.1726 1.6114 -0.3453 -0.6121 0.6502 0.2887
1311875574.2074 -0.4282 -1.1721 1.6117 -0.3454 -0.6119 0.6500 0.2894
1311875574.2108 -0.4286 -1.1717 1.6120 -0.3455 -0.6116 0.6499 0.2902
1311875574.2140 -0.4290 -1.1713 1.6123 -0.3458 -0.6113 0.6497 0.2909
1311875574.2175 -0.4294 -1.1709 1.6127 -0.3459 -0.6109 0.6497 0.2916
1311875574.2208 -0.4298 -1.1705 1.6130 -0.3461 -0.6107 0.6495 0.2922
1311875574.2242 -0.4302 -1.1700 1.6134 -0.3462 -0.6103 0.6494 0.2931
1311875574.2275 -0.4306 -1.1696 1.6137 -0.3463 -0.6100 0.6493 0.2937
1311875574.2308 -0.4309 -1.1692 1.6141 -0.3464 -0.6098 0.6492 0.2944
1311875574.2342 -0.4313 -1.1689 1.6144 -0.3465 -0.6094 0.6493 0.2950
1311875574.2375 -0.4317 -1.1685 1.6148 -0.3467 -0.6090 0.6492 0.2957
1311875574.2408 -0.4321 -1.1681 1.6151 -0.3468 -0.6086 0.6493 0.2963
1311875574.2442 -0.4326 -1.1677 1.6155 -0.3469 -0.6082 0.6491 0.2972
1311875574.2474 -0.4330 -1.1672 1.6158 -0.3471 -0.6079 0.6490 0.2980
1311875574.2508 -0.4335 -1.1668 1.6162 -0.3471 -0.6075 0.6490 0.2987
1311875574.2541 -0.4340 -1.1663 1.6165 -0.3473 -0.6070 0.6490 0.2995
1311875574.2574 -0.4344 -1.1659 1.6168 -0.3476 -0.6068 0.6489 0.3001
1311875574.2608 -0.4349 -1.1654 1.6172 -0.3476 -0.6064 0.6488 0.3008
1311875574.2641 -0.4353 -1.1649 1.6175 -0.3477 -0.6063 0.6486 0.3013
1311875574.2674 -0.4357 -1.1645 1.6178 -0.3479 -0.6062 0.6484 0.3018
1311875574.2708 -0.4361 -1.1641 1.6182 -0.3480 -0.6058 0.6485 0.3023
1311875574.2743 -0.4365 -1.1637 1.6185 -0.3481 -0.6056 0.6484 0.3029
1311875574.2774 -0.4369 -1.1633 1.6189 -0.3483 -0.6052 0.6484 0.3035
1311875574.2809 -0.4374 -1.1629 1.6192 -0.3482 -0.6049 0.6484 0.3040
1311875574.2842 -0.4378 -1.1626 1.6196 -0.3482 -0.6042 0.6487 0.3047
1311875574.2875 -0.4383 -1.1622 1.6200 -0.3481 -0.6037 0.6489 0.3053
1311875574.2909 -0.4387 -1.1618 1.6204 -0.3480 -0.6032 0.6493 0.3057
1311875574.2942 -0.4391 -1.1615 1.6208 -0.3481 -0.6029 0.6493 0.3060
1311875574.2976 -0.4395 -1.1610 1.6211 -0.3481 -0.6026 0.6495 0.3064
1311875574.3009 -0.4399 -1.1607 1.6215 -0.3482 -0.6022 0.6497 0.3067
1311875574.3042 -0.4404 -1.1602 1.6219 -0.3483 -0.6019 0.6497 0.3070
1311875574.3075 -0.4408 -1.1598 1.6223 -0.3485 -0.6018 0.6496 0.3072
1311875574.3108 -0.4412 -1.1594 1.6226 -0.3488 -0.6016 0.6495 0.3076
1311875574.3140 -0.4417 -1.1590 1.6230 -0.3490 -0.6013 0.6494 0.3079
1311875574.3174 -0.4421 -1.1586 1.6234 -0.3492 -0.6012 0.6493 0.3082
1311875574.3207 -0.4426 -1.1583 1.6237 -0.3492 -0.6010 0.6494 0.3085
1311875574.3241 -0.4432 -1.1580 1.6241 -0.3492 -0.6005 0.6498 0.3087
1311875574.3274 -0.4437 -1.1579 1.6245 -0.3491 -0.5999 0.6504 0.3086
1311875574.3307 -0.4441 -1.1570 1.6248 -0.3499 -0.6002 0.6494 0.3092
1311875574.3341 -0.4447 -1.1568 1.6252 -0.3498 -0.5997 0.6497 0.3096
1311875574.3374 -0.4452 -1.1564 1.6256 -0.3498 -0.5993 0.6499 0.3100
1311875574.3407 -0.4457 -1.1560 1.6260 -0.3500 -0.5991 0.6499 0.3102
1311875574.3444 -0.4461 -1.1556 1.6264 -0.3501 -0.5990 0.6498 0.3104
1311875574.3475 -0.4466 -1.1552 1.6267 -0.3504 -0.5989 0.6497 0.3106
1311875574.3508 -0.4470 -1.1543 1.6270 -0.3515 -0.5993 0.6484 0.3113
1311875574.3541 -0.4476 -1.1544 1.6275 -0.3512 -0.5984 0.6494 0.3112
1311875574.3575 -0.4481 -1.1540 1.6279 -0.3516 -0.5981 0.6493 0.3114
1311875574.3608 -0.4485 -1.1536 1.6283 -0.3522 -0.5980 0.6492 0.3114
1311875574.3642 -0.4490 -1.1533 1.6286 -0.3527 -0.5977 0.6494 0.3111
1311875574.3675 -0.4494 -1.1529 1.6291 -0.3529 -0.5976 0.6492 0.3114
1311875574.3708 -0.4498 -1.1525 1.6295 -0.3532 -0.5975 0.6491 0.3113
1311875574.3742 -0.4501 -1.1518 1.6298 -0.3542 -0.5977 0.6484 0.3113
1311875574.3774 -0.4507 -1.1518 1.6304 -0.3537 -0.5969 0.6494 0.3112
1311875574.3808 -0.4511 -1.1515 1.6308 -0.3539 -0.5965 0.6497 0.3113
1311875574.3841 -0.4516 -1.1511 1.6312 -0.3540 -0.5961 0.6499 0.3113
1311875574.3874 -0.4521 -1.1507 1.6316 -0.3544 -0.5958 0.6500 0.3114
1311875574.3908 -0.4526 -1.1504 1.6319 -0.3550 -0.5952 0.6504 0.3110
1311875574.3941 -0.4530 -1.1495 1.6324 -0.3556 -0.5958 0.6493 0.3114
1311875574.3975 -0.4535 -1.1494 1.6328 -0.3555 -0.5951 0.6500 0.3114
1311875574.4007 -0.4538 -1.1491 1.6332 -0.3560 -0.5950 0.6499 0.3112
1311875574.4041 -0.4542 -1.1488 1.6336 -0.3564 -0.5946 0.6501 0.3110
1311875574.4075 -0.4546 -1.1485 1.6340 -0.3569 -0.5943 0.6502 0.3109
1311875574.4108 -0.4550 -1.1482 1.6345 -0.3571 -0.5938 0.6505 0.3110
1311875574.4141 -0.4554 -1.1479 1.6349 -0.3572 -0.5935 0.6507 0.3110
1311875574.4174 -0.4559 -1.1478 1.6353 -0.3571 -0.5929 0.6515 0.3105
1311875574.4208 -0.4562 -1.1473 1.6357 -0.3575 -0.5930 0.6512 0.3106
1311875574.4241 -0.4567 -1.1470 1.6362 -0.3576 -0.5927 0.6515 0.3105
1311875574.4275 -0.4572 -1.1468 1.6366 -0.3576 -0.5923 0.6518 0.3105
1311875574.4308 -0.4577 -1.1465 1.6370 -0.3578 -0.5921 0.6521 0.3102
1311875574.4342 -0.4581 -1.1462 1.6374 -0.3580 -0.5919 0.6521 0.3102
1311875574.4375 -0.4586 -1.1459 1.6378 -0.3583 -0.5918 0.6522 0.3100
1311875574.4408 -0.4588 -1.1453 1.6381 -0.3590 -0.5924 0.6513 0.3097
1311875574.4441 -0.4593 -1.1453 1.6386 -0.3588 -0.5925 0.6517 0.3091
1311875574.4474 -0.4596 -1.1450 1.6389 -0.3590 -0.5927 0.6516 0.3087
1311875574.4508 -0.4599 -1.1447 1.6394 -0.3593 -0.5927 0.6515 0.3084
1311875574.4541 -0.4603 -1.1446 1.6398 -0.3594 -0.5925 0.6519 0.3080
1311875574.4574 -0.4606 -1.1444 1.6402 -0.3594 -0.5923 0.6522 0.3077
1311875574.4608 -0.4610 -1.1442 1.6406 -0.3593 -0.5921 0.6526 0.3074
1311875574.4642 -0.4614 -1.1444 1.6409 -0.3594 -0.5919 0.6532 0.3062
1311875574.4675 -0.4616 -1.1439 1.6413 -0.3598 -0.5925 0.6524 0.3063
1311875574.4708 -0.4620 -1.1437 1.6417 -0.3600 -0.5925 0.6525 0.3059
1311875574.4741 -0.4625 -1.1435 1.6421 -0.3603 -0.5923 0.6526 0.3056
1311875574.4775 -0.4629 -1.1434 1.6425 -0.3607 -0.5922 0.6526 0.3053
1311875574.4807 -0.4634 -1.1432 1.6429 -0.3610 -0.5921 0.6527 0.3052
1311875574.4841 -0.4638 -1.1429 1.6433 -0.3611 -0.5921 0.6526 0.3052
1311875574.4874 -0.4641 -1.1428 1.6436 -0.3614 -0.5921 0.6526 0.3048
1311875574.4908 -0.4644 -1.1426 1.6439 -0.3616 -0.5921 0.6526 0.3045
1311875574.4942 -0.4648 -1.1424 1.6444 -0.3617 -0.5923 0.6525 0.3044
1311875574.4975 -0.4651 -1.1423 1.6448 -0.3616 -0.5921 0.6527 0.3043
1311875574.5008 -0.4655 -1.1422 1.6453 -0.3617 -0.5919 0.6530 0.3041
1311875574.5042 -0.4658 -1.1421 1.6457 -0.3616 -0.5916 0.6533 0.3040
1311875574.5074 -0.4662 -1.1420 1.6462 -0.3616 -0.5913 0.6537 0.3039
1311875574.5108 -0.4665 -1.1419 1.6467 -0.3615 -0.5914 0.6537 0.3036
1311875574.5141 -0.4669 -1.1418 1.6471 -0.3613 -0.5913 0.6540 0.3034
1311875574.5174 -0.4673 -1.1416 1.6475 -0.3611 -0.5913 0.6543 0.3032
1311875574.5207 -0.4676 -1.1415 1.6479 -0.3609 -0.5911 0.6546 0.3031
1311875574.5240 -0.4680 -1.1415 1.6483 -0.3608 -0.5908 0.6550 0.3029
1311875574.5274 -0.4684 -1.1414 1.6487 -0.3608 -0.5907 0.6551 0.3028
1311875574.5308 -0.4691 -1.1414 1.6490 -0.3602 -0.5897 0.6566 0.3023
1311875574.5341 -0.4686 -1.1409 1.6492 -0.3604 -0.5917 0.6554 0.3007
1311875574.5375 -0.4691 -1.1411 1.6499 -0.3619 -0.5899 0.6556 0.3022
1311875574.5408 -0.4697 -1.1411 1.6506 -0.3603 -0.5897 0.6565 0.3023
1311875574.5441 -0.4702 -1.1410 1.6509 -0.3605 -0.5895 0.6566 0.3023
1311875574.5475 -0.4705 -1.1410 1.6512 -0.3603 -0.5894 0.6568 0.3023
1311875574.5508 -0.4707 -1.1409 1.6516 -0.3599 -0.5897 0.6569 0.3019
1311875574.5542 -0.4710 -1.1409 1.6519 -0.3597 -0.5894 0.6572 0.3020
1311875574.5575 -0.4714 -1.1408 1.6524 -0.3594 -0.5892 0.6576 0.3021
1311875574.5609 -0.4717 -1.1408 1.6528 -0.3592 -0.5889 0.6579 0.3023
1311875574.5641 -0.4721 -1.1408 1.6532 -0.3591 -0.5888 0.6580 0.3024
1311875574.5675 -0.4724 -1.1407 1.6536 -0.3589 -0.5887 0.6581 0.3024
1311875574.5708 -0.4727 -1.1407 1.6540 -0.3587 -0.5889 0.6582 0.3022
1311875574.5741 -0.4729 -1.1399 1.6540 -0.3600 -0.5899 0.6564 0.3026
1311875574.5775 -0.4734 -1.1408 1.6547 -0.3585 -0.5888 0.6584 0.3022
1311875574.5808 -0.4738 -1.1407 1.6551 -0.3584 -0.5888 0.6585 0.3022
1311875574.5841 -0.4741 -1.1408 1.6554 -0.3584 -0.5888 0.6585 0.3022
1311875574.5874 -0.4739 -1.1408 1.6556 -0.3583 -0.5898 0.6582 0.3009
1311875574.5908 -0.4742 -1.1408 1.6559 -0.3583 -0.5898 0.6582 0.3008
1311875574.5941 -0.4745 -1.1408 1.6562 -0.3585 -0.5899 0.6581 0.3007
1311875574.5975 -0.4750 -1.1408 1.6564 -0.3583 -0.5898 0.6584 0.3006
1311875574.6008 -0.4757 -1.1408 1.6569 -0.3587 -0.5888 0.6584 0.3020
1311875574.6041 -0.4757 -1.1409 1.6573 -0.3575 -0.5898 0.6585 0.3011
1311875574.6075 -0.4763 -1.1408 1.6575 -0.3588 -0.5888 0.6584 0.3020
1311875574.6108 -0.4769 -1.1407 1.6576 -0.3584 -0.5888 0.6581 0.3030
1311875574.6141 -0.4769 -1.1409 1.6581 -0.3586 -0.5887 0.6584 0.3022
1311875574.6174 -0.4772 -1.1409 1.6584 -0.3586 -0.5887 0.6584 0.3022
1311875574.6208 -0.4779 -1.1412 1.6585 -0.3577 -0.5883 0.6591 0.3024
1311875574.6241 -0.4780 -1.1408 1.6589 -0.3580 -0.5890 0.6581 0.3030
1311875574.6276 -0.4782 -1.1409 1.6593 -0.3580 -0.5891 0.6584 0.3022
1311875574.6308 -0.4787 -1.1410 1.6597 -0.3582 -0.5883 0.6588 0.3026
1311875574.6341 -0.4788 -1.1409 1.6598 -0.3579 -0.5894 0.6583 0.3021
1311875574.6375 -0.4794 -1.1410 1.6602 -0.3583 -0.5884 0.6586 0.3027
1311875574.6407 -0.4794 -1.1409 1.6603 -0.3580 -0.5894 0.6581 0.3022
1311875574.6441 -0.4797 -1.1410 1.6605 -0.3579 -0.5894 0.6581 0.3024
1311875574.6474 -0.4801 -1.1410 1.6608 -0.3579 -0.5892 0.6581 0.3026
1311875574.6508 -0.4801 -1.1408 1.6609 -0.3577 -0.5902 0.6575 0.3022
1311875574.6541 -0.4808 -1.1410 1.6613 -0.3579 -0.5891 0.6580 0.3030
1311875574.6574 -0.4811 -1.1410 1.6616 -0.3582 -0.5894 0.6576 0.3031
1311875574.6608 -0.4815 -1.1410 1.6619 -0.3578 -0.5888 0.6582 0.3034
1311875574.6641 -0.4817 -1.1410 1.6621 -0.3579 -0.5892 0.6577 0.3035
1311875574.6674 -0.4821 -1.1410 1.6624 -0.3577 -0.5890 0.6579 0.3038
1311875574.6708 -0.4824 -1.1410 1.6627 -0.3576 -0.5889 0.6580 0.3040
1311875574.6741 -0.4826 -1.1410 1.6629 -0.3574 -0.5888 0.6582 0.3041
1311875574.6775 -0.4829 -1.1410 1.6632 -0.3572 -0.5886 0.6583 0.3043
1311875574.6808 -0.4831 -1.1410 1.6634 -0.3570 -0.5886 0.6585 0.3043
1311875574.6840 -0.4834 -1.1410 1.6637 -0.3567 -0.5883 0.6587 0.3044
1311875574.6874 -0.4836 -1.1410 1.6639 -0.3566 -0.5883 0.6588 0.3044
1311875574.6909 -0.4839 -1.1410 1.6642 -0.3563 -0.5881 0.6591 0.3045
1311875574.6941 -0.4843 -1.1423 1.6644 -0.3553 -0.5863 0.6619 0.3032
1311875574.6975 -0.4841 -1.1412 1.6644 -0.3566 -0.5878 0.6594 0.3041
1311875574.7007 -0.4843 -1.1412 1.6647 -0.3565 -0.5878 0.6595 0.3040
1311875574.7041 -0.4847 -1.1411 1.6651 -0.3555 -0.5877 0.6599 0.3045
1311875574.7074 -0.4849 -1.1412 1.6653 -0.3553 -0.5876 0.6602 0.3044
1311875574.7107 -0.4851 -1.1412 1.6654 -0.3552 -0.5876 0.6603 0.3042
1311875574.7140 -0.4853 -1.1412 1.6657 -0.3549 -0.5877 0.6603 0.3044
1311875574.7174 -0.4855 -1.1412 1.6659 -0.3549 -0.5879 0.6602 0.3042
1311875574.7207 -0.4857 -1.1413 1.6660 -0.3546 -0.5880 0.6603 0.3041
1311875574.7240 -0.4859 -1.1413 1.6662 -0.3545 -0.5880 0.6604 0.3040
1311875574.7274 -0.4861 -1.1413 1.6664 -0.3542 -0.5881 0.6605 0.3039
1311875574.7307 -0.4864 -1.1414 1.6666 -0.3539 -0.5882 0.6607 0.3038
1311875574.7342 -0.4866 -1.1414 1.6668 -0.3538 -0.5883 0.6606 0.3038
1311875574.7375 -0.4868 -1.1414 1.6670 -0.3534 -0.5884 0.6608 0.3037
1311875574.7408 -0.4870 -1.1414 1.6671 -0.3532 -0.5887 0.6608 0.3035
1311875574.7444 -0.4873 -1.1415 1.6673 -0.3529 -0.5888 0.6609 0.3034
1311875574.7474 -0.4875 -1.1415 1.6674 -0.3526 -0.5889 0.6610 0.3033
1311875574.7507 -0.4877 -1.1415 1.6676 -0.3524 -0.5891 0.6610 0.3031
1311875574.7541 -0.4878 -1.1416 1.6677 -0.3522 -0.5892 0.6610 0.3030
1311875574.7574 -0.4881 -1.1416 1.6679 -0.3520 -0.5894 0.6611 0.3028
1311875574.7608 -0.4882 -1.1416 1.6681 -0.3517 -0.5896 0.6611 0.3027
1311875574.7641 -0.4884 -1.1416 1.6682 -0.3515 -0.5898 0.6611 0.3025
1311875574.7674 -0.4886 -1.1416 1.6684 -0.3511 -0.5899 0.6612 0.3025
1311875574.7708 -0.4887 -1.1416 1.6686 -0.3509 -0.5901 0.6613 0.3023
1311875574.7741 -0.4888 -1.1416 1.6687 -0.3505 -0.5903 0.6613 0.3022
1311875574.7775 -0.4890 -1.1416 1.6689 -0.3502 -0.5904 0.6615 0.3020
1311875574.7808 -0.4892 -1.1415 1.6691 -0.3500 -0.5905 0.6616 0.3018
1311875574.7842 -0.4894 -1.1416 1.6693 -0.3495 -0.5905 0.6619 0.3018
1311875574.7874 -0.4895 -1.1415 1.6695 -0.3493 -0.5906 0.6619 0.3016
1311875574.7908 -0.4896 -1.1415 1.6696 -0.3487 -0.5910 0.6621 0.3012
1311875574.7941 -0.4897 -1.1415 1.6699 -0.3484 -0.5909 0.6624 0.3010
1311875574.7975 -0.4900 -1.1415 1.6702 -0.3482 -0.5904 0.6629 0.3011
1311875574.8008 -0.4901 -1.1415 1.6704 -0.3479 -0.5904 0.6632 0.3009
1311875574.8041 -0.4903 -1.1415 1.6706 -0.3474 -0.5903 0.6637 0.3007
1311875574.8075 -0.4904 -1.1415 1.6708 -0.3471 -0.5901 0.6641 0.3005
1311875574.8108 -0.4906 -1.1415 1.6710 -0.3467 -0.5900 0.6645 0.3003
1311875574.8141 -0.4908 -1.1415 1.6712 -0.3464 -0.5897 0.6649 0.3002
1311875574.8174 -0.4909 -1.1415 1.6714 -0.3460 -0.5896 0.6653 0.3001
1311875574.8208 -0.4910 -1.1415 1.6716 -0.3458 -0.5895 0.6656 0.2998
1311875574.8241 -0.4912 -1.1415 1.6718 -0.3456 -0.5894 0.6658 0.2997
1311875574.8274 -0.4913 -1.1414 1.6720 -0.3454 -0.5894 0.6660 0.2996
1311875574.8308 -0.4914 -1.1414 1.6721 -0.3453 -0.5894 0.6661 0.2993
1311875574.8341 -0.4916 -1.1414 1.6723 -0.3451 -0.5895 0.6663 0.2991
1311875574.8375 -0.4917 -1.1414 1.6725 -0.3450 -0.5894 0.6665 0.2990
1311875574.8410 -0.4919 -1.1413 1.6727 -0.3448 -0.5894 0.6666 0.2989
1311875574.8442 -0.4920 -1.1413 1.6729 -0.3447 -0.5894 0.6667 0.2987
1311875574.8475 -0.4921 -1.1413 1.6730 -0.3446 -0.5894 0.6670 0.2985
1311875574.8508 -0.4923 -1.1413 1.6732 -0.3444 -0.5894 0.6671 0.2983
1311875574.8542 -0.4924 -1.1412 1.6734 -0.3443 -0.5895 0.6671 0.2981
1311875574.8574 -0.4926 -1.1412 1.6736 -0.3442 -0.5896 0.6672 0.2978
1311875574.8608 -0.4927 -1.1411 1.6738 -0.3441 -0.5897 0.6673 0.2975
1311875574.8641 -0.4929 -1.1411 1.6740 -0.3438 -0.5895 0.6677 0.2973
1311875574.8674 -0.4931 -1.1410 1.6741 -0.3437 -0.5896 0.6678 0.2971
1311875574.8708 -0.4933 -1.1410 1.6743 -0.3435 -0.5895 0.6681 0.2969
1311875574.8741 -0.4935 -1.1409 1.6745 -0.3433 -0.5894 0.6683 0.2968
1311875574.8774 -0.4936 -1.1409 1.6747 -0.3431 -0.5896 0.6684 0.2965
1311875574.8808 -0.4938 -1.1408 1.6749 -0.3429 -0.5896 0.6687 0.2962
1311875574.8841 -0.4940 -1.1408 1.6751 -0.3428 -0.5897 0.6687 0.2960
1311875574.8874 -0.4941 -1.1407 1.6753 -0.3426 -0.5897 0.6689 0.2957
1311875574.8908 -0.4943 -1.1406 1.6754 -0.3425 -0.5900 0.6689 0.2955
1311875574.8941 -0.4945 -1.1406 1.6756 -0.3423 -0.5900 0.6690 0.2953
1311875574.8976 -0.4947 -1.1405 1.6758 -0.3422 -0.5901 0.6690 0.2950
1311875574.9008 -0.4948 -1.1404 1.6759 -0.3421 -0.5904 0.6690 0.2947
1311875574.9041 -0.4950 -1.1404 1.6761 -0.3420 -0.5905 0.6690 0.2945
1311875574.9075 -0.4952 -1.1402 1.6762 -0.3420 -0.5908 0.6689 0.2942
1311875574.9108 -0.4953 -1.1402 1.6764 -0.3420 -0.5909 0.6689 0.2939
1311875574.9142 -0.4955 -1.1401 1.6766 -0.3419 -0.5910 0.6690 0.2937
1311875574.9174 -0.4957 -1.1400 1.6767 -0.3419 -0.5912 0.6690 0.2934
1311875574.9208 -0.4958 -1.1399 1.6769 -0.3418 -0.5913 0.6691 0.2931
1311875574.9241 -0.4959 -1.1398 1.6771 -0.3417 -0.5915 0.6690 0.2928
1311875574.9276 -0.4961 -1.1397 1.6772 -0.3417 -0.5917 0.6690 0.2925
1311875574.9308 -0.4962 -1.1396 1.6774 -0.3416 -0.5917 0.6691 0.2923
1311875574.9342 -0.4964 -1.1396 1.6776 -0.3416 -0.5918 0.6692 0.2921
1311875574.9375 -0.4965 -1.1394 1.6778 -0.3415 -0.5920 0.6692 0.2918
1311875574.9411 -0.4967 -1.1393 1.6779 -0.3415 -0.5921 0.6691 0.2915
1311875574.9441 -0.4969 -1.1392 1.6781 -0.3415 -0.5922 0.6692 0.2914
1311875574.9474 -0.4971 -1.1391 1.6783 -0.3415 -0.5924 0.6692 0.2911
1311875574.9508 -0.4973 -1.1389 1.6785 -0.3414 -0.5925 0.6691 0.2909
1311875574.9543 -0.4975 -1.1388 1.6786 -0.3415 -0.5926 0.6691 0.2907
1311875574.9574 -0.4977 -1.1387 1.6788 -0.3415 -0.5927 0.6691 0.2906
1311875574.9608 -0.4979 -1.1386 1.6790 -0.3416 -0.5928 0.6691 0.2903
1311875574.9641 -0.4982 -1.1385 1.6792 -0.3417 -0.5928 0.6691 0.2902
1311875574.9674 -0.4985 -1.1383 1.6794 -0.3418 -0.5929 0.6690 0.2900
1311875574.9708 -0.4987 -1.1382 1.6796 -0.3419 -0.5931 0.6688 0.2898
1311875574.9741 -0.4990 -1.1380 1.6798 -0.3421 -0.5931 0.6688 0.2896
1311875574.9774 -0.4992 -1.1379 1.6800 -0.3422 -0.5932 0.6687 0.2895
1311875574.9808 -0.4995 -1.1377 1.6802 -0.3423 -0.5933 0.6686 0.2894
1311875574.9841 -0.4997 -1.1376 1.6804 -0.3424 -0.5933 0.6686 0.2893
1311875574.9874 -0.5000 -1.1374 1.6806 -0.3425 -0.5933 0.6685 0.2892
1311875574.9906 -0.5002 -1.1373 1.6808 -0.3426 -0.5933 0.6686 0.2892
1311875574.9940 -0.5004 -1.1372 1.6810 -0.3427 -0.5933 0.6686 0.2891
1311875574.9973 -0.5006 -1.1370 1.6811 -0.3428 -0.5934 0.6685 0.2891
1311875575.0007 -0.5008 -1.1369 1.6813 -0.3428 -0.5933 0.6685 0.2892
1311875575.0040 -0.5010 -1.1367 1.6815 -0.3429 -0.5933 0.6684 0.2891
1311875575.0073 -0.5012 -1.1365 1.6817 -0.3429 -0.5933 0.6684 0.2891
1311875575.0108 -0.5014 -1.1364 1.6818 -0.3429 -0.5934 0.6684 0.2891
1311875575.0159 -0.5016 -1.1362 1.6820 -0.3429 -0.5934 0.6684 0.2891
1311875575.0173 -0.5018 -1.1360 1.6822 -0.3430 -0.5935 0.6682 0.2891
1311875575.0206 -0.5020 -1.1358 1.6824 -0.3431 -0.5936 0.6681 0.2891
1311875575.0240 -0.5023 -1.1355 1.6826 -0.3432 -0.5937 0.6679 0.2892
1311875575.0273 -0.5025 -1.1353 1.6828 -0.3433 -0.5939 0.6677 0.2892
1311875575.0307 -0.5028 -1.1351 1.6830 -0.3435 -0.5941 0.6675 0.2891
1311875575.0340 -0.5030 -1.1348 1.6831 -0.3436 -0.5942 0.6673 0.2892
1311875575.0374 -0.5032 -1.1346 1.6834 -0.3437 -0.5942 0.6671 0.2894
1311875575.0407 -0.5035 -1.1344 1.6836 -0.3438 -0.5941 0.6671 0.2896
1311875575.0441 -0.5038 -1.1342 1.6838 -0.3440 -0.5942 0.6668 0.2898
1311875575.0474 -0.5041 -1.1340 1.6840 -0.3441 -0.5941 0.6667 0.2901
1311875575.0506 -0.5044 -1.1337 1.6843 -0.3441 -0.5940 0.6667 0.2903
1311875575.0541 -0.5046 -1.1335 1.6844 -0.3443 -0.5940 0.6665 0.2904
1311875575.0574 -0.5049 -1.1333 1.6846 -0.3445 -0.5941 0.6663 0.2906
1311875575.0609 -0.5051 -1.1330 1.6849 -0.3444 -0.5940 0.6663 0.2910
1311875575.0641 -0.5054 -1.1328 1.6851 -0.3445 -0.5939 0.6662 0.2912
1311875575.0742 -0.5056 -1.1326 1.6854 -0.3444 -0.5936 0.6663 0.2917
1311875575.0743 -0.5058 -1.1324 1.6856 -0.3444 -0.5934 0.6663 0.2920
1311875575.0744 -0.5061 -1.1321 1.6858 -0.3445 -0.5931 0.6664 0.2923
1311875575.0775 -0.5063 -1.1319 1.6861 -0.3446 -0.5928 0.6664 0.2927
1311875575.0808 -0.5066 -1.1316 1.6863 -0.3447 -0.5926 0.6665 0.2930
1311875575.0841 -0.5068 -1.1315 1.6866 -0.3448 -0.5922 0.6666 0.2933
1311875575.0874 -0.5071 -1.1312 1.6868 -0.3448 -0.5918 0.6668 0.2937
1311875575.0918 -0.5074 -1.1311 1.6871 -0.3450 -0.5916 0.6669 0.2938
1311875575.0942 -0.5076 -1.1309 1.6873 -0.3452 -0.5913 0.6669 0.2941
1311875575.0974 -0.5078 -1.1307 1.6875 -0.3453 -0.5911 0.6669 0.2943
1311875575.1008 -0.5081 -1.1305 1.6877 -0.3455 -0.5910 0.6668 0.2945
1311875575.1041 -0.5083 -1.1303 1.6879 -0.3455 -0.5909 0.6668 0.2947
1311875575.1074 -0.5086 -1.1300 1.6881 -0.3457 -0.5908 0.6667 0.2949
1311875575.1107 -0.5088 -1.1298 1.6883 -0.3460 -0.5907 0.6665 0.2951
1311875575.1141 -0.5090 -1.1295 1.6885 -0.3462 -0.5907 0.6664 0.2952
1311875575.1174 -0.5092 -1.1292 1.6887 -0.3464 -0.5908 0.6661 0.2954
1311875575.1207 -0.5095 -1.1290 1.6888 -0.3467 -0.5908 0.6659 0.2955
1311875575.1240 -0.5097 -1.1287 1.6890 -0.3469 -0.5910 0.6656 0.2956
1311875575.1275 -0.5099 -1.1284 1.6892 -0.3471 -0.5909 0.6655 0.2958
1311875575.1308 -0.5101 -1.1282 1.6894 -0.3473 -0.5909 0.6653 0.2960
1311875575.1341 -0.5103 -1.1279 1.6895 -0.3475 -0.5911 0.6650 0.2960
1311875575.1374 -0.5105 -1.1276 1.6897 -0.3477 -0.5912 0.6648 0.2960
1311875575.1406 -0.5107 -1.1274 1.6899 -0.3481 -0.5912 0.6646 0.2960
1311875575.1441 -0.5112 -1.1281 1.6902 -0.3471 -0.5898 0.6668 0.2951
1311875575.1474 -0.5112 -1.1271 1.6903 -0.3481 -0.5909 0.6649 0.2959
1311875575.1507 -0.5113 -1.1266 1.6906 -0.3484 -0.5913 0.6642 0.2964
1311875575.1540 -0.5115 -1.1264 1.6908 -0.3486 -0.5912 0.6641 0.2964
1311875575.1574 -0.5116 -1.1260 1.6908 -0.3487 -0.5920 0.6636 0.2959
1311875575.1608 -0.5119 -1.1259 1.6911 -0.3490 -0.5913 0.6639 0.2963
1311875575.1640 -0.5121 -1.1257 1.6913 -0.3492 -0.5912 0.6638 0.2965
1311875575.1674 -0.5123 -1.1255 1.6915 -0.3491 -0.5909 0.6640 0.2967
1311875575.1707 -0.5125 -1.1253 1.6917 -0.3492 -0.5909 0.6640 0.2968
1311875575.1741 -0.5126 -1.1251 1.6919 -0.3493 -0.5906 0.6641 0.2968
1311875575.1774 -0.5128 -1.1249 1.6922 -0.3494 -0.5903 0.6642 0.2971
1311875575.1807 -0.5130 -1.1247 1.6924 -0.3494 -0.5903 0.6642 0.2971
1311875575.1840 -0.5131 -1.1245 1.6926 -0.3495 -0.5901 0.6643 0.2971
1311875575.1874 -0.5132 -1.1243 1.6927 -0.3495 -0.5901 0.6643 0.2971
1311875575.1907 -0.5133 -1.1241 1.6929 -0.3497 -0.5900 0.6643 0.2972
1311875575.1941 -0.5135 -1.1239 1.6930 -0.3497 -0.5902 0.6642 0.2970
1311875575.1974 -0.5136 -1.1237 1.6933 -0.3496 -0.5900 0.6643 0.2972
1311875575.2007 -0.5137 -1.1235 1.6934 -0.3497 -0.5900 0.6644 0.2971
1311875575.2040 -0.5138 -1.1233 1.6936 -0.3496 -0.5899 0.6644 0.2971
1311875575.2074 -0.5139 -1.1231 1.6938 -0.3497 -0.5899 0.6644 0.2971
1311875575.2107 -0.5140 -1.1229 1.6940 -0.3497 -0.5899 0.6645 0.2970
1311875575.2141 -0.5141 -1.1227 1.6942 -0.3496 -0.5898 0.6646 0.2970
1311875575.2174 -0.5141 -1.1225 1.6944 -0.3496 -0.5900 0.6645 0.2969
1311875575.2207 -0.5142 -1.1223 1.6945 -0.3495 -0.5900 0.6645 0.2968
1311875575.2240 -0.5143 -1.1220 1.6947 -0.3494 -0.5901 0.6645 0.2968
1311875575.2275 -0.5145 -1.1220 1.6949 -0.3492 -0.5897 0.6651 0.2966
1311875575.2307 -0.5145 -1.1217 1.6951 -0.3492 -0.5901 0.6647 0.2968
1311875575.2341 -0.5146 -1.1215 1.6953 -0.3492 -0.5902 0.6646 0.2968
1311875575.2374 -0.5148 -1.1214 1.6954 -0.3491 -0.5900 0.6650 0.2964
1311875575.2407 -0.5148 -1.1212 1.6956 -0.3490 -0.5902 0.6649 0.2963
1311875575.2441 -0.5149 -1.1209 1.6958 -0.3490 -0.5906 0.6644 0.2966
1311875575.2473 -0.5150 -1.1207 1.6960 -0.3490 -0.5905 0.6644 0.2967
1311875575.2507 -0.5152 -1.1212 1.6962 -0.3481 -0.5896 0.6660 0.2960
1311875575.2541 -0.5153 -1.1208 1.6963 -0.3483 -0.5898 0.6657 0.2961
1311875575.2574 -0.5152 -1.1201 1.6964 -0.3488 -0.5907 0.6643 0.2967
1311875575.2608 -0.5153 -1.1199 1.6966 -0.3488 -0.5907 0.6643 0.2968
1311875575.2642 -0.5155 -1.1202 1.6968 -0.3482 -0.5900 0.6654 0.2965
1311875575.2674 -0.5157 -1.1202 1.6970 -0.3480 -0.5898 0.6657 0.2965
1311875575.2708 -0.5154 -1.1195 1.6969 -0.3493 -0.5906 0.6642 0.2965
1311875575.2741 -0.5155 -1.1184 1.6969 -0.3500 -0.5917 0.6625 0.2974
1311875575.2774 -0.5156 -1.1189 1.6973 -0.3486 -0.5912 0.6639 0.2969
1311875575.2807 -0.5158 -1.1188 1.6976 -0.3488 -0.5908 0.6640 0.2972
1311875575.2840 -0.5158 -1.1186 1.6977 -0.3487 -0.5907 0.6641 0.2973
1311875575.2873 -0.5159 -1.1184 1.6979 -0.3487 -0.5905 0.6642 0.2975
1311875575.2908 -0.5160 -1.1182 1.6981 -0.3486 -0.5904 0.6643 0.2976
1311875575.2942 -0.5160 -1.1180 1.6982 -0.3487 -0.5905 0.6642 0.2977
1311875575.2974 -0.5159 -1.1170 1.6983 -0.3496 -0.5917 0.6623 0.2985
1311875575.3007 -0.5161 -1.1176 1.6986 -0.3487 -0.5904 0.6642 0.2979
1311875575.3041 -0.5160 -1.1166 1.6987 -0.3496 -0.5914 0.6624 0.2988
1311875575.3074 -0.5160 -1.1164 1.6988 -0.3495 -0.5913 0.6624 0.2989
1311875575.3107 -0.5163 -1.1170 1.6991 -0.3484 -0.5901 0.6643 0.2984
1311875575.3141 -0.5163 -1.1168 1.6993 -0.3484 -0.5899 0.6644 0.2987
1311875575.3174 -0.5164 -1.1167 1.6995 -0.3483 -0.5899 0.6643 0.2988
1311875575.3208 -0.5164 -1.1165 1.6996 -0.3482 -0.5898 0.6644 0.2990
1311875575.3240 -0.5165 -1.1163 1.6998 -0.3481 -0.5897 0.6644 0.2994
1311875575.3274 -0.5166 -1.1163 1.7001 -0.3475 -0.5892 0.6651 0.2996
1311875575.3308 -0.5166 -1.1159 1.7002 -0.3479 -0.5894 0.6645 0.3001
1311875575.3342 -0.5167 -1.1160 1.7004 -0.3472 -0.5887 0.6653 0.3003
1311875575.3374 -0.5166 -1.1155 1.7005 -0.3477 -0.5891 0.6646 0.3007
1311875575.3408 -0.5167 -1.1153 1.7007 -0.3476 -0.5887 0.6648 0.3012
1311875575.3441 -0.5168 -1.1151 1.7009 -0.3475 -0.5884 0.6649 0.3016
1311875575.3474 -0.5168 -1.1149 1.7011 -0.3474 -0.5882 0.6650 0.3020
1311875575.3508 -0.5169 -1.1148 1.7013 -0.3472 -0.5878 0.6652 0.3025
1311875575.3541 -0.5169 -1.1145 1.7015 -0.3472 -0.5874 0.6653 0.3031
1311875575.3575 -0.5170 -1.1143 1.7017 -0.3471 -0.5870 0.6653 0.3037
1311875575.3608 -0.5170 -1.1141 1.7019 -0.3470 -0.5866 0.6655 0.3042
1311875575.3642 -0.5170 -1.1137 1.7020 -0.3474 -0.5865 0.6652 0.3048
1311875575.3675 -0.5171 -1.1135 1.7022 -0.3473 -0.5859 0.6655 0.3054
1311875575.3708 -0.5173 -1.1135 1.7027 -0.3467 -0.5855 0.6659 0.3058
1311875575.3742 -0.5173 -1.1133 1.7029 -0.3468 -0.5847 0.6663 0.3065
1311875575.3773 -0.5174 -1.1131 1.7031 -0.3468 -0.5843 0.6664 0.3071
1311875575.3807 -0.5175 -1.1129 1.7033 -0.3469 -0.5840 0.6663 0.3076
1311875575.3840 -0.5175 -1.1126 1.7035 -0.3470 -0.5837 0.6663 0.3081
1311875575.3874 -0.5176 -1.1124 1.7036 -0.3471 -0.5833 0.6664 0.3086
1311875575.3907 -0.5176 -1.1122 1.7038 -0.3474 -0.5831 0.6662 0.3090
1311875575.3940 -0.5177 -1.1121 1.7040 -0.3474 -0.5827 0.6663 0.3096
1311875575.3974 -0.5177 -1.1119 1.7042 -0.3476 -0.5823 0.6664 0.3100
1311875575.4007 -0.5177 -1.1117 1.7044 -0.3477 -0.5822 0.6662 0.3103
1311875575.4041 -0.5178 -1.1115 1.7046 -0.3479 -0.5819 0.6662 0.3108
1311875575.4074 -0.5178 -1.1112 1.7047 -0.3481 -0.5816 0.6661 0.3112
1311875575.4108 -0.5179 -1.1114 1.7051 -0.3475 -0.5808 0.6670 0.3114
1311875575.4141 -0.5179 -1.1108 1.7052 -0.3482 -0.5809 0.6663 0.3121
1311875575.4174 -0.5179 -1.1108 1.7055 -0.3486 -0.5803 0.6665 0.3123
1311875575.4208 -0.5179 -1.1104 1.7056 -0.3487 -0.5806 0.6659 0.3128
1311875575.4241 -0.5178 -1.1100 1.7057 -0.3490 -0.5807 0.6654 0.3134
1311875575.4275 -0.5179 -1.1100 1.7060 -0.3488 -0.5802 0.6659 0.3136
1311875575.4308 -0.5179 -1.1098 1.7062 -0.3488 -0.5799 0.6659 0.3139
1311875575.4341 -0.5179 -1.1095 1.7063 -0.3491 -0.5799 0.6656 0.3144
1311875575.4375 -0.5179 -1.1094 1.7066 -0.3491 -0.5796 0.6657 0.3148
1311875575.4408 -0.5179 -1.1092 1.7067 -0.3491 -0.5794 0.6656 0.3151
1311875575.4440 -0.5179 -1.1090 1.7070 -0.3492 -0.5790 0.6658 0.3154
1311875575.4474 -0.5179 -1.1088 1.7072 -0.3493 -0.5789 0.6656 0.3159
1311875575.4507 -0.5178 -1.1086 1.7073 -0.3491 -0.5789 0.6657 0.3159
1311875575.4540 -0.5179 -1.1085 1.7076 -0.3492 -0.5783 0.6660 0.3164
1311875575.4574 -0.5179 -1.1084 1.7078 -0.3492 -0.5780 0.6662 0.3167
1311875575.4607 -0.5179 -1.1079 1.7080 -0.3493 -0.5780 0.6657 0.3174
1311875575.4641 -0.5179 -1.1077 1.7082 -0.3493 -0.5778 0.6658 0.3176
1311875575.4674 -0.5180 -1.1075 1.7084 -0.3494 -0.5783 0.6654 0.3174
1311875575.4707 -0.5182 -1.1077 1.7089 -0.3492 -0.5769 0.6662 0.3185
1311875575.4741 -0.5180 -1.1073 1.7090 -0.3486 -0.5767 0.6665 0.3188
1311875575.4775 -0.5181 -1.1069 1.7090 -0.3491 -0.5773 0.6660 0.3184
1311875575.4808 -0.5182 -1.1069 1.7094 -0.3492 -0.5761 0.6666 0.3191
1311875575.4841 -0.5182 -1.1068 1.7096 -0.3490 -0.5758 0.6668 0.3194
1311875575.4874 -0.5181 -1.1064 1.7097 -0.3486 -0.5756 0.6669 0.3200
1311875575.4908 -0.5181 -1.1062 1.7100 -0.3486 -0.5753 0.6670 0.3203
1311875575.4942 -0.5182 -1.1060 1.7102 -0.3485 -0.5751 0.6671 0.3206
1311875575.4974 -0.5182 -1.1058 1.7104 -0.3484 -0.5749 0.6672 0.3209
1311875575.5008 -0.5182 -1.1056 1.7105 -0.3486 -0.5754 0.6668 0.3206
1311875575.5041 -0.5183 -1.1057 1.7109 -0.3485 -0.5740 0.6677 0.3214
1311875575.5074 -0.5182 -1.1053 1.7110 -0.3483 -0.5743 0.6674 0.3217
1311875575.5107 -0.5183 -1.1053 1.7113 -0.3485 -0.5736 0.6678 0.3219
1311875575.5140 -0.5183 -1.1049 1.7114 -0.3482 -0.5737 0.6676 0.3223
1311875575.5174 -0.5183 -1.1047 1.7115 -0.3489 -0.5735 0.6675 0.3222
1311875575.5207 -0.5182 -1.1044 1.7119 -0.3487 -0.5736 0.6671 0.3229
1311875575.5241 -0.5183 -1.1045 1.7121 -0.3484 -0.5731 0.6679 0.3227
1311875575.5275 -0.5183 -1.1043 1.7121 -0.3483 -0.5733 0.6676 0.3230
1311875575.5308 -0.5183 -1.1042 1.7125 -0.3485 -0.5729 0.6678 0.3230
1311875575.5341 -0.5183 -1.1040 1.7126 -0.3486 -0.5730 0.6677 0.3231
1311875575.5374 -0.5183 -1.1038 1.7128 -0.3486 -0.5728 0.6677 0.3233
1311875575.5407 -0.5185 -1.1036 1.7128 -0.3485 -0.5729 0.6673 0.3241
1311875575.5441 -0.5184 -1.1035 1.7131 -0.3486 -0.5728 0.6674 0.3239
1311875575.5474 -0.5184 -1.1033 1.7133 -0.3487 -0.5728 0.6673 0.3241
1311875575.5508 -0.5185 -1.1031 1.7135 -0.3487 -0.5726 0.6674 0.3243
1311875575.5540 -0.5183 -1.1020 1.7134 -0.3501 -0.5739 0.6651 0.3252
1311875575.5574 -0.5186 -1.1028 1.7138 -0.3487 -0.5724 0.6674 0.3247
1311875575.5608 -0.5186 -1.1027 1.7143 -0.3482 -0.5717 0.6677 0.3257
1311875575.5641 -0.5186 -1.1026 1.7144 -0.3482 -0.5716 0.6677 0.3258
1311875575.5674 -0.5187 -1.1024 1.7143 -0.3487 -0.5720 0.6674 0.3253
1311875575.5707 -0.5187 -1.1022 1.7145 -0.3487 -0.5720 0.6673 0.3255
1311875575.5741 -0.5187 -1.1020 1.7147 -0.3487 -0.5720 0.6673 0.3256
1311875575.5774 -0.5187 -1.1019 1.7148 -0.3487 -0.5720 0.6672 0.3259
1311875575.5807 -0.5187 -1.1017 1.7150 -0.3487 -0.5720 0.6671 0.3260
1311875575.5840 -0.5188 -1.1016 1.7151 -0.3487 -0.5719 0.6670 0.3262
1311875575.5874 -0.5187 -1.1014 1.7152 -0.3487 -0.5719 0.6669 0.3265
1311875575.5908 -0.5185 -1.1005 1.7152 -0.3498 -0.5728 0.6651 0.3272
1311875575.5941 -0.5188 -1.1012 1.7156 -0.3486 -0.5718 0.6669 0.3268
1311875575.5974 -0.5188 -1.1011 1.7157 -0.3485 -0.5717 0.6669 0.3270
1311875575.6008 -0.5188 -1.1009 1.7159 -0.3485 -0.5717 0.6668 0.3273
1311875575.6041 -0.5188 -1.1008 1.7160 -0.3485 -0.5716 0.6668 0.3275
1311875575.6074 -0.5188 -1.1007 1.7162 -0.3483 -0.5716 0.6667 0.3277
1311875575.6107 -0.5188 -1.1005 1.7163 -0.3483 -0.5714 0.6668 0.3280
1311875575.6141 -0.5188 -1.1004 1.7165 -0.3484 -0.5714 0.6666 0.3282
1311875575.6174 -0.5188 -1.1002 1.7166 -0.3483 -0.5714 0.6666 0.3284
1311875575.6207 -0.5184 -1.1001 1.7166 -0.3492 -0.5710 0.6663 0.3287
1311875575.6241 -0.5184 -1.1000 1.7167 -0.3492 -0.5710 0.6663 0.3288
1311875575.6275 -0.5184 -1.0999 1.7169 -0.3491 -0.5708 0.6664 0.3290
1311875575.6308 -0.5188 -1.0998 1.7172 -0.3481 -0.5709 0.6667 0.3291
1311875575.6341 -0.5188 -1.0997 1.7174 -0.3481 -0.5707 0.6669 0.3293
1311875575.6374 -0.5188 -1.0995 1.7176 -0.3482 -0.5706 0.6668 0.3295
