-1.02223801612854 -4.140997886657715 -0.3186368942260742 0.11593044361855274 0.062475442290912175 0.12682982636902024 0.13984216810465017
1.342151165008545 0.6075475215911865 -0.4161129891872406 0.03938602298167641 0.033145528361444555 0.059985816206810594 0.1067109488607721
-2.2816269397735596 -0.594653844833374 -0.09075290709733963 0.06284737775343435 0.04021319947017324 0.0785455236047786 0.12867435493141682
-1.6465990543365479 -3.6154394149780273 0.16390788555145264 0.07934939844302219 0.05798513298912521 0.12949958409122078 0.08480395677696936
0.06322422623634338 -3.143664598464966 -0.07219123840332031 0.06894632827072383 0.06016972674720014 0.13968075555018575 0.17988246207043848
-1.526599407196045 -3.5235795974731445 0.2683860957622528 0.05472309542816779 0.052460261413946094 0.16306648573798702 0.11979062565486362
2.494816303253174 0.014803986065089703 -0.48376908898353577 0.0551474051844769 0.046832939209141285 0.07746065190597409 0.08653625133882656
-3.132518768310547 -4.222958087921143 -0.4722348153591156 0.07041239158840593 0.053299711435556216 0.07916793936956798 0.16890075903094376
-1.0784826278686523 -3.0587687492370605 0.3510424494743347 0.04290458123652902 0.03657310262737695 0.11473949105051845 0.05816646147451256
-2.082148790359497 -4.499409198760986 -0.4925972819328308 0.059618131920886414 0.03136698512715746 0.06580348151554533 0.07491929237558329
1.5965393781661987 -1.1575939655303955 0.1329737901687622 0.11167356572342252 0.05306850921857141 0.12192987632039179 0.13068156217365798
-3.941216468811035 -2.6687986850738525 -0.10102670639753342 0.07039960453981992 0.0479847116424177 0.16552751928573542 0.09041833605321765
1.689511775970459 -0.8053316473960876 -0.14782971143722534 0.11132573151799258 0.06300565932317427 0.11442365752023993 0.14821010198639029
2.983318328857422 0.23046398162841797 -0.5971834659576416 0.11412127010293682 0.0443686744940527 0.11831760080762412 0.15306479715555996
-0.3494683504104614 -2.9379708766937256 -0.5083231925964355 0.0665701732078495 0.06632848516275078 0.10028319921439416 0.06740007190518207
-2.977729082107544 -4.024547576904297 -0.5905874967575073 0.06477024014410074 0.054978278504412254 0.1634442555659058 0.09570578330081286
1.658398151397705 -1.062501311302185 0.36282745003700256 0.051171455121517086 0.04395839948068943 0.07680566006934549 0.08268186448943958
2.4361565113067627 -0.6225012540817261 -0.44282475113868713 0.07252549316635093 0.07116432936870484 0.15401839711310533 0.10064233994550621
-0.06879281252622604 1.80997896194458 -0.5889995694160461 0.1129360989205638 0.09564886951174023 0.15441021904479618 0.11307893872208032
0.29432734847068787 -1.757683515548706 0.03809378296136856 0.057770616513982076 0.036980180645015626 0.05829969486915711 0.12033118738520483
-4.496890544891357 -3.274353504180908 -0.5901789665222168 0.07439874807460983 0.03591689514618408 0.12162896067826813 0.10933917478983438
-1.3746414184570312 -1.765891194343567 -0.39894571900367737 0.07240761548115435 0.06217920615251708 0.08253199147620918 0.1251765960013704
-1.5169233083724976 -5.332901954650879 -0.5750619173049927 0.03260397861261463 0.03227354778810283 0.08427635065505823 0.09659962059557503
-1.6955204010009766 -4.210383415222168 -0.2631196081638336 0.11132709516733898 0.03357805246669361 0.17814557612818135 0.11752048507091929
-3.079862594604492 -4.007386207580566 -0.4912589192390442 0.10567160394863491 0.09176375257952522 0.11682454235742096 0.16433372495375526
-2.578031539916992 -2.700190782546997 0.2409781962633133 0.05135725606913766 0.03506837515972897 0.1658345239001644 0.14133586466529474
-2.5434348583221436 -0.6779893040657043 -0.43714964389801025 0.07148945450427241 0.04167418733698616 0.09429961969412833 0.141230194476437
-2.8696141242980957 -3.5023605823516846 -0.545401394367218 0.04304473799903638 0.023475622728051388 0.11153076287527881 0.12751985874162164
-0.6147202253341675 1.495798945426941 -0.04553724825382233 0.10350534199877891 0.020681522326813407 0.1491369195139227 0.12712409405169897
-3.679918050765991 -3.1967508792877197 -0.04567575827240944 0.11430702988417012 0.044827846779225904 0.1722778854669263 0.1754492496314505
-3.416346788406372 -3.5578930377960205 -0.48833203315734863 0.07346683874271634 0.05148125243413802 0.14007458357687208 0.16842006478906452
0.1636432558298111 1.9067034721374512 -0.0861341655254364 0.11106685766063665 0.027575747166306255 0.1163778957121641 0.1757344635687384
-3.6747055053710938 -3.6213560104370117 -0.21650882065296173 0.10982850850084123 0.077196158890657 0.11665590390462348 0.1538048417732975
2.6325504779815674 0.08590423315763474 -0.16258782148361206 0.10609636282775589 0.047556063371917076 0.11287433545477153 0.12089228298523087
-4.057033538818359 -2.3880691528320312 -0.05031758174300194 0.040550841057145647 0.021814507585829465 0.09778570606750175 0.1317253827520253
-1.7880587577819824 -0.4270753264427185 -0.5050456523895264 0.04147114643655048 0.033348464977426454 0.10859988174105033 0.06663590293177193
1.0301508903503418 -1.6001542806625366 0.27598878741264343 0.09358216510505026 0.02059655232805537 0.16561914299273917 0.16061552941076562
-2.7977280616760254 -1.0481226444244385 -0.3269110321998596 0.06311960503119574 0.02251148306751808 0.09177815826411054 0.13596000672523822
-0.19377179443836212 -3.072206497192383 -0.5918603539466858 0.032044933089056635 0.024192651951764135 0.13704332854397364 0.15488336604292285
-2.5915706157684326 -4.490687847137451 -0.5439634323120117 0.04564464264905371 0.03426732897923443 0.13917850729879716 0.1340772749775761
-0.9169446229934692 -1.3756273984909058 0.48220470547676086 0.11117443431157539 0.10740652549069907 0.13262733701742563 0.12781416383318142
-0.6646377444267273 -4.581657409667969 -0.39164677262306213 0.06487662156433335 0.04260335908758547 0.10854458270605047 0.17014841530213992
-2.101356267929077 -4.19080924987793 -0.25959861278533936 0.10749034054234892 0.07061961753187121 0.11990903005517632 0.1331072718499947
0.7216821908950806 1.3354251384735107 -0.5022209286689758 0.06293578876661425 0.03147686204474844 0.0647559637544348 0.07160707854418497
-4.083444595336914 -2.1235532760620117 -0.4851827025413513 0.06560162370185725 0.043089025433083544 0.14872396764619356 0.1484764751120247
-3.1966826915740967 -1.07731032371521 -0.11960659176111221 0.07387125586232496 0.04781769297168488 0.13434079383563827 0.0791427624882324
-2.1778759956359863 -1.030008316040039 -0.5154685378074646 0.07103366229401895 0.042115780159003094 0.09554447546063419 0.1386301262979633
0.24940361082553864 0.8972772359848022 -0.2947753667831421 0.08637216495371068 0.02749480265853764 0.1281120650810194 0.11046823945920684
-0.4772683382034302 1.2261379957199097 -0.5815899968147278 0.051828428705972665 0.02611381675963177 0.07714245497627652 0.15702057852798867
-1.0238546133041382 -4.797086715698242 -0.6138760447502136 0.08907687202047912 0.0775839107329701 0.1200777933879218 0.13157730418627706
2.83821702003479 -0.12628956139087677 -0.1632947474718094 0.0896054581328379 0.0321662711980494 0.16341338333902622 0.1293047053467262
-0.05830632150173187 -2.0639100074768066 0.1945895254611969 0.11062040461655194 0.04107847022477237 0.1190002414916563 0.1413347502212197
0.7963587641716003 -1.3770211935043335 -0.13257409632205963 0.10831151462757595 0.04493108045238951 0.11887459684115509 0.15784592521596796
-1.2822786569595337 -4.427255630493164 -0.490560919046402 0.11239725764223409 0.06885288235814405 0.1688714461628803 0.13443282769304762
-1.274475336074829 -2.8787872791290283 0.12911945581436157 0.09899607999303282 0.0709509654057893 0.1184610065516871 0.16811453512576754
-1.9341009855270386 -4.361598014831543 -0.3225339651107788 0.08568186156894392 0.058742550921496606 0.10066097231824012 0.14122714956530935
-1.8092085123062134 -3.155203104019165 0.24145589768886566 0.0708611733274051 0.02548758107911578 0.17250187438557374 0.14137390111921985
0.3084222674369812 -2.839195489883423 -0.09930362552404404 0.09542347844355613 0.024271616233838805 0.10931250019668112 0.17308158059044687
0.029576832428574562 0.7679910659790039 -0.058547161519527435 0.03309183926490334 0.02512864860665843 0.1758347711704061 0.11248092926910097
-0.1106707751750946 1.7269415855407715 -0.3321879506111145 0.05055650563789832 0.030515360357364813 0.068977020498719 0.17979678214197153
-2.570955276489258 -0.40036699175834656 -0.4297199547290802 0.06871478737443903 0.04864258123601045 0.08629050418179819 0.13751627286437035
2.2155864238739014 0.04523896425962448 -0.46505075693130493 0.07486134759921273 0.026938538655691176 0.11917817209306383 0.11252433216687446
-2.2158448696136475 -0.9159950017929077 -0.39271366596221924 0.0727947852247072 0.05329361349875161 0.16907766425616877 0.08269689187456669
-2.9581663608551025 -4.425181865692139 -0.07730577141046524 0.11646347520927551 0.06959235439474967 0.12637654724279027 0.1294315059160247
-2.00488018989563 -1.7811028957366943 -0.47263744473457336 0.04453105958495354 0.023283668661773695 0.17750448734932575 0.13527995731018005
0.7282289266586304 -1.2771764993667603 -0.3575572371482849 0.05868304484675807 0.02629631607768907 0.1575453326993745 0.11574699148783528
-3.4084575176239014 -1.6676123142242432 -0.036930572241544724 0.10623688129997699 0.03578935394100509 0.14798925633133264 0.1754394380149099
-3.1829090118408203 -4.017187595367432 -0.29063889384269714 0.04324100592780389 0.02294406716960645 0.07920176413576843 0.07150049738606057
-3.1525585651397705 -0.9077332019805908 -0.4798799157142639 0.07340687149017738 0.058676131456840655 0.1605764127128918 0.07578557288892143
-1.0380160808563232 -5.251120567321777 -0.498306006193161 0.049361785122532385 0.032045221171691465 0.06522847692936835 0.12003383056955075
-2.5986125469207764 -2.4326107501983643 0.43300390243530273 0.04972021942515609 0.0482768493427886 0.07238699420288147 0.12425138462455637
-0.3830859363079071 -3.479707956314087 -0.4207022488117218 0.101404714814451 0.042202099498619465 0.127216340997137 0.14561286962216927
-3.073148250579834 -2.9669225215911865 -0.18089796602725983 0.0973797801745036 0.03744743839410308 0.12706091490483368 0.11684102931533638
-2.862001895904541 -3.329103946685791 -0.5135409235954285 0.08493307095242304 0.06561182227452217 0.14092715814961512 0.13964137505379143
-0.791425883769989 0.43841612339019775 -0.15584418177604675 0.05874402059869546 0.04350191130583872 0.15943509295883504 0.1513213389442088
-1.0894840955734253 -1.8206160068511963 -0.47253966331481934 0.09577521346018832 0.05413160349167491 0.12011549666600176 0.12457470357229572
-2.197506904602051 -3.243725299835205 0.16686320304870605 0.07696759458028495 0.029418299774978715 0.17111834871842505 0.17218032859526194
-3.4515438079833984 -1.5579853057861328 -0.49005991220474243 0.06256206226613385 0.0450766737857697 0.1686213215126271 0.08970209731511154
-2.8295111656188965 -0.7049670815467834 -0.3593079149723053 0.11302156131390953 0.09649183526756869 0.13043429137413315 0.11794205799538839
1.408435583114624 0.43744611740112305 -0.5265503525733948 0.03992849407657489 0.03834917940422582 0.15167899851397618 0.08318437163706824
0.037601862102746964 2.1476938724517822 -0.16317614912986755 0.06597307292097851 0.03832148325365331 0.14321422084547075 0.09675509674647474
1.3075323104858398 -0.46969762444496155 -0.30632826685905457 0.058490800775974724 0.02490030269815517 0.14087963190602376 0.13770202335406523
-0.12653213739395142 1.829972743988037 -0.5371987223625183 0.07341813421961024 0.030346835641341077 0.12039200623091499 0.0892777781171922
-0.7068004608154297 0.14417822659015656 -0.31292352080345154 0.0819005178885191 0.03907229040554029 0.08531209196910147 0.16324274507151307
-0.1055552065372467 2.4042351245880127 -0.5753762722015381 0.06153630203232868 0.060462968538167614 0.11819777431504097 0.16395150984049675
-2.594419479370117 -1.4235665798187256 -0.25270774960517883 0.0406029944354985 0.024647017694669655 0.1621022118496025 0.0696862941143084
-0.5147885680198669 -2.116584300994873 -0.08473093807697296 0.06391003612918358 0.030066697943649863 0.1458230463143702 0.16497858205402177
-0.6828921437263489 -4.67940616607666 -0.38630184531211853 0.08641501734397496 0.07347453146731889 0.13729696535735625 0.09400848982843842
-0.550706684589386 1.6662713289260864 -0.519483745098114 0.10549339694435478 0.06146136042873712 0.15657391359696912 0.11109836236331663
2.505368709564209 -0.6768316030502319 -0.2517555058002472 0.10706905274988072 0.031066617738213495 0.1638615529148032 0.17531139103752003
-3.1819913387298584 -1.2683942317962646 -0.33047717809677124 0.037173667808062305 0.03681631925489042 0.15939739281980614 0.16485512438259253
0.1758732944726944 1.8461205959320068 -0.3319556713104248 0.045057834461660555 0.02523933705455021 0.05161726794754573 0.124867480218507
0.4534951448440552 1.791442632675171 -0.05609183758497238 0.07224539821895377 0.024172114671162398 0.14763009959952003 0.1702947035175607
1.6041953563690186 -1.1385711431503296 -0.14286763966083527 0.05520921141035978 0.021586023503845208 0.05752563560825341 0.07976024171929089
-2.463151693344116 -2.21079158782959 0.3353866636753082 0.03354663782478723 0.024556483596107737 0.11388024066268398 0.05567201029760872
-0.3471352756023407 0.5940742492675781 -0.41120150685310364 0.11904757861189938 0.06868303877968412 0.16557093691983585 0.1395268217350388
-1.0533909797668457 -2.3163347244262695 -0.397360235452652 0.04637093127972349 0.025689961749318577 0.16347750582366563 0.17662072506344256
1.967259168624878 -0.32600268721580505 -0.6029529571533203 0.04739294311150927 0.02765450154329736 0.06854993320700563 0.10414269881847998
-0.9101128578186035 -1.3503981828689575 0.3181997239589691 0.059517896175543636 0.02479250474935666 0.0881892799087195 0.17580275868688008
-0.39134323596954346 -2.817317247390747 -0.07154234498739243 0.09625355551931951 0.03631455294570195 0.1462176390551146 0.10500413616755151
-3.454277515411377 -4.001742362976074 -0.48471012711524963 0.06766500234156947 0.04273600622056842 0.15078713650013642 0.09704246796375005
-4.5009307861328125 -2.8222479820251465 -0.4767216444015503 0.03887064492341581 0.030094774221764462 0.12203881142062492 0.06500540605209025
0.22845181822776794 1.2832071781158447 -0.20312045514583588 0.09477444002258308 0.029273962683874513 0.13378206249570854 0.16107219273743922
-0.20944108068943024 0.7498267292976379 -0.6013091802597046 0.09016249876977762 0.028804200194775094 0.0905979777479967 0.11406241096763937
1.8904733657836914 0.6201698184013367 -0.427882581949234 0.11312146321688293 0.1038815459096559 0.14605080133715315 0.170981319719062
0.22557632625102997 -1.7153793573379517 0.31310760974884033 0.07310318833059229 0.02324380533585487 0.15976000878465296 0.13386077455049294
-0.27196478843688965 -3.6394991874694824 -0.4075772762298584 0.0725933710692275 0.043898865199501355 0.15101770431294542 0.1259255268204401
-3.681581735610962 -1.4901835918426514 -0.5064682960510254 0.08164189444173015 0.05950123622553852 0.13070555240387455 0.1677065982170502
-2.2408323287963867 -3.9095041751861572 -0.4872036874294281 0.08381629588176112 0.06258661342777136 0.16140177685548762 0.1766996874013037
-1.8232744932174683 -0.3879581093788147 -0.5344022512435913 0.09682543830460508 0.02473512228839762 0.1115106525374723 0.15953840273708864
-0.04017886519432068 1.893636703491211 -0.1306798905134201 0.037161330845129424 0.036903302090930845 0.06400966745859828 0.15882021659650933
2.4281740188598633 -0.1986890286207199 -0.4630230963230133 0.04856103182069502 0.03436916006214256 0.14417125407751305 0.07694963507691022
1.3813546895980835 0.8973625302314758 -0.5974271893501282 0.09582579775496891 0.032435581789585236 0.16658375116425217 0.17169725345723352
1.5042438507080078 -1.3634101152420044 0.1876998096704483 0.04836318292307515 0.020964553735330266 0.04859424191787594 0.1671119515293802
-1.803912878036499 -2.228018045425415 0.035305604338645935 0.05943388488326795 0.0379433217347816 0.061782097596864864 0.15126081318275725
-0.628300666809082 -2.2410643100738525 -0.40553587675094604 0.039164426730167644 0.02942456589232066 0.06495127555646016 0.04241638884083642
-1.50673246383667 -5.231569290161133 -0.5047004818916321 0.03454627688654584 0.02734705419078899 0.13356898988752125 0.09631406109935825
-1.0299381017684937 -0.9310582280158997 -0.08523812890052795 0.10822617122373582 0.026142598082579398 0.1657577709772614 0.16286397474774966
-0.1631775200366974 0.9798659086227417 -0.13905011117458344 0.11397585845179307 0.1124350217545654 0.132933338923825 0.11662574964523348
-1.9498066902160645 -4.291036128997803 -0.05259884521365166 0.06348837483668027 0.042734997010602904 0.1343845204689801 0.12250316327911806
0.10471531003713608 2.2167234420776367 -0.4587521553039551 0.05083121212227791 0.022825962723151044 0.1404409756839427 0.10097428305729822
-2.225076675415039 -0.43567055463790894 -0.4584920108318329 0.10030816395942325 0.0278644291383796 0.13171552127478162 0.11423736065899938
0.18316668272018433 -2.92285418510437 -0.10286170244216919 0.03807155164771251 0.035164097358612784 0.11757240244889255 0.14414156704081582
-4.010430812835693 -2.4478189945220947 -0.4143255352973938 0.09510099794176043 0.03083561081024987 0.16489039117263993 0.17206998365044673
-1.9120134115219116 -3.3790016174316406 0.048596400767564774 0.09021692821134965 0.062351865343446736 0.10086660947744021 0.12396849652007717
-0.7867847681045532 -1.247457504272461 0.019725631922483444 0.03628248082070199 0.0209824951901372 0.07360973537318495 0.11451635499365939
-2.25468111038208 -1.5076403617858887 -0.35325852036476135 0.09759861611649227 0.025843049222174935 0.1209867028419587 0.15459533921809832
-2.2063417434692383 -1.3840019702911377 -0.3166254162788391 0.08680787522850891 0.04058096447297181 0.12915657426264915 0.0972838072820534
0.8137797713279724 0.5408287048339844 -0.5710383057594299 0.07008487786518679 0.05862138533771287 0.17124916259954498 0.16790753724510452
-1.4446486234664917 -4.790066719055176 -0.6146312355995178 0.11679745331813891 0.08670919600064872 0.1727190827276357 0.14270565408556998
-0.38329699635505676 -3.7668278217315674 -0.27806422114372253 0.07145476893444441 0.042555064701539635 0.14014733158750176 0.13670684375271025
0.5559235215187073 1.5814869403839111 -0.5475772023200989 0.0578624033965863 0.053900104592934484 0.13553239474138906 0.11678135704930467
-0.11677361279726028 1.0758914947509766 -0.07568996399641037 0.050396785766499655 0.027986064450732883 0.147981679807142 0.16951376645280516
-0.9727588891983032 -5.1841840744018555 -0.45620861649513245 0.0859826787432598 0.023103462201197474 0.14682814152594004 0.17269399713534428
0.22021639347076416 0.8262522220611572 -0.33119508624076843 0.05107086925522654 0.022052536069128256 0.16397652326929346 0.06252080824420231
0.6236466765403748 -1.3418705463409424 -0.5196655988693237 0.06338064919728614 0.062470137486003746 0.09711410766760604 0.14996188742509575
-2.939643383026123 -3.146829605102539 -0.6022270917892456 0.08581267063451722 0.027244387174048607 0.09450039141193343 0.13329837956063798
-2.4477810859680176 -4.161241054534912 -0.11836118996143341 0.03391573507568296 0.027551873307682186 0.1463394809846603 0.16016412201030572
-0.5859993696212769 -2.289642333984375 -0.4233574867248535 0.07454704426981545 0.05710832262131475 0.07510231741161918 0.07956831646816144
2.5585734844207764 0.6883042454719543 -0.2643205225467682 0.06508321133134125 0.04784943635562753 0.16325503469795072 0.16584597639133614
-1.1457868814468384 0.4970269203186035 -0.055554088205099106 0.08799820888863066 0.042602380376604757 0.14660580818738356 0.09731993125244986
1.3571252822875977 -1.163211464881897 -0.216398686170578 0.05575268388278491 0.0480204768047087 0.08594473168344252 0.07415740584521496
-0.7965525984764099 0.5050129890441895 -0.11364173144102097 0.08391101630119484 0.07596064583039353 0.16566789377817281 0.09377788128498742
-2.96468186378479 -2.952401638031006 -0.1863410323858261 0.0784073990086904 0.06345970527842128 0.14310842054300138 0.08716787116444694
-0.9215459823608398 -2.2064521312713623 -0.45685675740242004 0.04873762350782413 0.022772105527500423 0.15507049581054339 0.17776700875579807
-0.02491168864071369 1.1678026914596558 -0.11631236225366592 0.07222070321866475 0.028198517578690012 0.10825705618582179 0.13504513181448766
-0.11002647131681442 0.7722452878952026 -0.10494024306535721 0.061055204216958675 0.04509639461231024 0.11008449347780366 0.17392257001200637
-2.015795946121216 -4.700129508972168 -0.041194986552000046 0.03975322389500163 0.020324808020213157 0.056723843223387534 0.09829631625049443
-0.4821792244911194 0.08487848192453384 -0.44232699275016785 0.11098657787309898 0.06517788295934551 0.14389386293177173 0.15466908005957553
-0.8723298907279968 1.1264501810073853 -0.23298169672489166 0.04984161738516975 0.03720910585827594 0.10640621097792806 0.12038205376562391
0.09808554500341415 -1.5375685691833496 -0.10621443390846252 0.09502375284016466 0.06985834235231728 0.11083381511816645 0.1624621199084374
-1.5609784126281738 -4.817642688751221 -0.5410681962966919 0.04796386404507791 0.03952428020818678 0.1049463270879613 0.11549877053759955
-1.6043987274169922 -4.192460536956787 -0.09901327639818192 0.059500264095706176 0.0362409607540624 0.14755971781544508 0.08154710884909211
-2.1373815536499023 -1.6979602575302124 -0.5671301484107971 0.09699162582152349 0.049052388208666184 0.1683420875292319 0.16127488227088066
-3.089179754257202 -3.1179795265197754 -0.47664007544517517 0.11699027858116247 0.08738825410706805 0.15215273247266803 0.12751624166916217
-0.07819109410047531 -1.4076707363128662 0.3306169807910919 0.06795131365255788 0.06388545070737216 0.1652583773739874 0.1021984721970492
-2.9313230514526367 -0.903977632522583 -0.4664846658706665 0.039740086238013804 0.02618884641788325 0.04393455781610742 0.12804341504061795
-3.690988779067993 -2.7360188961029053 -0.19005216658115387 0.07908725302706232 0.05805445370816291 0.12575032240405856 0.1767749136418364
0.2653290927410126 1.8361700773239136 -0.11946337670087814 0.11152253711821392 0.08579568966353267 0.16666252580621516 0.17452493739549169
0.34391579031944275 1.1199734210968018 -0.3016817569732666 0.11625009230936928 0.03621386601228159 0.13024407801140125 0.1619619774581033
-3.485064744949341 -2.2059366703033447 -0.5329053997993469 0.04968598901555711 0.04065443545220632 0.1420275606988533 0.16874611947293255
0.027971405535936356 -3.4215526580810547 -0.5559874773025513 0.05018600523056238 0.02168133816427129 0.07504682308148676 0.06034502507102907
-3.3814868927001953 -1.4253355264663696 -0.25199300050735474 0.05972593432952039 0.04701500903378613 0.13088666962855805 0.1543715011325933
1.2526880502700806 1.1427907943725586 -0.5072188377380371 0.04428376469883365 0.04046611252833421 0.177175758076266 0.14756349241619393
0.8679840564727783 0.496419221162796 -0.24127981066703796 0.08081925374577259 0.07763207173808688 0.1346818207737035 0.15776156922642182
-2.471529722213745 -4.111163139343262 -0.24499690532684326 0.04444960510709225 0.028158827737105346 0.08666571875516016 0.0508001842002676
-1.3264601230621338 -1.211263656616211 -0.42432326078414917 0.1081854517572211 0.037149503226600294 0.15659233011554183 0.15693756053404612
-3.468066930770874 -1.3866416215896606 -0.5038444399833679 0.119440461514362 0.10495633326494222 0.1552156663184516 0.14510332225211406
-2.253596782684326 -1.9988511800765991 0.463216632604599 0.0999495829622557 0.05628869175478604 0.13241964759205616 0.15469433931720347
-2.74630069732666 -3.8090550899505615 -0.05395698547363281 0.10008224590135383 0.057008073852798075 0.10156206494739883 0.10494503012933298
-1.889946699142456 -0.8312482237815857 -0.12816891074180603 0.08251851904216115 0.0693586068488735 0.111093166865007 0.13730733735022033
-1.2490841150283813 -4.475566387176514 -0.3650647699832916 0.11351583068525678 0.05226784894541457 0.13805591000331793 0.16083675060664376
-1.1180193424224854 -4.610158443450928 -0.5605193376541138 0.03398477567527539 0.025545522074689995 0.07930988581362633 0.10132962478884511
0.4130759835243225 -2.8789215087890625 -0.5644621253013611 0.07434364524298545 0.030532155668385144 0.1123848780834791 0.1373400426088539
0.3588568866252899 1.6927831172943115 -0.3295133113861084 0.06426494414976647 0.031756520199764174 0.13666720110074398 0.144803643001142
1.340890884399414 -1.3203058242797852 0.182547464966774 0.04229789393970031 0.03821035154447423 0.1610585152971436 0.09464252182395816
-0.7766324877738953 0.5621688365936279 -0.2398773431777954 0.06679576410784999 0.026033109505889322 0.09223127397075834 0.17064215381369435
-2.984877109527588 -0.605138897895813 -0.4970472753047943 0.11513417211076928 0.043970819848757274 0.12892445982897033 0.1742751761988755
0.6518513560295105 1.2043583393096924 -0.3253016471862793 0.10519400754707221 0.06812767230326804 0.1426057195383194 0.1505330236327217
-4.548089981079102 -2.6405885219573975 -0.3855935037136078 0.04362368894092312 0.032794367365391014 0.10742881445124519 0.14285009841582735
-1.9255940914154053 -3.360029458999634 0.2557390630245209 0.0465098777583879 0.04583531469436708 0.1743158388621847 0.16239485054799768
-0.22364871203899384 -1.4426761865615845 0.3577485680580139 0.08511770304498971 0.05585869770663812 0.15362991193662318 0.10351304817289758
-0.19481968879699707 0.8799302577972412 -0.05151408165693283 0.04356540380560707 0.03820943583056721 0.15493723089315942 0.059942868700127924
-2.6295437812805176 -2.369771957397461 -0.022786391898989677 0.09442550955679781 0.09080412246965289 0.17548929186368528 0.12480627194662494
-0.22742460668087006 -3.156165361404419 -0.21387755870819092 0.08316291449938956 0.03786722130295318 0.1261410893248493 0.09869852055086209
-0.44742026925086975 0.6684115529060364 -0.44877853989601135 0.050425687238707884 0.026798021872921997 0.09088224249571272 0.06991550512861192
-2.49607515335083 -3.885308027267456 -0.12006901204586029 0.09639955005965845 0.07557543495524835 0.16620761411880736 0.1654457506181925
-0.6881216764450073 1.1360079050064087 -0.22018544375896454 0.03459903851647911 0.021637299810210165 0.17740807370739786 0.05845423157236086
1.8959441184997559 0.4509256184101105 -0.2782357931137085 0.08714704800585157 0.028871527994807814 0.08733437127930996 0.1461668479730513
-0.5029227137565613 -4.450005531311035 -0.6113362312316895 0.0802593199374749 0.07814470523652507 0.17603424788792604 0.17734133226238885
-3.5305593013763428 -1.8506062030792236 -0.06394080072641373 0.0970041080249688 0.059135221864693846 0.17894245571363748 0.14786484856834103
-2.7036900520324707 -3.642906427383423 -0.28023725748062134 0.07548930766732337 0.04415979350229059 0.08112404432464959 0.16156602268586234
-1.7194347381591797 -4.2401204109191895 -0.04057057946920395 0.10198928953859941 0.05198916547374603 0.11651241493351411 0.10210151654484116
-0.9641303420066833 -3.108245372772217 0.22202922403812408 0.08538767996882221 0.08389852038963524 0.11147685116601184 0.16069447758442196
-3.512089729309082 -1.5682767629623413 -0.09663363546133041 0.08870259133244451 0.04353558398081111 0.11482751170193148 0.11346448194865706
-1.6772372722625732 -3.393198013305664 0.11025232821702957 0.05726085070540689 0.05610421817673897 0.0594655657538222 0.12612823372152238
1.4283506870269775 0.9953933358192444 -0.5062600374221802 0.05353093315287044 0.053453293928829 0.159336932956406 0.17558642397255703
-3.7258474826812744 -3.4015166759490967 -0.49712806940078735 0.05481878159107851 0.046465151003519195 0.09122178746130732 0.17694209412654952
1.9411836862564087 -0.21928122639656067 -0.17107416689395905 0.11395980823325413 0.041562543716643995 0.1429787327439462 0.1431495852114523
2.111813545227051 -0.18552707135677338 -0.126526340842247 0.035043795524658174 0.021716417587405553 0.08428637409733296 0.08015788162436763
-1.9283051490783691 0.07122782617807388 -0.13443544507026672 0.06762348273058852 0.03657851661008747 0.12100910714512711 0.07302371993645275
-0.5047153830528259 -1.2495369911193848 0.27252423763275146 0.06729959033946903 0.05737510644070093 0.11373776813126868 0.17504199728418884
1.980886697769165 -0.08106143772602081 -0.4076687693595886 0.04490167946411475 0.024038645556234188 0.07246009941448658 0.06288905463852942
-3.676447629928589 -3.2058465480804443 -0.6168001890182495 0.11507629377554626 0.10770131075895603 0.1489305417241551 0.15472358398157
0.6555506587028503 -1.2441487312316895 -0.04418984428048134 0.04927384453397542 0.03407767798611412 0.16785160096356144 0.06847791226338723
-3.468519687652588 -1.2413222789764404 -0.19349482655525208 0.04881316097591981 0.029353488389163268 0.1769020338577243 0.15439528976525038
-4.043648719787598 -2.2253973484039307 -0.0642252266407013 0.08018203775708606 0.04935550680649471 0.1485198562229323 0.11397506721758566
0.3619818389415741 -3.358114242553711 -0.14127688109874725 0.07503355573648512 0.042350437462888565 0.10984262476592957 0.13182637955032472
-2.2134504318237305 -2.314190149307251 0.26061129570007324 0.04570463270752265 0.02894182161694009 0.1532749857698854 0.04670446742173336
-2.0083765983581543 -3.323537588119507 0.5753502249717712 0.11281103156717551 0.09782239496613 0.12720356850241504 0.14512556122469822
-0.8545640110969543 1.2870339155197144 -0.5514717102050781 0.10736721644842027 0.08998862684313512 0.15266067521343943 0.16378602548569093
-0.299708753824234 -4.260491371154785 -0.3246484398841858 0.03205355196173177 0.026006144695853897 0.1420212793368203 0.0965735860329304
-1.1349456310272217 -4.474515914916992 -0.36066827178001404 0.07694490080618265 0.07544258141743614 0.136638348386948 0.14162593327603162
1.0817337036132812 -1.5772833824157715 -0.03492702171206474 0.06894344021800414 0.04276051078794174 0.17250005558574827 0.1304651400093089
-1.206141471862793 0.7007476687431335 -0.3645433783531189 0.09265338454313332 0.03230067365527837 0.1523618703521165 0.133563936592598
-2.189459800720215 -4.722511291503906 -0.06908256560564041 0.05439994938479546 0.03016372819266254 0.14879330858844692 0.08340359322376556
-0.3491142690181732 -4.125962257385254 -0.3838827908039093 0.08155830851050183 0.07216955374107806 0.1032772798814309 0.17453272431321737
-2.235342025756836 -3.2322463989257812 0.11368992179632187 0.06540848122151005 0.027113087116307465 0.1359161538476914 0.10062592834846898
0.398506760597229 -1.6264898777008057 -0.15558408200740814 0.10066602760144044 0.03565051822365075 0.10327775583844066 0.10488792191465843
-0.9742249250411987 -3.179048776626587 0.38950616121292114 0.1029204430615277 0.07538518384984293 0.1408460605251607 0.15341638604950253
-1.533806324005127 -5.353855133056641 -0.26122575998306274 0.06367747973904417 0.0389481033884367 0.1694043315104371 0.1575817996879843
-2.796779155731201 -0.8956526517868042 -0.4980824291706085 0.0386680030189859 0.03116311106917223 0.10547292926352714 0.17378889220911029
-0.28596031665802 -4.223645210266113 -0.4501413106918335 0.07761453340967284 0.026627389787555855 0.16881753968351665 0.11179620216411565
-0.4373885989189148 0.6117264628410339 -0.23717008531093597 0.11996155775222707 0.11822153680462277 0.14454722198936393 0.1537347134796429
-3.0923566818237305 -4.337092399597168 -0.15187472105026245 0.10679681443029605 0.05024236778902985 0.16673417988138903 0.1277100024694799
0.17311643064022064 1.4248706102371216 -0.3562362492084503 0.07838513887470022 0.04488171246490595 0.15129425406257946 0.1711441780762985
-0.03175892308354378 -1.421215295791626 -0.09331879019737244 0.050037566840255926 0.039641423900705894 0.17005724612893144 0.12544423597239726
-0.47494664788246155 -4.753795146942139 -0.41332828998565674 0.11432745606073777 0.07372247407826826 0.13182184175895356 0.15729785532877133
-3.7855582237243652 -1.8428243398666382 -0.33948731422424316 0.11931258413067422 0.02598187418381638 0.17578159019122108 0.15436765404180652
-4.407565116882324 -3.0252420902252197 -0.6192542910575867 0.10089173643930892 0.09915363128723209 0.15877362387376853 0.11759137521410865
-1.3813621997833252 -3.181333541870117 0.07520266622304916 0.0832280283399589 0.0374292376231158 0.16824616163325817 0.08764223378182369
-1.8786494731903076 -4.993372917175293 -0.02175808697938919 0.10103867682018838 0.08168043942522205 0.13476681125356998 0.1613493859380598
1.0416663885116577 0.8599506616592407 -0.5533870458602905 0.10747789753026304 0.08533129088702893 0.14797561688308924 0.13159743072178973
-0.43309691548347473 0.6444116830825806 -0.546514630317688 0.07410285444849599 0.03450018132135313 0.10777559788183383 0.07777683219297907
-0.5055949091911316 -0.09181547164916992 -0.11019016057252884 0.10839586676145743 0.04664273338269269 0.12724292973258355 0.1611202931883647
1.0428500175476074 1.1553702354431152 -0.589406430721283 0.1071659391822778 0.08784577936721615 0.1276952349268873 0.1539403095421464
3.0104546546936035 0.2934446632862091 -0.5648677349090576 0.08192825167209589 0.04961733978489252 0.14758903840015092 0.11319436367321559
0.14481033384799957 -2.934136390686035 -0.18669353425502777 0.08419182661288878 0.02423694317621087 0.15729973366018618 0.17307415708057916
-0.6094096899032593 -0.5693555474281311 -0.10593950003385544 0.06204573457550176 0.05452709460037038 0.1454872785155633 0.101806386576612
1.6349111795425415 0.05473678186535835 -0.06903989613056183 0.03576088602722867 0.021834379885673615 0.07219190055502467 0.1632675519469723
-0.8051831722259521 0.07045277953147888 -0.486641526222229 0.0814472399609985 0.04358317534989657 0.14502266251249532 0.08775373929137145
-2.4812989234924316 -0.6284105777740479 -0.5396231412887573 0.03380984840210774 0.03377112619154277 0.13616349015195145 0.11682094670930597
-0.37475892901420593 1.3527884483337402 -0.3768872320652008 0.08033007399019018 0.03155254552846918 0.12791171835164458 0.1762398669437577
-2.0415923595428467 -4.656394958496094 -0.3263164758682251 0.10592278351925724 0.10025201588251169 0.13391042690321758 0.17341239353673338
2.123295783996582 -0.12167352437973022 -0.32849550247192383 0.05163890669268027 0.033918402581101265 0.1302923833425329 0.10819407875807197
1.2818831205368042 0.3602721691131592 -0.028157517313957214 0.035435661069374444 0.029007085497474036 0.056274019610529066 0.07011650969808593
-1.9768050909042358 -2.2557730674743652 0.4253327548503876 0.03589776709321411 0.02811682244287039 0.12940035388855192 0.13103983673573782
-0.2654435634613037 0.5780767202377319 -0.3391650915145874 0.0443376034577053 0.030379772522754138 0.11004861037781286 0.11258455485141605
-0.05219913274049759 -1.4285870790481567 -0.026380982249975204 0.06869810547586727 0.031215891193662648 0.13095775907452734 0.14226568641872578
-3.0589027404785156 -3.7294952869415283 -0.3793499767780304 0.08397666164342701 0.046106436927595335 0.17723143856228796 0.09418903801190512
-0.8989654183387756 -2.3039374351501465 -0.06946651637554169 0.06502469923367943 0.03379770684817 0.11425172917131415 0.16703337822829784
0.4577302932739258 0.8109854459762573 -0.26017773151397705 0.06320647426984281 0.03671391735343475 0.09738260621074415 0.0934493826733949
-1.3037315607070923 -1.0405453443527222 -0.48484373092651367 0.1132761366297551 0.024276512458990145 0.13755371600612046 0.176360497569946
-2.5421977043151855 -3.797067165374756 -0.5937471985816956 0.041782151773686195 0.04020789612148183 0.09621464578055561 0.10808435244886713
-0.38483473658561707 -2.9826672077178955 -0.14276066422462463 0.0562119207686937 0.05439658264867975 0.0827343770722284 0.09786967101581237
-3.4279825687408447 -1.6448702812194824 -0.5095615386962891 0.10014362249106125 0.06306146625845552 0.1713343513808025 0.1270523448787891
-0.22853253781795502 -3.813234329223633 -0.03883812204003334 0.11462456930913027 0.08021654908235948 0.17558209980433515 0.15650125670611792
-3.0429484844207764 -4.172215938568115 -0.09151480346918106 0.06063522295164195 0.03274946598353834 0.060860507823593354 0.17928759475382722
-1.1146129369735718 -5.550477027893066 -0.17377302050590515 0.05691779966533346 0.025176138206117235 0.0927548333726505 0.06362557052698797
0.3178843557834625 -2.9775545597076416 -0.5444337725639343 0.1101135835630945 0.03361297325665879 0.17395304524871988 0.16695067430130384
-1.1653685569763184 0.2190336287021637 -0.28894487023353577 0.11058405202831433 0.07138353760665185 0.178242284799654 0.15655970784914272
-0.6216444969177246 -2.0217885971069336 -0.12320395559072495 0.03696637551343047 0.030305032601579417 0.13095295220163083 0.08869112047417285
-3.6191766262054443 -3.3863954544067383 -0.47539082169532776 0.05202751635835835 0.038438301492002974 0.12695118429360736 0.09520759849931867
-0.5760555267333984 -4.427424430847168 -0.3281601369380951 0.10143572074339204 0.06034761701329858 0.13424072190879566 0.10551939409506773
0.5008571147918701 0.7917485237121582 -0.28294533491134644 0.0380405974409989 0.03703442162835911 0.08773265883823564 0.04309933721493131
-1.794549822807312 -1.0547758340835571 -0.2726420760154724 0.07811353649622219 0.06493032024126019 0.1111527700351877 0.1168758953192343
-1.999302625656128 -0.9417514801025391 -0.40549758076667786 0.07035593579314121 0.06687488422594808 0.10125628083445472 0.15175591880491934
-0.20925386250019073 0.2890295386314392 -0.16512195765972137 0.06078928662523429 0.04035250561637249 0.11222069336953447 0.12070437452658397
-4.330952167510986 -3.2596328258514404 -0.3137337565422058 0.047583002172272904 0.03784697902126975 0.17182537962365282 0.053412009205872295
-3.087520122528076 -1.7230370044708252 -0.5583426356315613 0.09968426612931715 0.04408581127874768 0.14531552930626823 0.16734975364134302
-2.3277599811553955 -2.8366894721984863 0.09186643362045288 0.08241006688498684 0.03882335910383694 0.09406084086948135 0.1615544851334601
-0.06247849762439728 0.719001054763794 -0.24999196827411652 0.0812472107739482 0.061136581804539694 0.14859154941211067 0.16490657783843915
-3.2442526817321777 -1.6550372838974 -0.24569204449653625 0.058834923531078706 0.04429937606736137 0.15321559932506648 0.12288487586432033
0.1912030577659607 -2.737577438354492 -0.42818304896354675 0.05291503308188747 0.04936121075087055 0.12792433192806563 0.06700628142905235
2.4270944595336914 0.6946650743484497 -0.3453330993652344 0.11296355064484082 0.0525018632429924 0.15375105752142282 0.17049772856212014
-0.10856610536575317 -2.5897324085235596 -0.49414312839508057 0.09715547223978872 0.0447860033952909 0.12488225670774014 0.1433719362469708
0.9511135220527649 -1.7217562198638916 -0.1360567957162857 0.06013865614314446 0.0231869208811098 0.10263727811619236 0.15260840400831716
-0.05757143720984459 -2.8930716514587402 -0.06533284485340118 0.08646427614565455 0.05282560134735277 0.16767002767821804 0.12212968076221314
-2.500446081161499 -1.548802137374878 -0.4352315366268158 0.046472565085177685 0.033417665355841585 0.11833462596790864 0.11412675544683432
-0.16156764328479767 -3.9460387229919434 -0.16831526160240173 0.03979992254609957 0.039076714556882663 0.04010045535964507 0.15281503330800125
0.43137142062187195 -1.1837154626846313 -0.4206327199935913 0.10763342751069953 0.022309759978413467 0.12729155980837376 0.12511807669099753
-0.8561549186706543 -4.7769317626953125 -0.3089214861392975 0.07605519080143303 0.026766426045077972 0.12561466802291815 0.08763451808030069
-4.227687835693359 -2.909229278564453 -0.04123462364077568 0.0788356378162052 0.06696257525856938 0.16086954551199412 0.17485388073655983
-1.0658832788467407 1.0618796348571777 -0.23701107501983643 0.08071340734408089 0.023174270715029168 0.14342905978191042 0.16979757481104077
1.6176358461380005 -0.9552274942398071 0.09266702085733414 0.08514998897068712 0.04088407509161335 0.16024266068769208 0.1473834952642424
0.24681751430034637 -1.047312617301941 -0.2686974108219147 0.03862303249594821 0.025219845350910212 0.050760858490126626 0.16906413194695072
3.200705051422119 0.24548397958278656 -0.39299070835113525 0.034454725852308195 0.02214868982807661 0.08635423482788243 0.14662544145070017
2.5010900497436523 0.6380820274353027 -0.40096691250801086 0.08152134718352116 0.04454329886243434 0.1738107576913794 0.172901547965425
-0.7762576341629028 0.24989241361618042 -0.580255925655365 0.05156368872190355 0.039565381257759276 0.08868674834004904 0.11802003937804029
-0.8433412909507751 0.2645016610622406 -0.21650344133377075 0.1042520561511832 0.031284695551037044 0.16324451524155012 0.11172939426828025
-0.3938600718975067 -2.7721400260925293 -0.29237499833106995 0.08217715588343372 0.06498225159037312 0.10635020058023906 0.1283949374357068
-1.338714599609375 -3.135720729827881 0.4514647126197815 0.06840234167332428 0.04848934551469605 0.07064390465542392 0.14097131994739098
-3.0750234127044678 -1.7294836044311523 -0.3894459009170532 0.07211164393200996 0.06453186135459454 0.07551960291883705 0.15275065630380422
-0.3728238046169281 -1.0174052715301514 0.10622294247150421 0.08161397518884839 0.03594587034986159 0.1715897465838226 0.08369271754089608
-0.7513648271560669 -2.3973805904388428 -0.6068575978279114 0.09515448291223084 0.02558039092095001 0.10844783678240726 0.16373316623575207
0.4732271432876587 -1.9406521320343018 0.043355636298656464 0.08740804180443817 0.03215290691656584 0.12706692622776805 0.1242792252265347
0.16716347634792328 2.5826900005340576 -0.0939636304974556 0.09814521255287353 0.031592848590308184 0.1468852276222661 0.1109855871089517
0.29755014181137085 -3.5101585388183594 -0.15424911677837372 0.06475977227507276 0.05332097796176201 0.09158710755835789 0.06816913293761546
-4.308904647827148 -2.4231719970703125 -0.3268177807331085 0.11551061871899031 0.03563063313312341 0.14553403049422595 0.16022204950562727
-1.3079367876052856 -1.3027143478393555 -0.246098130941391 0.09731098879487474 0.08437484162484028 0.09860432824362482 0.1386354865158662
-2.8100945949554443 -3.9309182167053223 -0.259994238615036 0.09042396081815285 0.03778406767410186 0.10087202149646955 0.17761640078157204
0.2940813899040222 -0.9556365013122559 -0.4828888177871704 0.03458981287904741 0.027530342981784334 0.10757541535209045 0.11360035581903916
-2.7059104442596436 -2.7745461463928223 0.4532773494720459 0.059643460988972385 0.037340110713079744 0.17679181291361223 0.08033702299139961
0.2211715281009674 1.931132197380066 -0.4729551672935486 0.04132701623539839 0.022859734422875956 0.07749101835142466 0.04395219996498299
-3.506744384765625 -2.5438637733459473 -0.2429995834827423 0.10973281880097888 0.04505092471123794 0.11359709193784934 0.12254997745850842
-0.41065630316734314 -0.3862452507019043 -0.27046021819114685 0.06275829977302386 0.04193962682236684 0.09543377446309954 0.07470321202004988
-0.7287935018539429 -2.031007766723633 -0.314441978931427 0.07767068986209463 0.04644847505250812 0.17457403520503173 0.1598081172918196
-0.7090805768966675 -2.5138931274414062 -0.3518352806568146 0.06347612129279226 0.04607768369218608 0.16050016200552347 0.14490791246696938
-0.5522198677062988 -1.0109307765960693 0.1285386085510254 0.05713881000978131 0.04151268495648444 0.060934959790036027 0.1219122635318342
-3.146059036254883 -3.756981611251831 -0.2330566644668579 0.07101284688120438 0.047880369263767375 0.07610412665439287 0.17769965047605166
1.1725424528121948 0.3830535113811493 -0.5895265936851501 0.0721988157042133 0.07198585429288361 0.1766271774912817 0.10157081212263236
-1.5771416425704956 -5.115879058837891 -0.471930593252182 0.07131440278667736 0.02800709140099278 0.09763507440862866 0.10725132926479655
-3.582106351852417 -1.9650417566299438 -0.1807636022567749 0.08207770410510826 0.03449699173669172 0.12648743284002692 0.14560641263346777
1.6380914449691772 -0.8731839060783386 0.33174899220466614 0.06088996313595112 0.035950258362668665 0.1209146426872678 0.06520822646481554
0.11419074237346649 -2.9757754802703857 -0.5275389552116394 0.08109523807128696 0.024142646191491507 0.15554798596187186 0.11402633727458739
-1.19286048412323 -1.8406296968460083 -0.05287501960992813 0.07081137780300373 0.036888714819459364 0.13231644098043688 0.16475845172329132
-3.27793550491333 -3.0965702533721924 -0.23423931002616882 0.10819035401196442 0.05509528348016461 0.12266788849165494 0.1225184992437545
-0.31442567706108093 -3.857740640640259 -0.4454757869243622 0.11642582998404599 0.03934346069917083 0.1223959336402559 0.15512007363410862
-3.358013391494751 -3.5381085872650146 -0.42025429010391235 0.05152429191564267 0.027507075014454933 0.17121896186921984 0.17341008123272555
0.8863839507102966 1.0407929420471191 -0.1867954581975937 0.07820242102483885 0.05235205330169293 0.07996852898225126 0.12507054861301858
-2.153062343597412 -3.8620221614837646 -0.4228413701057434 0.06916113888396028 0.0319630119301244 0.17817145835346795 0.1464558786239214
-1.1088768243789673 -3.3718698024749756 0.23068566620349884 0.07350423634319986 0.04621306693069595 0.10483728203986412 0.08005386752922716
-3.5119991302490234 -2.884573459625244 -0.3036348521709442 0.07703376213823009 0.06347722624665061 0.1547560348071952 0.16794433921031102
-1.6709260940551758 -1.3503280878067017 -0.06360343843698502 0.10242178206864652 0.04429550754273834 0.1631283845747722 0.17045753662159285
-1.9246208667755127 -5.109420299530029 -0.5488750338554382 0.08395702678493244 0.03157234339996029 0.17557058692506589 0.15505707870202873
-0.9954545497894287 -3.2457964420318604 0.21187175810337067 0.06916296873148134 0.03063760656375889 0.16429827974915287 0.11809044051999476
-2.017489433288574 -0.88288813829422 -0.47961586713790894 0.07108997316951757 0.022556089602127988 0.1355517749131553 0.10566012612012923
-3.8138504028320312 -3.5888593196868896 -0.4486047327518463 0.11060523095157276 0.05740932383146834 0.1380592849350278 0.11668792794965382
2.8701891899108887 -0.18406960368156433 -0.32298213243484497 0.10974254607342611 0.10873458987798135 0.13742352250897338 0.17190789050841998
-2.9500977993011475 -4.472445487976074 -0.44532808661460876 0.05580610754714947 0.04302499727514235 0.1368345770705104 0.09564200284039162
-0.6984928250312805 0.07532308995723724 -0.1539238691329956 0.05166890006242203 0.03976398413798754 0.1488425971594589 0.09940498990356808
-1.572319507598877 -3.4505996704101562 0.406178742647171 0.07291356441964575 0.044913180235883206 0.07965784882495114 0.10669116633501512
0.18314462900161743 1.158759593963623 -0.5635783672332764 0.11963602368608803 0.0795409409419453 0.1668105099161198 0.13749721692783756
-2.1838016510009766 -0.43419894576072693 -0.20347847044467926 0.044288899854388636 0.03449254171807843 0.10535156319147299 0.12234320494255763
1.3124845027923584 0.4829808473587036 -0.24311724305152893 0.042341666263681466 0.026970554799152592 0.14953305341397255 0.1280384838197911
-3.073882579803467 -3.541417360305786 -0.35321053862571716 0.0686093283381414 0.04878405799689969 0.10865449008294212 0.163744118261774
-2.4599831104278564 -1.999154806137085 0.13577786087989807 0.036899650923509976 0.032991235165238345 0.04303316060336991 0.13885073947021195
-1.682893991470337 -4.780282020568848 -0.2251354455947876 0.08074080204872092 0.07740215257821309 0.1424057515210364 0.09134100278298027
-0.906169593334198 -1.426697015762329 0.12771065533161163 0.09519034178095968 0.05940511211211995 0.1330564426093576 0.12335501449727483
2.880688190460205 0.415434330701828 -0.20349806547164917 0.10299216258959372 0.06714253009338896 0.12849414603618647 0.11000057667394568
-3.70290207862854 -3.5332119464874268 -0.09748875349760056 0.11078501642110351 0.06491501487889252 0.1701787427834288 0.13272904655040818
2.5748488903045654 0.17842596769332886 -0.12639108300209045 0.11405745603429893 0.09144145455306188 0.15599630236700338 0.12259464389239208
-2.87092924118042 -4.136268138885498 -0.30037274956703186 0.11607612626990463 0.1082437960637922 0.16383868240502814 0.1540062251194354
-0.7290871143341064 -3.846557855606079 -0.4831045866012573 0.08295084841260303 0.07794338966006115 0.0866664166661828 0.13844710707365515
-2.787290334701538 -3.569641351699829 -0.2109542042016983 0.07055401160581597 0.039660521035300135 0.12158219653642477 0.07415916918740088
2.0668554306030273 -0.07903546839952469 -0.5545726418495178 0.11542785554980149 0.10265904248063239 0.12060710908281384 0.15886782795067675
-4.123763561248779 -2.4767417907714844 -0.14361800253391266 0.08525780543722891 0.06053208582804398 0.17654119386147582 0.16029662010672563
-3.6266634464263916 -1.5434606075286865 -0.17511630058288574 0.10752306294711277 0.08966340063263835 0.1357619814020219 0.1704377785835932
0.13655205070972443 -2.8411478996276855 -0.09132641553878784 0.062446283998323575 0.05018489540618888 0.16211473847079963 0.07940680964800807
-0.6759482026100159 -3.789130210876465 -0.46326759457588196 0.050202363466851446 0.04872198962632378 0.10161974907384567 0.11446297173116085
-0.20695391297340393 0.3620266318321228 -0.28261566162109375 0.04310505689595925 0.021010962536703124 0.16390877006350493 0.0690916434287354
2.735020399093628 0.3588808476924896 -0.46662652492523193 0.08501974849000124 0.049363149291309416 0.16537243556493203 0.1745742080976973
-0.3894307017326355 -3.55678129196167 -0.5918189287185669 0.038302753733986505 0.03579138080692873 0.07137052350632996 0.07808089714374092
-0.9639965295791626 -5.2125139236450195 -0.2803894877433777 0.05312400389354384 0.04503396767888871 0.053488210794771555 0.17164836078667367
-1.090328574180603 0.5989488363265991 -0.45628821849823 0.077554422716798 0.07649926590599382 0.13296669261310862 0.1197826971994267
-0.18499839305877686 0.48501864075660706 -0.23961323499679565 0.06767916530976176 0.061543828220566976 0.12387908460115801 0.07379758330872951
-3.9921629428863525 -2.2631754875183105 -0.47633257508277893 0.03945266572615021 0.02983890249452539 0.12975545034100705 0.1033043583987485
-3.1302592754364014 -3.453464984893799 -0.5564293265342712 0.1146593133036864 0.04377920599744233 0.1446693691076952 0.1554043521161845
1.1679277420043945 0.6707430481910706 -0.31962448358535767 0.10708369047433164 0.025135621056904422 0.10863676695749788 0.1440718405743034
-1.749930500984192 -5.473820209503174 -0.3799089789390564 0.10839787961631497 0.028056187271457988 0.15481484578052518 0.17696868708932562
0.36874666810035706 1.6067309379577637 -0.20829181373119354 0.11369069055635417 0.08389368193000771 0.17535699148800082 0.17633599480887818
-2.4294419288635254 -3.7838332653045654 -0.3913593292236328 0.09438572092699848 0.08584758556919912 0.17662990149873745 0.12178101650693415
-2.946833372116089 -1.6507779359817505 -0.42356181144714355 0.07602285561922642 0.04421263319666989 0.15884160313814638 0.15710885723703882
0.17143341898918152 1.8668861389160156 -0.4924841821193695 0.07073726838947038 0.03857677003647973 0.14717230907643705 0.09873222606021209
-0.5158771276473999 -1.189253330230713 -0.04228626936674118 0.08456409862854611 0.04670951326221633 0.17709823281143366 0.08691860912099064
-1.3724788427352905 -1.6332836151123047 -0.4667259156703949 0.05693816101216996 0.042581008223265104 0.14055991018080435 0.1418708726389537
-1.633918285369873 -1.7213901281356812 -0.5048298239707947 0.07394881102750728 0.049210105971607535 0.07970997059267566 0.14866806954954093
0.49069851636886597 1.1709791421890259 -0.5002428889274597 0.11944173939832649 0.11114055518224028 0.13973427188587972 0.17188059066958689
-2.8360304832458496 -2.624901294708252 -0.09703496098518372 0.09598030902735225 0.027009965618682973 0.11437206102675435 0.10218546136096301
-1.1158618927001953 -5.528590679168701 -0.4350530505180359 0.06240937060811472 0.022253504514871385 0.0912657801528332 0.13956322938207766
-0.15392620861530304 0.7960044145584106 -0.3759700357913971 0.04026947457548573 0.030566021107839556 0.07607536972581802 0.047183472673262825
-1.625349521636963 -4.589906692504883 -0.3480333685874939 0.038780632983686156 0.021359945337562705 0.09420434488773208 0.12146723747743618
2.3007285594940186 -0.5503172278404236 -0.17873384058475494 0.08228462711097567 0.056244945333244464 0.08885512216669134 0.15678332914001597
-2.8152666091918945 -1.1365278959274292 -0.244974747300148 0.05140311010350264 0.0460936367526672 0.1260483298377612 0.051825512023809174
1.0244832038879395 -1.9042906761169434 -0.15931972861289978 0.050625043217910004 0.027374202120949504 0.060986764912105765 0.14288609880782605
-1.585395336151123 -0.8967516422271729 -0.21543528139591217 0.03875400655542631 0.02085436128953115 0.0601841387794759 0.07552709232800779
-0.15153847634792328 2.254594564437866 -0.06589340418577194 0.06461886743929865 0.03398737930584863 0.15601545902859432 0.1187062038596487
0.17357578873634338 1.0168122053146362 -0.5652381181716919 0.09234351950674188 0.06345576998466175 0.16050199036169283 0.15695626775010413
1.8614658117294312 0.5239574313163757 -0.3213199973106384 0.10129855787912838 0.10009270813668264 0.15269660118944495 0.179944224183275
0.016707228496670723 -3.166928768157959 -0.193533256649971 0.07549264501527228 0.04227374940790354 0.17440203212258715 0.14038969244538996
-2.303476333618164 -4.626921653747559 -0.2993439733982086 0.08305103742197147 0.07575897967992568 0.10109973282093729 0.1136126888725636
-1.239845871925354 -1.9515348672866821 -0.1384553760290146 0.05045160465635675 0.04716438175576447 0.06077063757807751 0.15270364445117646
-3.1132731437683105 -3.818995714187622 -0.17918047308921814 0.09704699370852708 0.06682317195707653 0.10544700502125207 0.11326291046057749
-0.6249693036079407 1.0653116703033447 -0.41298016905784607 0.11378444193498485 0.106308933621654 0.15381260125372687 0.1654750308829273
0.3837350010871887 -2.772524118423462 -0.35755717754364014 0.09547930036400254 0.03997292373644122 0.15720111917377572 0.13915875221937074
-2.9176900386810303 -1.5789268016815186 -0.15570174157619476 0.1102797622071044 0.049766700981242765 0.13743337179258133 0.16620413953784885
-1.7071952819824219 -0.9292111992835999 -0.5200864672660828 0.06140946555184128 0.022248676639934278 0.11912652314752542 0.06266234083612587
-1.6594594717025757 -4.2478814125061035 -0.257148414850235 0.060312105051394026 0.024492246862974187 0.09792340881145134 0.13083777212007563
-1.6549019813537598 -0.7621411085128784 -0.49155721068382263 0.111949020498576 0.08033338586044206 0.1742613368961685 0.1282894739291776
1.1717181205749512 -0.7065373063087463 -0.12605559825897217 0.04445854289043545 0.02853686183095551 0.16499612050612658 0.07159146695635525
-2.059271812438965 -4.2913594245910645 -0.26858001947402954 0.044067019025801596 0.02184877739639307 0.09333901228861641 0.16768987887348633
2.4303159713745117 -0.45123422145843506 -0.37882092595100403 0.10506569399689412 0.0758305945294237 0.11032555192337186 0.173344162750176
-1.7006827592849731 0.3320732116699219 -0.4605601727962494 0.07200889537051827 0.023423058374765847 0.13339039191822605 0.1217473483309694
2.782031536102295 0.43613675236701965 -0.5661311149597168 0.06339169045711715 0.038342901971648045 0.15982253936426064 0.1783070180958768
-0.35794875025749207 -2.577150344848633 -0.11664880812168121 0.04636510962714848 0.022048221074896898 0.1473443700752955 0.1215734500210188
-1.9298508167266846 -0.6140978932380676 -0.36942872405052185 0.05978021238494974 0.058229325584455954 0.07884032362576542 0.121125763057683
1.3207124471664429 0.3409082591533661 -0.13272374868392944 0.10398763272986389 0.022634679560624853 0.12509817342229324 0.15034503016225198
-3.418644905090332 -1.7418797016143799 -0.6121081709861755 0.10130262784968233 0.04107094791443773 0.1643234318442144 0.102249945424276
0.014539651572704315 1.2360271215438843 -0.06870846450328827 0.10484006706265822 0.06446519442947189 0.14317151105922254 0.17597932184063972
-0.5747817754745483 -2.4106836318969727 -0.37107279896736145 0.07399303930488507 0.04269164451288976 0.15615499171444427 0.13341678006513638
-3.91306209564209 -2.4677789211273193 -0.18922269344329834 0.08261192212425712 0.03997293926119708 0.10011657388404369 0.1747268916938462
-2.529970407485962 -0.4810295104980469 -0.5312562584877014 0.053843293335006814 0.02092706764812499 0.13051813737766982 0.16726920885678592
0.4484529495239258 1.0577806234359741 -0.5688052773475647 0.11131863934280466 0.0692127642398783 0.171559588795424 0.13630542066234072
-1.227880835533142 -3.0550642013549805 0.35387882590293884 0.04393927370778171 0.025726839450663466 0.14295784826414876 0.08454773105586397
2.8147711753845215 -0.13847732543945312 -0.3596010208129883 0.04548026821136214 0.04143319576415254 0.04921794143469828 0.04805740067041259
1.0359272956848145 0.8651446104049683 -0.41589871048927307 0.06696606641648138 0.04250334217491038 0.08653957998147471 0.08660638017597566
-3.7487375736236572 -3.22623348236084 -0.5617662072181702 0.07222621100337522 0.034030324450149446 0.1144736382729186 0.16359851274030252
-1.879948377609253 -3.283785104751587 0.43878471851348877 0.06991986748954082 0.02894248107677792 0.16272377060569576 0.11921546397533395
-0.7568193078041077 -4.813205242156982 -0.270428866147995 0.09340718346109218 0.058462348648673335 0.16848121758499213 0.15738886383745537
-2.3731133937835693 -2.7103772163391113 0.16461335122585297 0.056164780806676834 0.021931838099454547 0.05858603387436998 0.1764314962255935
0.09610363095998764 -3.1031265258789062 -0.28090110421180725 0.04240845820331803 0.02971896339396164 0.15219691317217598 0.11960209779451692
0.15962514281272888 2.639151096343994 -0.5947742462158203 0.08600566886241805 0.02470540228475513 0.10731494232458678 0.11392551182282934
-0.02527165412902832 0.5104227662086487 -0.25014588236808777 0.10573309053546551 0.07687851106453104 0.13367858840538557 0.1079188547363633
-0.699851930141449 1.192598819732666 -0.03716425597667694 0.06903615954529696 0.0658859654020563 0.15288004139461042 0.12964771400557853
-3.001504898071289 -2.951352119445801 -0.31815096735954285 0.08384892689298126 0.0597412850886047 0.11138859715094403 0.1337070246082177
1.2080647945404053 1.0400562286376953 -0.4266439974308014 0.11231826717439507 0.06664959855481188 0.1230491893189718 0.16793223830258153
-1.9404265880584717 -0.16852273046970367 -0.1618366688489914 0.053144494310236046 0.05136011734046288 0.12823458857678444 0.08475368505112686
-1.4846786260604858 -5.125621318817139 -0.026715075597167015 0.09539151841085991 0.05152232076260921 0.14089406917038913 0.12853937755045144
-3.5465166568756104 -1.6235779523849487 -0.0308681633323431 0.08430537342901717 0.032175017620478405 0.13098131604969135 0.1609171535664245
-2.345076084136963 -0.7293123602867126 -0.4102932810783386 0.11451919445991994 0.023882445469544236 0.15613923116415235 0.1341099780251836
1.3142051696777344 0.5065340399742126 -0.553402841091156 0.04518077530527959 0.024704304904488363 0.05633556837276481 0.07728246742089426
-4.071052551269531 -2.384834051132202 -0.3348700702190399 0.09330737700354322 0.06917135976059939 0.1789655953212717 0.11913417429462485
-4.56219482421875 -3.2434074878692627 -0.14649173617362976 0.10895554505490147 0.0565850874768547 0.13794925017246068 0.11654434999879888
-0.9599909782409668 -4.413398742675781 -0.32287970185279846 0.07307250565026419 0.04909564886845341 0.13804244527886755 0.17673519762522893
0.09946050494909286 -2.8836193084716797 -0.3690619170665741 0.08873924257059454 0.052350997085020265 0.12666920397178819 0.15854162082609324
-1.6830191612243652 -1.2875089645385742 -0.45741182565689087 0.06413445109641812 0.04258030060992902 0.15895759014726465 0.141806154080529
-3.002063274383545 -1.4704393148422241 -0.5409325361251831 0.03532278869664317 0.03474873142526827 0.05816259165846991 0.129130455864597
1.8580622673034668 0.6437211036682129 -0.51937335729599 0.09469517479541935 0.07856876290633241 0.1343894973774878 0.16956751104442389
-1.179638385772705 -1.901479959487915 -0.5471341013908386 0.04878434387244016 0.02919482803657394 0.12727511999068478 0.1566633671634152
-2.1327991485595703 -0.591567873954773 -0.34643569588661194 0.10745595398901182 0.020645377172692155 0.1591895030569185 0.1312354009968318
0.0960167720913887 2.106356382369995 -0.35084104537963867 0.10139822278684933 0.03311311397669275 0.16038451542614846 0.1195874356781269
-1.2999229431152344 -5.3188581466674805 -0.42882561683654785 0.07980758048793839 0.03592149394334225 0.12007061584876356 0.10118439644852215
1.656735897064209 0.213836669921875 -0.0596592016518116 0.1079346263900666 0.05354859944164149 0.15924774511992168 0.1303465339213769
1.9719932079315186 0.5879479050636292 -0.3772800862789154 0.10763742231825427 0.04738686337770323 0.118606964810668 0.1550258179244839
-3.2696330547332764 -4.236169815063477 -0.16593337059020996 0.04807808037532248 0.02585329546734378 0.11874661270864643 0.11590515218391649
-3.813485622406006 -2.9412682056427 -0.6120011806488037 0.106598042130179 0.09476613184136772 0.10874710761979091 0.13048962084671467
1.5915318727493286 0.6390681266784668 -0.2085578441619873 0.10332374854276269 0.05371127934495247 0.17651555571307614 0.1543369843536782
-0.44048887491226196 -2.717601776123047 -0.6163429617881775 0.054020654306986424 0.03349345598695951 0.112247727309355 0.1588220295211077
-4.533054351806641 -2.6762895584106445 -0.21576909720897675 0.04687825806377046 0.023729487012741288 0.1282327755759731 0.05605973722697778
-0.9013196229934692 0.3445996344089508 -0.040722284466028214 0.040803011879875714 0.028207055269780252 0.047483373975001124 0.05004551273559637
-2.2698781490325928 -4.56967306137085 -0.2375052273273468 0.06050689159710236 0.03819372693546827 0.1313761389709049 0.17798196184933524
-0.022174987941980362 1.0940654277801514 -0.102789506316185 0.052064205195630923 0.02552331601170796 0.13552946939442512 0.057665317240279554
-3.367852210998535 -3.086085081100464 -0.22131139039993286 0.04420537841918583 0.03007885081372563 0.057859921928033894 0.1266649407123615
-1.6083431243896484 -4.216251850128174 -0.4145539402961731 0.053200045106837346 0.020038498088655005 0.14831183600107845 0.11569393746267015
2.875822067260742 0.07318267971277237 -0.2684403657913208 0.08028687758321737 0.03740693682679468 0.08735807180729557 0.1478679099568423
-0.3230229318141937 -2.981062173843384 -0.24934086203575134 0.08749142576021054 0.06276866625449722 0.14325564523074738 0.17161497605433507
-2.8988163471221924 -4.3089752197265625 -0.3247506618499756 0.08056492270117316 0.05784684176860287 0.1578370168558897 0.16038700893926866
-1.4252885580062866 -3.6227760314941406 0.5461928844451904 0.06690470027807877 0.05535106319801833 0.15338224820855867 0.161688733611752
-1.3050816059112549 -5.4957733154296875 -0.13852782547473907 0.09513719186131665 0.07274818430365367 0.14662937397194956 0.09821223290380884
1.7476277351379395 -1.1449764966964722 0.32619595527648926 0.05923565433752964 0.05815836347610907 0.12798362878459058 0.10278913939900461
-0.3768937587738037 -2.1958439350128174 -0.5976101160049438 0.03580563152158363 0.034601461232838665 0.13019339300322413 0.07548349951701973
-4.456140995025635 -2.655961751937866 -0.10726173222064972 0.04144463620727817 0.03362895640420736 0.1396759059303413 0.12196369495636594
-2.0380773544311523 -0.6597698330879211 -0.06993404775857925 0.10137200000597806 0.04846094638187384 0.16843087021059627 0.16080796695318922
0.30877989530563354 -2.705904245376587 -0.1268283873796463 0.05107354426701323 0.02724344562836025 0.07788215483741642 0.14608352996988944
-0.8280426263809204 1.0628092288970947 -0.11210847645998001 0.04963095249655619 0.026100985756725432 0.10406727401701041 0.08708655096094944
-0.7534908056259155 0.17097021639347076 -0.2630567252635956 0.05608814640007809 0.04961095232604378 0.09454563283829126 0.16118285000265845
-2.853283405303955 -4.382490634918213 -0.03436776250600815 0.09451306707694346 0.0835918679626621 0.14399477756679668 0.17261283338003836
2.945131301879883 -0.19941693544387817 -0.14181850850582123 0.10885633517414041 0.07589531643442317 0.16877300065775996 0.1688226681472797
-0.7542470693588257 1.0593125820159912 -0.35597217082977295 0.0855305403883719 0.04903661407588604 0.14595565491038118 0.16212391307338964
-1.661012887954712 -4.225151538848877 -0.19103044271469116 0.06470550996359428 0.03594212895142715 0.13423667385626992 0.13633701721163824
0.46366482973098755 0.8018088936805725 -0.07405012100934982 0.07161609310179254 0.03531393508611066 0.0763483611207261 0.1321666442178282
-1.0252476930618286 -0.8505062460899353 -0.14275261759757996 0.06792783893471571 0.0450101085719439 0.14670465974744717 0.13801513777208352
2.4141836166381836 0.9917835593223572 -0.557227373123169 0.10437450958470301 0.030622182078360857 0.1765274242932995 0.12805308888872324
-2.600590229034424 -4.217732906341553 -0.18708468973636627 0.058652884617850475 0.04416320343505233 0.1637860336857445 0.06723245399799369
-3.2125766277313232 -3.576888084411621 -0.021160516887903214 0.07776767003817851 0.07049853125232959 0.07969676109822992 0.08788856849689881
0.9485268592834473 -1.9550477266311646 0.34255272150039673 0.08681397716905315 0.06475714542955825 0.11644962170906602 0.09429033678635071
0.06279920786619186 -0.9399914145469666 -0.5446503758430481 0.07008671315653137 0.0658219224368598 0.11686366389462656 0.14539284765333477
-1.740700602531433 -4.815153121948242 -0.4440252482891083 0.07972990425231159 0.07345749168407376 0.1754823604200096 0.10760582843894012
-0.47799891233444214 -4.317895889282227 -0.45552998781204224 0.06450499703855767 0.054011567118351145 0.12442459010019719 0.07086195638904376
-0.6890736222267151 -3.8249423503875732 -0.38623833656311035 0.08701625487598122 0.08600348828450498 0.17175364736629642 0.17624295363825676
-3.564541816711426 -2.1901025772094727 -0.5420713424682617 0.08842593948173733 0.06445828283066113 0.11823294932006292 0.09978106751821936
-0.3349308371543884 -2.7271642684936523 -0.17293083667755127 0.07563120874603346 0.03353107609200102 0.12181646478847083 0.09688627982980844
-0.21023355424404144 -3.5861544609069824 -0.25169315934181213 0.09789835143978928 0.08467946239358222 0.17748403786848277 0.17666220427710944
1.5070337057113647 -0.44941166043281555 -0.5108820796012878 0.06900668296352062 0.0658792074981899 0.1035787417020802 0.14494591533664236
-3.937490701675415 -3.3967387676239014 -0.5020676851272583 0.057198531141424716 0.03256295967865715 0.1797758939630375 0.16046872765526318
-2.292297840118408 -0.4842076301574707 -0.11541978269815445 0.07541940131800146 0.05027289101326618 0.16886461272066194 0.1358265305327811
1.785085678100586 -0.029337340965867043 -0.3253980875015259 0.0895235994215087 0.06383507265004264 0.08966931834163738 0.10754779824941688
-2.940570831298828 -3.2383956909179688 -0.5418940782546997 0.04062589287677237 0.03817411152494453 0.08171239051468596 0.05204143024524397
2.7365524768829346 0.2901955544948578 -0.5846433639526367 0.10616726893567671 0.035804046160954096 0.12159059450099331 0.15932309747124943
-4.0606160163879395 -2.2182681560516357 -0.6051628589630127 0.10010233192694866 0.0821483887655214 0.1271253353637139 0.1452976240151646
1.4944676160812378 0.797991931438446 -0.20835620164871216 0.061479531671297334 0.03155192068838174 0.1297301259569289 0.16092689740863755
-2.253741979598999 -3.8008158206939697 -0.4641066789627075 0.05854758866567719 0.039299939549607546 0.17300373177953943 0.1650868248115019
-2.6837401390075684 -2.4680593013763428 0.5211799740791321 0.06344945826314116 0.057941487946038886 0.0967014910009682 0.08146414261376922
0.24114929139614105 0.7012792825698853 -0.5166909694671631 0.06482400996271354 0.05521146614396162 0.16028474154580166 0.1621268092415431
2.7608461380004883 0.3789689838886261 -0.0599694661796093 0.04332027025745874 0.03721994537556409 0.11565854484927429 0.10903351966858926
2.399749517440796 -0.27332597970962524 -0.2690831422805786 0.0548751651839848 0.030963669082360076 0.16024823418299877 0.15167157436688763
-0.5016772747039795 -1.1586766242980957 -0.11514093726873398 0.09791986629828618 0.03930388235174853 0.16513254221894774 0.1686783273702795
0.8136686086654663 -1.382552146911621 -0.2855534851551056 0.10553404389484279 0.03899260953528021 0.12620845389196814 0.11500892183864961
0.47507333755493164 -3.0380523204803467 -0.11439795047044754 0.09908570754269527 0.08093987076992837 0.13429756815476207 0.13275651882051415
-2.9478759765625 -1.2360042333602905 -0.061260320246219635 0.09070690855614108 0.06982662776956393 0.16825713149618104 0.16740775995717
-0.5914918184280396 -2.710512399673462 -0.28635138273239136 0.05061865150701115 0.023767567076689207 0.17584259822652434 0.17470861034750948
-0.07572219520807266 1.0426663160324097 -0.5083656907081604 0.06061047922885371 0.029271674509389736 0.07218645203125593 0.13370134411062373
2.477407693862915 -0.49020230770111084 -0.28606829047203064 0.06272334721199144 0.04724108672000474 0.10751111618320078 0.06739225992400902
0.9168703556060791 0.4625774323940277 -0.6041136980056763 0.05484933799108243 0.04980413932995167 0.13088939094089602 0.09642461875202518
-2.713318109512329 -0.879457950592041 -0.03557748720049858 0.05430950823204388 0.053795359812235516 0.1473229441561295 0.12474513360890932
-2.43747615814209 -0.7002855539321899 -0.604848325252533 0.0478915410281555 0.0461189517490256 0.17826937971210727 0.07935572872289542
2.424306631088257 0.21037933230400085 -0.29231908917427063 0.03820582187235362 0.026289113353192742 0.1665851135329356 0.12810921151479288
0.3932546079158783 -2.8447048664093018 -0.36834147572517395 0.10048484052844021 0.09663873035868388 0.16240867006872128 0.13070265302966427
0.20116977393627167 -1.556912899017334 0.08473988622426987 0.11012166013784534 0.04442589061499135 0.11849566360868546 0.16690262588912644
1.3514994382858276 0.7660108804702759 -0.43760988116264343 0.06936785431049466 0.021325403641077538 0.15408942218479624 0.11961902244499686
-0.5992644429206848 1.265705943107605 -0.5587638020515442 0.06824657494091081 0.02187846591801875 0.16349037027881416 0.1648875291953395
-0.09867658466100693 2.2946460247039795 -0.5244280099868774 0.09061231640649181 0.07482616157462822 0.10254690786127502 0.12590190076209393
-0.027928050607442856 2.3385586738586426 -0.11391955614089966 0.08885799805221076 0.03529840695610943 0.17159528635340132 0.10307149563480808
2.844143867492676 0.3347756564617157 -0.2410397082567215 0.06432240393535801 0.03705542438002287 0.0906741639952488 0.0972266531589532
1.4922279119491577 -0.2860296368598938 -0.2576982378959656 0.11138882662868087 0.08022973414343157 0.17982485311883364 0.12537749310352375
-2.1062188148498535 -0.4238239824771881 -0.34571871161460876 0.10234160515201102 0.0697392455587074 0.15243905206110864 0.17211442258578885
-2.4877822399139404 -4.439073085784912 -0.3242083787918091 0.0442423512736763 0.022321886109131737 0.11903442010904919 0.13581036787374845
-1.7205427885055542 -4.000388145446777 -0.4764437675476074 0.07496363486712852 0.028855403044094695 0.08329307956886785 0.12800119817280506
-1.399621605873108 -1.0400338172912598 -0.5121213793754578 0.06826505136460817 0.055598997636118364 0.08884516548467002 0.1137362610411046
-3.828012466430664 -2.1646478176116943 -0.54936283826828 0.05623551480765179 0.05066641772735597 0.09961766811581012 0.10191957053917816
1.657670497894287 0.0020008361898362637 -0.1334315836429596 0.05192819347256715 0.04899535497671981 0.11464219738740324 0.05636533354921103
-4.6288299560546875 -2.833359956741333 -0.5622993111610413 0.08292220231085021 0.022366033700893954 0.16523132282237854 0.09627151884226733
-1.0445067882537842 0.2974710762500763 -0.5207749605178833 0.10891740131865572 0.06768441169968138 0.11277379339996314 0.1599580145580478
-1.6282217502593994 -1.0217210054397583 -0.37946817278862 0.07692357619199255 0.07245901605055213 0.08105130319268146 0.10662832311544648
-1.362094521522522 -0.8781849145889282 -0.14487852156162262 0.07016938314472673 0.042616147729198924 0.16155630357685902 0.14549681323352154
-4.175222396850586 -2.165740489959717 -0.14439933001995087 0.03561593911079243 0.02744635004222174 0.12351228869523138 0.13076919796901948
0.2785799205303192 2.5472450256347656 -0.5624952912330627 0.05142410697484272 0.048715530628442874 0.13592902375266724 0.14242791357606027
2.469972610473633 -0.4807853102684021 -0.5608859062194824 0.09076829524487628 0.07577418674560206 0.17118855037717684 0.13400670388867808
-1.1445199251174927 -4.525979042053223 -0.26683151721954346 0.09729022322928464 0.035821942831012026 0.17002504543030877 0.12396058316636932
0.04059349745512009 1.5721577405929565 -0.363756388425827 0.07953697009954422 0.0648818443929173 0.17635242051485894 0.1740031661995201
-1.7592763900756836 -1.0949002504348755 -0.5267845392227173 0.05738900866854113 0.04500115629264975 0.11066708605942271 0.07856645905651373
3.112182378768921 0.15432730317115784 -0.26900193095207214 0.10608826430517586 0.020551814020230794 0.1662833330090906 0.12932587373794058
-1.4789624214172363 -5.029239177703857 -0.32583919167518616 0.0542763000516068 0.052888247073839836 0.10824245757172637 0.16283340033932345
0.9241264462471008 0.4897812008857727 -0.22223752737045288 0.1089310629979667 0.08958063317025147 0.14809206613163564 0.15254383309606845
-3.4575605392456055 -1.214743733406067 -0.21562446653842926 0.04378629128562522 0.039549425451763064 0.15185949528300974 0.05673539867119892
-2.751326322555542 -2.29708194732666 0.29839229583740234 0.05540333019038855 0.04203950454717563 0.06466203665605362 0.07116636892548986
-2.532269239425659 -3.579026699066162 -0.09517616033554077 0.10239237409262318 0.07927818999695745 0.17700670641403965 0.16608767419511267
-3.4777426719665527 -3.277897834777832 -0.5225508213043213 0.1158680134217094 0.029341407092620897 0.17020674584081327 0.15074710897144594
-1.745612382888794 -4.750658988952637 -0.5690710544586182 0.0907715370899816 0.06445032873412952 0.12977448510032416 0.1029610686579023
-0.6109557151794434 -4.191849231719971 -0.08190982043743134 0.05227069216492865 0.03561434911963505 0.17159197375823482 0.06726046881243325
-0.707545280456543 0.47910138964653015 -0.1796022206544876 0.07731357141708589 0.03891018159458759 0.16684975791740225 0.1343632256410426
-0.7477762699127197 0.4059728682041168 -0.5623040199279785 0.05465644323600283 0.02728544873545178 0.16160787231819723 0.10009719440885748
0.8787046074867249 -1.8399244546890259 -0.030604351311922073 0.11270976016440473 0.08361192626253533 0.16277227549734796 0.11283595289612892
0.20546361804008484 -3.6337435245513916 -0.3965210020542145 0.051990718629328365 0.03338536265959851 0.10167249360922889 0.08970769879039318
-1.1087836027145386 -3.2189974784851074 0.08128686994314194 0.04300065917575867 0.028569228428628766 0.1135551570881612 0.07327135488568046
3.192756414413452 0.27376461029052734 -0.24525652825832367 0.11260750044660481 0.06961144517107222 0.14986277383833801 0.13848293559648456
1.3214988708496094 0.6859093308448792 -0.08188898861408234 0.07187018914608716 0.023074413231667822 0.17233729101191286 0.14188017512648715
-0.7402094006538391 0.01727827452123165 -0.15015137195587158 0.052065093584922936 0.045419716069160336 0.14236316177793037 0.17903374836583125
2.258981466293335 0.17067904770374298 -0.5331969857215881 0.10630051176004908 0.08120176755506757 0.12807168529996155 0.17153649937915944
0.03351274132728577 0.796158492565155 -0.06643618643283844 0.03324007878739336 0.02459015951457957 0.1392569789416035 0.049236254817725846
-2.701542615890503 -0.5020869970321655 -0.04832865297794342 0.052038458108640384 0.026996464121300544 0.17240311503633698 0.16554437649600184
1.6675139665603638 -0.07583523541688919 -0.27185726165771484 0.033764763787092346 0.023109251772534332 0.1414314338084041 0.03468834870036248
-0.6715285181999207 0.8078522682189941 -0.5931233763694763 0.08967977245659908 0.081685556984983 0.17736480153062345 0.1574526770641938
-1.6939361095428467 -1.4079383611679077 -0.5767604112625122 0.045928242464332296 0.032829326745786036 0.12649346188258512 0.14138585075388785
-2.4999630451202393 -3.7747509479522705 -0.4926745295524597 0.10705969442743513 0.0634973514687349 0.17646315342030972 0.155084321995525
-3.7029402256011963 -1.768921136856079 -0.1278669536113739 0.06882098353211989 0.057968006429052296 0.07574632567485236 0.16056615304316507
-1.224074125289917 -5.0965070724487305 -0.5331521034240723 0.09106048018994038 0.05981607868249805 0.11581740425748376 0.17263578419916023
-3.7420077323913574 -2.793961524963379 -0.1134779304265976 0.11338575638138294 0.08319297840531727 0.15897750261123128 0.1164571880841357
-1.2050424814224243 0.986354410648346 -0.26769885420799255 0.04197314759151483 0.04161664423787773 0.17304679177606766 0.06929196761396297
-3.315675735473633 -2.9167258739471436 -0.3632279336452484 0.11820408382066049 0.06670933121040251 0.16758952270744326 0.17950292282793429
-1.4112201929092407 -3.2417280673980713 0.10186165571212769 0.11779937273064464 0.10033053289054189 0.14321682584710232 0.17750196125143441
0.028721630573272705 -3.4935367107391357 -0.45961856842041016 0.05723445418987256 0.028169555145251823 0.13569674810111068 0.14003787115350777
-3.130622386932373 -4.201620101928711 -0.4375862181186676 0.03775738382041375 0.03346221944449225 0.12739636549149974 0.16622017440552486
-0.9710805416107178 1.0393918752670288 -0.20127364993095398 0.09475987820829751 0.07520108767455647 0.14355370033513737 0.15671792073124413
-0.9769644737243652 -1.874964952468872 -0.5850927829742432 0.11137680023027405 0.04356589145800856 0.16042633901982184 0.1435140897403291
0.09715244919061661 2.0169405937194824 -0.05297643318772316 0.083931561107709 0.05863261589675475 0.13282992192189477 0.11420862275538567
2.450739860534668 0.13869082927703857 -0.20285393297672272 0.0693085044045572 0.05091473889831397 0.16819339099815536 0.10111775374043233
0.6875892877578735 0.8316784501075745 -0.08047225326299667 0.06082160418726487 0.04122317350580707 0.12784116334921145 0.1577515898184491
-1.2817264795303345 0.5393853187561035 -0.3687206506729126 0.08896766127718635 0.08696921684913513 0.17989078519217405 0.09049724316819474
-0.808201014995575 -1.9594614505767822 -0.6197704672813416 0.09441315715576629 0.029377440726178754 0.16331065404207637 0.10613572383444352
0.49078088998794556 -3.250971794128418 -0.26391077041625977 0.0376156096954293 0.031335086666589435 0.12407973828039523 0.15949643848660489
-2.6508357524871826 -4.0647292137146 -0.36655566096305847 0.10525222442603005 0.05188208277695011 0.12418425476510098 0.13818162662222983
-2.4073095321655273 -2.119476556777954 0.06982600688934326 0.05113052651682888 0.04137239408107328 0.11094864812713816 0.09927697833712365
1.9722081422805786 0.31747034192085266 -0.30286359786987305 0.0527487737946937 0.038762476982403704 0.17621496369604123 0.16221198061886977
-3.3887264728546143 -1.3110411167144775 -0.5285730361938477 0.11089540077822856 0.05565566630626077 0.1381321652376746 0.13746821041932322
-2.3373396396636963 -0.8855789303779602 -0.45388171076774597 0.039737815696374724 0.021206827583874804 0.06965730910538857 0.09866419657047382
-2.7893407344818115 -3.8076319694519043 -0.5475168824195862 0.07813880532329379 0.05590016304028325 0.11257121739913628 0.14595124921685962
-1.446733832359314 -3.4439873695373535 0.5330331325531006 0.055137976794130045 0.05330251349616609 0.09772493296862986 0.10329646184333978
-0.2491060346364975 2.035327911376953 -0.11787419021129608 0.05483140140718841 0.042847563568123186 0.07264981443966131 0.09697699894001506
-2.779733896255493 -4.085646629333496 -0.18007685244083405 0.06290175112793941 0.043171266344673775 0.12613302533896673 0.07964002459388562
-1.740074634552002 -0.3964942991733551 -0.1382015347480774 0.06668585684967865 0.02766532741259462 0.08937848694609499 0.1686607034253063
-1.0815492868423462 1.0878130197525024 -0.08287923038005829 0.05681960425721154 0.03374371853922629 0.17907451857070017 0.08713675966605451
-2.63124942779541 -4.104354381561279 -0.43191012740135193 0.039442656839866495 0.03883348706237919 0.1394065287737961 0.06165778922273801
0.4582419991493225 -2.8984296321868896 -0.5172567367553711 0.10016874765532018 0.05331754055280774 0.1508798226734059 0.11773654118265499
1.285853624343872 -1.5533421039581299 0.02988661825656891 0.05671892810653431 0.024343454744580294 0.16238601388071405 0.16897062373981525
-2.680392265319824 -4.252207279205322 -0.24229340255260468 0.07486354806673759 0.0450453507462525 0.15376728009788196 0.12845709244118775
1.5660574436187744 0.7951081395149231 -0.09737443178892136 0.10327325622630297 0.03693319004681143 0.11265149798457906 0.10707214639079789
-0.6022439002990723 0.7088018655776978 -0.02758517861366272 0.03459003224545772 0.03338832446893969 0.11683095734004817 0.10715864136620809
0.9438087344169617 0.5761544704437256 -0.4736611545085907 0.04592526705396696 0.029211110120938077 0.05732687859902645 0.0868258219911955
2.3252861499786377 0.04792700335383415 -0.48762640357017517 0.038591714524805275 0.03170327932194586 0.1405031546896892 0.1467396053279595
1.7924531698226929 -0.08787237107753754 -0.27501097321510315 0.11398109690544822 0.0651072184358811 0.13070328594599973 0.1563791223731036
0.1609383374452591 0.9214590191841125 -0.5651822090148926 0.10048564002884995 0.07886298222803659 0.14776772407645833 0.14640948393060918
0.38443443179130554 -3.2825164794921875 -0.24990683794021606 0.08672612309006607 0.04810883996500244 0.15439432014775412 0.11249100110368879
-0.5137807726860046 0.01746310293674469 -0.03481960669159889 0.04059173506974808 0.03516590460332464 0.10413472831339579 0.06742300422057787
-3.0322258472442627 -1.7611333131790161 -0.2705700993537903 0.07955724979925796 0.0492282873635978 0.164923424761869 0.1153123905998486
0.6252422332763672 -1.303053379058838 -0.06694471836090088 0.058998102487165555 0.04239434051097662 0.14604862125603502 0.09726117325037106
-3.7919516563415527 -2.7732343673706055 -0.3330528736114502 0.08116891675460575 0.020156248060412413 0.09602145334009898 0.08612775989901947
-2.652040719985962 -4.454009532928467 -0.2709217965602875 0.03849832210880535 0.025072761850167342 0.04174053829689035 0.058180896482426574
-2.0322072505950928 -4.699236869812012 -0.08054570108652115 0.09861533827399045 0.04240734357623906 0.14399832669515467 0.1389586438662916
-1.2202578783035278 -5.571719646453857 0.058164939284324646 0.05247677376289615 0.04779161915933154 0.05502588667896195 0.15275205326744534
-0.35357871651649475 1.1972490549087524 -0.3062933385372162 0.05001619888673688 0.04920929002258893 0.13385323165819038 0.11816558777387667
-1.6947581768035889 -2.372063159942627 0.09298641979694366 0.06177024625796662 0.0598268154748296 0.09611413200329527 0.17426122039020006
1.8813884258270264 0.23368406295776367 -0.3504527807235718 0.04947077712780899 0.03276627489980768 0.16218432311401668 0.14282385330240277
2.464834690093994 0.09617079794406891 -0.023268863558769226 0.04362982257762862 0.04307515054220397 0.17472384980270209 0.14105974533775958
-1.0505964756011963 -1.9868980646133423 -0.06158954277634621 0.09572078337895538 0.04328718136802735 0.1272709507200684 0.15257274308963054
-2.37965726852417 -2.14047908782959 0.0196253452450037 0.08012924282267966 0.0768863217913436 0.11066193591222973 0.1391895132462181
2.3496551513671875 -0.4182608723640442 -0.2198830544948578 0.11454823253494067 0.0794835314006745 0.1182697449205892 0.17858105965008841
-2.2468674182891846 -4.6620893478393555 -0.48730549216270447 0.11952087082299993 0.06441230514113623 0.14775349948509509 0.16264225909291177
-2.5566744804382324 -2.5296072959899902 0.44228795170783997 0.04779567172678418 0.03216586964970689 0.06222520069736791 0.08422632659887866
-1.8971943855285645 -4.030191421508789 -0.2774154841899872 0.03278018370555039 0.02150357966786054 0.11630628932655174 0.09055841938034467
-1.7098710536956787 0.30836495757102966 -0.15227320790290833 0.09149698666549345 0.047610149773057914 0.1148662390104724 0.15515371143471637
-0.6985632181167603 0.667000949382782 -0.5564970374107361 0.0784898527269462 0.03544379022977496 0.07980393071444106 0.07982810823084353
0.2449401468038559 1.8326442241668701 -0.36349400877952576 0.03493939429837655 0.03192689595496426 0.03776246526554125 0.11269636368042127
-1.1131418943405151 -3.240318775177002 0.4167856276035309 0.06661861505093208 0.03353638864023144 0.16536594740444138 0.17879881349254614
-0.6304165124893188 -4.229448318481445 -0.10073602199554443 0.0885650116375046 0.07100989289212671 0.1531937416066863 0.11127528400983397
-1.034356713294983 -3.067948341369629 0.4236304461956024 0.1036422881171442 0.09802007038422232 0.13737734360780948 0.14625106872961519
-1.21299147605896 -3.2846431732177734 0.15172064304351807 0.08142696053376383 0.07721576037381447 0.1705932410384138 0.13538531178500227
0.05346556007862091 -0.8773577809333801 -0.5348523259162903 0.10310648451488895 0.04012584222627999 0.1572694054323408 0.17118393082216052
-0.8283185958862305 -2.3837766647338867 -0.0994659811258316 0.08337318044600925 0.03546770631265482 0.14360715576917937 0.09633092083726426
0.7783686518669128 0.9881973266601562 -0.3095042407512665 0.032818045060924624 0.021968790117180104 0.11699741872863736 0.08164507480141833
-1.2314131259918213 -4.653085231781006 -0.6012506484985352 0.059834583723041235 0.05287917308723991 0.16173151090058518 0.08586177454475705
-4.267742156982422 -2.540241003036499 -0.025313908234238625 0.03399242034042791 0.021827935618341506 0.15882206039988792 0.17859137838890987
-1.3957836627960205 -5.030613899230957 -0.3065744638442993 0.09505882565469599 0.09396694535380348 0.14585287881450443 0.13074480624580812
1.7312134504318237 -0.0012839153641834855 -0.19125361740589142 0.05774291075400141 0.028796224483586708 0.17325298792676697 0.08226084368333979
-3.1425368785858154 -3.333268165588379 -0.24471354484558105 0.07456345590873542 0.07103996623409076 0.14848963321820055 0.14526945370498484
0.09306865185499191 -2.9755353927612305 -0.09577354043722153 0.11163711950701423 0.07016322137700963 0.12855303814226585 0.15009390327224906
1.2614721059799194 -1.5677027702331543 -0.11736060678958893 0.09000210176119976 0.02821207673844614 0.09142974702417471 0.14014596925678052
-2.6722309589385986 -2.2202203273773193 0.04726777970790863 0.11585128447221754 0.10648736435789852 0.13871619547270134 0.128490410534266
0.47427573800086975 -3.1131136417388916 -0.0690443217754364 0.11408231848808645 0.048175799420854426 0.17978169529333118 0.15935971511317013
-1.9398729801177979 -3.224168300628662 0.3208485245704651 0.11148648457634011 0.10479357782771218 0.17752975491300907 0.15324904867871678
-1.4835808277130127 -1.2651019096374512 -0.2905782163143158 0.08893523297595707 0.06680370157647021 0.12951637212859507 0.16674904144139202
0.7792474031448364 1.4132298231124878 -0.5010104179382324 0.11787443668368894 0.04926203626678441 0.11931357845337869 0.15492951503840674
0.5542917847633362 1.046225666999817 -0.1520087569952011 0.04677358447454353 0.04066476561846756 0.14764884425954483 0.10465038250698329
0.10338736325502396 2.6595964431762695 -0.15623262524604797 0.09319775805143524 0.0682934962270298 0.12824804991743427 0.1582710497756662
-1.970337986946106 -4.0989603996276855 -0.38269689679145813 0.1036577964341466 0.0736164546877442 0.12421588979852563 0.11309488812959853
-2.5817935466766357 -2.271627187728882 0.16438744962215424 0.11705259458554713 0.10500299018539545 0.14665788485956066 0.12603164738881806
-4.064316272735596 -2.749797821044922 -0.4998924136161804 0.06957510076466956 0.04750668955874857 0.13856048254461284 0.12393428173402657
-0.39527082443237305 -4.1378679275512695 -0.4676517844200134 0.1023924411877998 0.05898034479788518 0.12197259181422959 0.12201099630036584
1.0979807376861572 1.298468828201294 -0.3924432396888733 0.11406215300173721 0.029080761708280847 0.13899526826340192 0.14365682164813026
-0.020870978012681007 2.7679240703582764 -0.21113596856594086 0.05235922545998979 0.046343723230305015 0.073232250452737 0.1374467062753871
-1.6024997234344482 -3.6023311614990234 0.4652693271636963 0.10568788808254842 0.06721891732807067 0.1570762348720205 0.15714792363046498
-2.9671244621276855 -1.0874277353286743 -0.384194940328598 0.10445467333716935 0.09087339383228209 0.12452085035493898 0.12531201532197278
-1.8330578804016113 -4.687005043029785 -0.6148213744163513 0.049734654569405186 0.026505754348063477 0.15825569648899648 0.08303750918046571
-2.4120254516601562 -3.9877402782440186 -0.04096154123544693 0.051940823832553676 0.03074651515894257 0.12939317290505015 0.12740191862744277
-0.5164579749107361 1.5366743803024292 -0.17701706290245056 0.033066439114188544 0.028293147759548463 0.11848835601821378 0.036190447005527385
-3.6620993614196777 -2.9833672046661377 -0.17719939351081848 0.059936125159298 0.020496115976407405 0.17443143761830526 0.06464547415395334
-3.0786616802215576 -3.2399344444274902 -0.568182647228241 0.06998988851988014 0.05748211261965648 0.11018369662703126 0.14323403272843754
-1.9859580993652344 -1.2298197746276855 -0.13261398673057556 0.07665154105326175 0.07199959826488753 0.1462301032567684 0.14392868537030964
-0.02178286388516426 2.776679754257202 -0.2208237498998642 0.11822829301356783 0.10317759768160584 0.16841285635844253 0.15762553178664934
-3.020695686340332 -1.4950342178344727 -0.5528532862663269 0.09108130735003013 0.042082274929658256 0.13330390187073374 0.1702456357776763
-1.7579052448272705 -3.369540214538574 0.4018067419528961 0.11249426593937521 0.05581235051478538 0.15569730650674243 0.1630376888949495
-3.837170362472534 -3.4025425910949707 -0.2813548445701599 0.07762470596812478 0.051703832521457785 0.17958271854236071 0.11801392716664155
-0.2922089993953705 -3.480422019958496 -0.5187504291534424 0.03860051538136018 0.02131300931568866 0.053684138528600996 0.10929923495121942
0.8371297717094421 -1.3946037292480469 -0.204323872923851 0.08349341122817147 0.06759278012932983 0.08915037009713253 0.1671230118858728
-2.0270864963531494 -5.009801864624023 -0.06941070407629013 0.11867608457745492 0.05069085303520286 0.17935972327142397 0.1293357512818383
-2.3975791931152344 -0.517163872718811 -0.2189786732196808 0.08263680465940694 0.0613331892577713 0.11537435744322133 0.15762793282699053
-4.407327651977539 -2.982063055038452 -0.5310450792312622 0.03952432979311148 0.02265377964375924 0.15362889611645109 0.12694206464465832
-2.0246634483337402 -2.3677518367767334 0.3174859583377838 0.11679810603602504 0.09495899145024113 0.14514887955569253 0.1569323134399026
0.5258226990699768 -1.2012385129928589 -0.3966299593448639 0.07223136028103852 0.05803598992429196 0.08849078725172835 0.12368384497573426
0.48066049814224243 -1.8532984256744385 0.04637479782104492 0.10488101131826594 0.036011774466703075 0.14100686192594647 0.14786079740639865
-0.4891718626022339 -2.293358087539673 -0.2423139065504074 0.04443435788372635 0.040809844423595545 0.07920760861398224 0.12897537723253838
-4.132471561431885 -2.0868406295776367 -0.3412873446941376 0.09780361990777563 0.03489179665786793 0.1041961961398753 0.15282045316735507
-2.9474434852600098 -3.1730246543884277 -0.24185283482074738 0.11918150656058775 0.09309944245985977 0.12860213757991892 0.15980201460246757
-4.160428047180176 -2.4166011810302734 -0.35150960087776184 0.04216977791099959 0.025101484098231062 0.0916866208177976 0.09051409736364693
1.6317496299743652 -0.35996976494789124 -0.5918583869934082 0.11363912225107653 0.10253405725302159 0.17030664020214015 0.13676582120985525
0.11289291828870773 -2.7992706298828125 -0.6204605102539062 0.10016552720148182 0.08101064984343742 0.1399507097314112 0.15525661521161319
-0.644905686378479 -4.172388076782227 -0.4207308888435364 0.09561214154734185 0.044130522194320634 0.12978478813136143 0.11790410828988376
-0.8878483772277832 -2.038445472717285 -0.1311427801847458 0.042931865250624555 0.032865498626558916 0.11452951208182138 0.06813350710961356
-1.4288250207901 -5.157892227172852 -0.2909071147441864 0.10353767837942567 0.06406733071760617 0.11957629808421379 0.13016402990971157
-0.5786685347557068 -0.376305490732193 -0.20814280211925507 0.11515619571606596 0.04356623291525044 0.1720533734655583 0.1735684828159714
-3.534440040588379 -2.6028783321380615 -0.5457080006599426 0.09727329974862077 0.08911314956424418 0.15383324118680955 0.1606062486122643
-1.6974637508392334 -2.492053985595703 0.396572470664978 0.09062947131340149 0.05197947996698077 0.13686284095524032 0.11854849966130772
-3.4834604263305664 -3.74342679977417 -0.186018168926239 0.11295373411884813 0.020299696866405082 0.11936847820159428 0.17671052774123178
-1.9256781339645386 -1.0869028568267822 -0.12724478542804718 0.06756778565417823 0.04553924810596484 0.08271605993912513 0.14470631042625448
-0.7944172620773315 -2.2107386589050293 -0.3204173147678375 0.06049311830233803 0.05590206870620738 0.1128025875200295 0.08277996730466516
1.556861162185669 0.8997491598129272 -0.4115755259990692 0.03699298738003528 0.03687850580373076 0.07704390402859784 0.09717453143607055
-3.529157876968384 -2.0644149780273438 -0.30175307393074036 0.10745376700609595 0.02642990031681386 0.15325380604148559 0.16027487031874496
-4.143184185028076 -3.223156213760376 -0.2601949870586395 0.060469064200016305 0.05643349505314868 0.0703075836633469 0.11635958436261912
0.3649822473526001 1.0029956102371216 -0.2967663109302521 0.11044741573501457 0.029496679794837333 0.11617857037979407 0.11347023941148614
0.7746990919113159 -1.9580206871032715 -0.0734243169426918 0.1143651402308204 0.03852200110059703 0.1628936718763843 0.1423067041836103
0.716914176940918 0.9876329302787781 -0.46067512035369873 0.0356578321022937 0.03493484166724055 0.05753158180233048 0.10106776377785492
-2.0975492000579834 -4.174640655517578 -0.21015173196792603 0.10257755584493354 0.09707390025639111 0.14152262297333465 0.15310700182156503
-1.5090281963348389 0.5510993003845215 -0.07346181571483612 0.07678905164560837 0.07405219110447811 0.11571157104615998 0.15764804281414252
-1.6896177530288696 -4.633574485778809 -0.15385393798351288 0.07176756896228347 0.03416653280500162 0.11150541033225123 0.14128726607466824
-3.855369806289673 -3.3725385665893555 -0.08204172551631927 0.06299363734712037 0.03514384161486914 0.09445793779933664 0.07362027462721392
-4.267085075378418 -2.6299993991851807 -0.22049644589424133 0.06154694160963162 0.0433175126701814 0.14865996076253893 0.09573964423849823
-2.197558879852295 -1.15351140499115 -0.5847005844116211 0.07607201009894066 0.06776867160977196 0.1331156303592271 0.17363011420943752
-4.285516262054443 -3.008915424346924 -0.4554336667060852 0.08566676758447439 0.06658787606588139 0.10562074349805074 0.08819079103498877
1.226491093635559 0.5069120526313782 -0.17686490714550018 0.08258289887779974 0.040506681157620725 0.11164054748374053 0.10665452146642648
0.03308187425136566 0.6163619756698608 -0.15338119864463806 0.09739939413782896 0.08343033116844151 0.1406467270350629 0.15969015691801583
-2.749281406402588 -0.8257980942726135 -0.5134086608886719 0.06603517099890092 0.05704538909183732 0.14267711144544823 0.11968615569691707
-0.4696390926837921 1.457805871963501 -0.21947996318340302 0.06672248660765845 0.05092527654748338 0.08911664248513196 0.11263326834573414
