0.8235915899276733 -0.04616174101829529 -0.41474974155426025 0.040861888404450625 0.03689776336939821 -0.06855706580662539 -0.12047000425567611 0.17462652865999995 -0.1488863073217514 0.007297236355819886 -0.16722905252396825 0.09461047081162638 -0.16382184526282573
2.260632038116455 1.5762789249420166 -0.12050923705101013 0.04068593351466954 0.03374211631567125 -0.11503159258920753 -0.16183360515095319 0.1633660497152758 0.13681679806159563 0.014781693806933338 -0.1311884834541843 0.06997530424722256 0.07603910212531684
-0.23117786645889282 1.7081141471862793 0.3067648410797119 0.08288131320361833 0.05214791765890418 -0.11296843219948954 -0.11257925516661071 0.11355051526526153 -0.022745942485342507 -0.10694490438001729 -0.09322684325856294 -0.07284569573316345 0.09229922332024254
-0.07957395166158676 -0.578233540058136 0.30197829008102417 0.11884942436473439 0.11098712873082635 0.158651934959672 0.17961017936896734 0.12382044841940722 0.12563265600234036 0.11277984864863377 -0.12882543118499112 0.12958997363313451 -0.10714972086413797
0.7666236758232117 0.7411350607872009 -0.3545372486114502 0.03479657151436199 0.03474336332219751 -0.11905555137088397 -0.13212600054938073 0.15550629821390471 -0.07328891155643665 0.1419330725147665 -0.14810241241943203 -0.056628768830850856 0.041088584727698024
-0.4145451486110687 0.8101338744163513 0.0007887803949415684 0.08074164194205326 0.05928497255205896 -0.007238206307957767 -0.07603733095363131 0.1416025076568578 -0.08285985569590075 -0.12818470127842826 -0.08863341453838557 0.05375343751289949 -0.13464910825709492
-0.3999159634113312 0.9511322975158691 -0.17008496820926666 0.10816762084335561 0.08740171852935694 -0.034136869727329655 -0.09726270227982978 0.15924366859190942 -0.12584211233575857 -0.06331531988153906 -0.12252337731207996 -0.015644097617459635 -0.04972799075361567
0.13610616326332092 0.09184431284666061 -0.4105667471885681 0.07439142057254164 0.041345381873136265 0.07338416389826341 -0.008694865146468694 0.07789179214316688 -0.08056300503040258 -0.0025528430842403638 -0.09843767628480453 -0.04880212669339437 -0.1158301006035484
-0.7478641271591187 0.5270956158638 0.1050468385219574 0.09291093267611863 0.056909356392473784 -0.0442028804283949 -0.012608540503695115 0.16356473380242084 0.05638967708622361 0.07786431977206903 -0.14772125901758204 0.08111406467311622 -0.07927827871599925
1.8680262565612793 1.2501717805862427 -0.30527830123901367 0.07572032881420093 0.03944653630369878 0.040318866592008784 0.11477123074687134 0.1593107701639901 -0.14107679370416293 0.09680000272548628 -0.12164966577939945 0.15498914082159992 -0.01795881246281919
0.11693530529737473 0.6276596188545227 -0.3432522118091583 0.09215659608817615 0.0724263861097816 -0.10823937813322335 0.0773867537804172 0.10758410538056613 -0.028873051274170503 0.07578834440419646 -0.11165160037087843 -0.08841849248512094 -0.12281288376712517
0.7440816164016724 1.2933459281921387 -0.2119879573583603 0.09656946830506788 0.04836044401110291 0.074334143903875 0.12937265286832444 0.10909262625424866 0.010908322244287533 0.0002957387031425063 -0.14368544915684747 0.04588514017255871 0.008551948607204818
0.6022466421127319 0.9767264723777771 -0.0728328749537468 0.08750767234373846 0.03942180484745128 -0.14436888888824595 -0.09656085882228085 0.1416126109717725 -0.050971711652189555 0.16237449390346798 -0.1750573047125984 -0.10655764587989595 0.15691373089497107
1.9918396472930908 1.178536295890808 -0.08511577546596527 0.0577705558285066 0.03630889510589114 0.03722242119074168 0.12359572551261089 0.10519946694277295 -0.13444251245293565 -0.11900106620772136 -0.07915070888558039 -0.1356047458275114 0.08564250794640738
2.0022778511047363 1.0714850425720215 -0.12124881148338318 0.05552568405768821 0.047671941263539325 0.17598560585173456 0.15096725279094775 0.063949005956335 -0.14840017700961894 -0.08289212677546372 -0.16448702514642882 0.055986215869536726 0.04613316464348327
0.6844556331634521 1.383790373802185 0.03143502399325371 0.07978057181898313 0.05766103687251804 0.15901812230267248 0.09105290711795383 0.17955804754163734 0.14001984613468088 0.1362857140846236 -0.09136300497148626 0.009983996391164096 -0.1202465957405432
-0.28921183943748474 1.222313404083252 -0.11351588368415833 0.10043045430618583 0.06397890334136251 0.012691250564177303 -0.06365800777503818 0.15264847678887225 0.11787967951308875 -0.11425156116344175 -0.11679025876914953 -0.0927010247109872 -0.15535123578685278
0.05352378636598587 1.0748016834259033 0.06437300890684128 0.11382227692293982 0.033289449082329545 0.08805023823163194 -0.12476620865951349 0.1619539173743917 0.1799553998536852 -0.005841610380514145 -0.12513717707435498 0.06907080699004764 -0.1658873103188763
2.1708035469055176 0.5986225008964539 -0.18820680677890778 0.08180774787211156 0.03617221798393498 0.1136910081679754 -0.15094919509926846 0.11185859600776576 -0.14579571575662748 -0.15198195349238697 -0.12968150494586972 -0.16000989567957538 0.09198168704072607
0.7884631156921387 0.14983908832073212 -0.32789361476898193 0.03982760992903647 0.029211529109965433 0.00422372483975883 0.1195815628409333 0.12430661851552435 -0.12476620899884569 0.1534191400292894 -0.040046632843180795 -0.021905947572077172 0.024461025379357043
0.140180766582489 0.04613500088453293 -0.3088775873184204 0.08576021448735627 0.07187013007472184 -0.12750297196786367 -0.050136414880861124 0.1579858972965847 -0.1165038074450202 -0.15135732696388243 -0.1638690337462127 -0.09021968491608912 -0.04939240510467499
0.19241051375865936 0.28595003485679626 -0.3956987261772156 0.06412374696672113 0.03122601598544298 -0.16207657307867418 0.11394251984217652 0.11609095927991975 0.08376966123761553 0.0742469065293106 -0.10035610254013566 -0.1759996575388369 -0.05749239845648907
2.001249313354492 1.6225743293762207 -0.29862985014915466 0.05454471471753726 0.054260498728601336 0.07894299383175302 -0.029111755408099405 0.1287744270631493 0.08341381982851764 -0.05380073734197005 -0.11842536370510294 0.08027206283459809 0.0751361577663699
2.4105024337768555 1.0644360780715942 -0.2697608768939972 0.11669657789131851 0.05351579127519533 -0.07463628273028844 0.13533299669245397 0.15713538253386242 -0.012815656826478505 -0.13480722110900045 -0.11925627397093194 0.14388079421638783 0.12563084072756642
-0.7367323637008667 -0.8396551609039307 0.271365761756897 0.11245070558467632 0.026956061657972968 0.060023829769526305 0.013164884470359212 0.16485516811358253 0.08930883347945051 0.07153845266247899 -0.1248970476575323 -0.17770314468478196 -0.10127488484775299
-0.2784995436668396 1.1853100061416626 0.042819615453481674 0.035880502010294336 0.029757904279142995 -0.0615162324246335 0.100190555122189 0.17401580351520782 -0.16890154576652897 0.043935148594660994 -0.14663837872013333 0.041792472397020775 -0.12179849905787679
-0.04112764075398445 1.1891820430755615 0.08016668260097504 0.11276174039776657 0.07001581755139161 -0.07966968614192006 -0.0678469558248682 0.1733917380890188 0.05147390772983282 0.028997476873039968 -0.15887765590889233 0.020468993171151 -0.09798083291777147
0.7274010181427002 1.0732767581939697 -0.1322583556175232 0.07746415156066795 0.06410366387252582 0.09025152571106021 0.1726344688257222 0.11667725787605901 0.14591762513479428 0.1503393125400388 -0.11781731636609635 -0.09145636543167567 -0.11334141212751807
-0.6515892744064331 1.1292486190795898 -0.17078910768032074 0.08344482756890023 0.04083980155073535 -0.13478364937237144 -0.1369585996795195 0.13352109586212946 0.08342260028690729 -0.048599684127952736 -0.08612237473950961 -0.12235297439737503 0.08592904120482503
0.22036081552505493 0.9171067476272583 -0.08175469934940338 0.07771072213561833 0.021022757065992357 -0.10596813433264055 -0.17650313890167638 0.08842586828386406 -0.11348475770193545 0.1384777651910845 -0.10768798496378093 -0.07921514075619211 -0.10678671231656107
1.70961594581604 1.6763174533843994 -0.3330119550228119 0.1116234087649451 0.044552298228985925 0.06636045288818807 0.026010464298395014 0.13354513758526285 0.14937540435468089 0.03773613701801043 -0.13715169155594695 0.08248626652685637 -0.08652654403387597
-0.7613585591316223 -0.4934147000312805 0.12149348109960556 0.06613938314358496 0.05544244775758199 -0.14609519094984896 -0.06449130391098105 0.07429487461401385 -0.16929817810885217 0.1310615127332303 -0.1017158536159949 0.08356291897724694 -0.05848650251710159
-0.3491280972957611 -0.2539832890033722 0.08683967590332031 0.04249876806626097 0.021112463075208854 0.1705189741541468 -0.14555803035575876 0.07661166669569242 0.11999081645920073 0.07007726999365427 -0.06610654015756105 -0.16644574744678378 -0.012725017668965555
0.6235721111297607 0.14442525804042816 -0.23260453343391418 0.08973049287737853 0.05886608244518801 -0.10242551430271683 0.0644208276831513 0.1228728902283424 -0.014189287702387227 0.0956504190050394 -0.1592437973081228 0.1404571445291768 -0.15048613683832707
-0.6459050178527832 0.8754194378852844 0.06573270261287689 0.038488107610195194 0.02913163804722652 0.03671663287553334 0.16585621263840572 0.06125996234564743 -0.0005529599457572976 0.11310027913854537 -0.14854886977950144 -0.009978354113522686 0.05317740962012954
-0.6162784099578857 1.032613754272461 -0.20446880161762238 0.04469397385229811 0.025301112077423197 -0.06834494418845947 0.04295376946945381 0.07900451161454528 0.09688527296686178 0.15556758161893192 -0.13989644706155693 -0.1567768645034955 0.03749827104581108
1.5352234840393066 1.38248610496521 -0.37241217494010925 0.10989555201997786 0.05986083185657459 0.10803994477974627 -0.04087000827855125 0.14438373834218582 0.03508363243214782 0.1510287495219177 -0.11017038436256706 0.14088960141976492 0.13710444537443234
1.6443991661071777 1.5952366590499878 -0.12347961217164993 0.0775920665272462 0.04828972005399608 0.08764418896574816 0.09943796759274998 0.14105462465426516 -0.05216689751637568 0.16915904685332123 -0.12124287384224805 0.016570226962116213 -0.17983017052410782
0.037793081253767014 0.10601852089166641 -0.2081325799226761 0.05752973555988894 0.04290318330023935 0.1664316189611167 0.10453294663993717 0.16293942433110606 -0.07069981478978134 -0.015325257889423738 -0.15449872868320225 -0.10652041806684318 0.11189126805309518
0.1835511326789856 0.8217055201530457 -0.2705751955509186 0.06500419149937807 0.05119586440080641 -0.13487453873410904 -0.11486214858213188 0.16999488367413168 0.1644010359858895 -0.013552397889886297 -0.14446380973373096 0.005370028427613749 -0.1284948933671809
2.19106388092041 1.6955654621124268 -0.11954353749752045 0.06996735208246649 0.0684806305787739 0.15325164422320564 -0.16387609617771642 0.15175417895120163 0.05907923015749142 0.14614619176970434 -0.09822456405929926 -0.01820361492598732 0.08174478017720199
-0.16863182187080383 1.6644318103790283 0.2911536991596222 0.07042345165391975 0.054491823709423515 -0.0531559789484215 -0.017599496664286673 0.08918553475503282 -0.1324333139079618 -0.04594736749355133 -0.16593110239797826 -0.1404420142064269 0.0615075439038103
-0.03296729922294617 1.2202630043029785 0.08637925237417221 0.055187606324265656 0.02929551852358621 -0.026250332420529404 0.1517627102617201 0.14281970614867948 -0.1295214452251392 0.1666485396249351 -0.0896150960541849 -0.09994210609807619 -0.010682495972136996
0.048864804208278656 1.393296241760254 -0.0714736357331276 0.09891758290024821 0.04309453234825364 -0.013015741443786338 0.09155516352960386 0.1210638072629048 -0.16375834138805856 0.09468400863072263 -0.13837442525398572 0.0708581978392625 -0.16733208848607947
1.6920522451400757 1.7768341302871704 -0.21291033923625946 0.05054603111496146 0.03658535701680253 0.10361845083833676 -0.16898221670046756 0.13572530303800978 -0.12616222306924368 -0.0719867829031916 -0.15843084237430244 -0.015339973438487392 -0.16738754930488992
-0.6418386101722717 1.0577733516693115 0.0080160116776824 0.06360753572717762 0.06133591312066762 -0.03356919619894286 -0.14749961769348052 0.08501202545435217 0.042283921307635974 -0.032473910704187925 -0.13861191688167818 -0.15450593694897463 0.08782495961836917
2.4157984256744385 0.9652947187423706 -0.29818445444107056 0.045782296449402585 0.043817632048945426 -0.11923237579975238 -0.05477947009829065 0.11997311192482031 0.1435744741819996 -0.09429916549179945 -0.11653494069161255 0.007050956748563153 -0.15836863899544795
0.23652975261211395 0.039895977824926376 -0.3680538237094879 0.0999757545898106 0.06764822740459914 -0.0700761077756437 0.13325097429963434 0.11051108106999638 0.15649726750192933 -0.010696832248397237 -0.13881278434141114 0.08012474828715216 0.08952939460229226
-0.06759878247976303 -0.5905949473381042 0.30264154076576233 0.09902943187231836 0.051500793327128674 0.1668889657286437 -0.15924774830247643 0.1699723582795888 0.14718094570721962 -0.03232868677600623 -0.1185992650237293 -0.12811260957183432 0.013921794248517
0.07964614033699036 1.7509158849716187 0.08132630586624146 0.03926251732693728 0.021547582552537657 0.17860242378672742 0.04391587477252115 0.15173773665322204 0.01673785998627461 0.035781742528112365 -0.09962097300743179 0.15422126238750727 -0.07090736340174451
1.241133451461792 0.9674845337867737 -0.1503695547580719 0.09943324127015431 0.04330674312875145 -0.10796979325224962 -0.17464227687974657 0.11224095850796602 -0.15176001073067782 -0.06560765242936743 -0.11040838133270534 0.15479211040250457 0.10035646157501577
0.7039075493812561 -0.03912520781159401 -0.1698574423789978 0.09792624357462514 0.03816436191286181 -0.17642701148410347 -0.09123705344318542 0.1593991094481405 -0.12313101940907309 -0.00983140107255387 -0.17519574223564024 -0.06090844409512425 0.10400004027996057
-0.09942704439163208 -0.5530130863189697 0.2556108832359314 0.09186323158544624 0.05652177091758598 0.09456341017953024 0.04903121357928178 0.15651757624599028 0.146410435799866 0.06733448907082945 -0.17813679083521627 -0.04023969487862311 -0.0922796735688703
1.960044264793396 0.7831932306289673 -0.16692255437374115 0.10451451247312925 0.02868931040319771 0.12381857349961306 -0.17471369067367815 0.13768203087287123 -0.15648667978299213 0.08586643638273478 -0.15005939629366197 -0.0023757925509201028 0.1216268319109245
-0.7354645729064941 0.6398731470108032 0.2744758129119873 0.04047107898568636 0.021426661459661028 0.0359679966908755 -0.13920430668427733 0.05179927149962762 0.16494851501161606 0.04439798464424757 -0.08142080178650604 -0.14730272498140876 0.07717362028976954
-0.18482661247253418 1.3810697793960571 0.019774243235588074 0.03591803637816013 0.034759691176458954 -0.12366021155693485 -0.05774810787547777 0.07333328583412607 -0.02979701638959581 -0.06586061853956442 -0.03809637550285254 -0.03547008133374285 0.04271815084595321
-0.32369765639305115 1.5221905708312988 -0.0202396921813488 0.052647464054364115 0.041730354154068824 0.10789732171252187 0.1328345327783778 0.17343704744995356 0.1386334781465045 0.004572370601914982 -0.06933645173081476 0.15518903306768606 -0.12545551160418747
1.642598271369934 1.955524206161499 -0.12050370126962662 0.08631644293114382 0.07290825778483108 -0.07998823913831439 -0.059626606872126606 0.11132457570848305 -0.13201854358981813 -0.14080688366407673 -0.10437731008149094 0.0015928513072241413 0.03394516638757181
-0.22010408341884613 1.3509528636932373 0.1220446527004242 0.033182835893369005 0.023474981118213598 -0.1432419358184121 -0.04340903008215685 0.03397417517895042 0.1753370963828899 -0.11879786465638893 -0.08640549972672026 -0.12836650718332113 0.0377993725960018
-0.21355748176574707 1.504096269607544 0.2076583355665207 0.11344936513881945 0.053037286034132616 0.04762000758025492 0.155852597063446 0.14356160279122324 0.12138351976814948 -0.1656351832241963 -0.14298382058862452 0.14604662252369616 0.052527039504025125
-0.7543878555297852 0.623556911945343 0.11474108695983887 0.08315375697780583 0.03842025476219639 0.08486970297332092 0.08028166330034031 0.10106907628908247 -0.14839323610681818 -0.13344703003488342 -0.1739701438185238 -0.12496341147599938 0.018574264680767588
1.1601158380508423 1.441031813621521 -0.40852174162864685 0.11702587135059067 0.03236292105174172 0.006836769568163148 -0.172139642565643 0.17810340020738427 0.0845625960256775 0.022527139721462447 -0.17054630346252153 -0.11073062817852052 -0.06866954645741385
1.8476057052612305 1.159698247909546 -0.0880851149559021 0.04346977007812231 0.027970894807612008 -0.17026348209945336 0.07297426268204205 0.0461325252151796 0.045892469984581824 0.05942471209934805 -0.12470293634896287 -0.12830807173676012 0.14961006245416497
1.126744031906128 0.931413471698761 -0.285892516374588 0.08610505400747356 0.04181774687015787 0.09351185649882615 0.059485501346713154 0.11598077583445965 -0.03848942999059696 -0.04227154051135107 -0.10609557801411533 -0.06817739591812104 0.11916761528601211
-0.21384891867637634 0.646068274974823 -0.14011931419372559 0.08946610863813884 0.02152730526883349 0.05147433899894352 -0.07126223300400311 0.10466553544720428 -0.08347482738794189 -0.15336007930599047 -0.14060906543511553 0.07801091193108517 0.06315673262609747
-0.5021451115608215 1.1269458532333374 -0.05728496238589287 0.05374985922170692 0.04529664728300158 0.13610030049385263 0.03999040787590355 0.131124038638821 0.07136356770222912 0.08590774524523231 -0.17594951359482772 -0.1289878600445103 0.10141115768661729
1.0036885738372803 1.3821896314620972 -0.22225545346736908 0.10713692659058681 0.0642606988077754 0.09317082330423448 0.05195158741913464 0.1259453637242979 0.05752521329297225 0.08842864175696136 -0.10879434636969991 -0.1365275298721954 0.10586668133683236
1.4377647638320923 1.1917288303375244 -0.4270092248916626 0.07604116918821063 0.0600432889071857 0.05388982036203502 0.17104409488415734 0.0971889984244973 0.08848990298484766 0.012145841684371939 -0.117197014127535 -0.15187812260400457 0.11114091555529454
1.9510703086853027 0.7501556873321533 -0.24614715576171875 0.0646606636148241 0.0640734774978638 0.02278761358207143 0.16889195184529887 0.09360936077705104 0.1177155073520495 -0.010095398178532528 -0.1493050518507329 -0.15815614458595997 0.01383063037020818
1.0963478088378906 0.9802623391151428 -0.15807794034481049 0.04661631885790126 0.04450356281092495 0.05680965289652068 -0.015640413185013052 0.11922052418532247 0.12698328308326384 -0.03584016447157379 -0.08085047180158311 -0.022425303712601208 0.0955967701967263
-0.7472917437553406 -0.8897911310195923 0.17911487817764282 0.04273417611364437 0.030419948838881626 -0.10907854378654247 -0.04063652363447781 0.10012878104851819 0.12254294962789752 -0.10782750654737636 -0.06971916197514513 -0.013072051286080327 0.15630128004835087
-0.10519178956747055 0.5258297324180603 -0.4273548722267151 0.07830692261568745 0.07153232309483933 -0.015750339972859295 -0.014502327379160435 0.1568043522223734 0.06455700488862462 0.09567672252842313 -0.17388006706306047 -0.052037896661286 -0.13044043305187553
2.059817314147949 1.6297780275344849 -0.05128980055451393 0.0786926563254096 0.020968096619079283 0.16123102800451372 0.05068023627110968 0.09098229882723183 -0.16937642801935765 0.0014795335253659503 -0.15202559419991762 -0.041152384371071354 0.13950712372103286
1.928867220878601 1.9650142192840576 -0.15523962676525116 0.07673548840071276 0.07016954785317558 -0.009623261296346858 0.07681063334564575 0.13264499849695385 0.12744970387603627 -0.023211326159791906 -0.1596623290061886 0.17392284839492017 0.07474323934624816
0.21680307388305664 0.11797267943620682 -0.44769716262817383 0.0998461356939433 0.0858637208737761 0.06394729586187342 0.01294213583101328 0.17743204217434544 -0.125810213807063 -0.07992725588172037 -0.10440115704819156 -0.1637630752250998 -0.05668879128860027
-0.7041642665863037 1.3189955949783325 -0.0581771656870842 0.09749230798040691 0.08935307159562059 0.10093604665382278 -0.09353192480046324 0.10136073154282423 0.005325159999672313 0.11595154129876561 -0.11756404020608233 -0.0738341544369245 0.1703453643899625
0.44202348589897156 0.5250200033187866 -0.25508201122283936 0.09123021854821356 0.05936632423854364 -0.04158474739774215 -0.1774577936412408 0.15271461271903067 -0.09468205132643656 0.13100061452125766 -0.1607531887752836 -0.08959345104299145 -0.11609693077018614
1.7418959140777588 1.8556396961212158 -0.2517956495285034 0.06922293061386012 0.06274083097689923 0.14140512800772803 0.027338377555369636 0.11644904496721503 -0.16596468890987398 -0.14385457282817876 -0.1519245219433749 0.16357479804565372 -0.04491436068742849
1.7974961996078491 0.8242067694664001 -0.2875225841999054 0.04866696325570839 0.0482193870577294 0.0583497587096915 0.07634232333976643 0.1442710318793405 0.09034502404740202 0.1500714183940689 -0.061857650353516 0.026185611667290304 -0.002967446998880935
-0.2504499554634094 1.3985258340835571 0.19677941501140594 0.04028389353559395 0.022584738725768137 0.12325589088831024 -0.1752372739395228 0.10883869613737523 -0.05355950529970668 0.07960946814971925 -0.0939533241088253 -0.03551216080030803 0.09536820338349461
0.02600938454270363 -0.4265194833278656 0.22617867588996887 0.06113215537324138 0.023493816889149578 0.15532675247883737 -0.1669952190207896 0.06935062531881858 -0.16574369965677216 0.11446847489382062 -0.09093889306026835 -0.16045580074299565 -0.1750212928206408
1.239837884902954 1.0808299779891968 -0.3632824718952179 0.09006106574862802 0.023481912545494036 -0.1403851827681691 -0.1618800037067459 0.1531888401718004 -0.04287985155407639 -0.038500190927227534 -0.1160601749245958 0.11846293322022527 -0.1334279550811862
-0.5133996605873108 -0.5664341449737549 0.31003275513648987 0.047010535139071774 0.02537296708613929 -0.10536805153608811 0.016756757529314964 0.17659726265522432 -0.16554601206959038 0.11825959945703929 -0.14500996935032487 -0.015063489215754983 0.03871833767200436
0.10203101485967636 0.47946569323539734 -0.3547479510307312 0.07201035943676681 0.028390683236168522 0.023329949801084326 0.0985605817227499 0.10129655582660747 0.06255436073674975 -0.1637632560671481 -0.17826098534653062 0.17299760846668866 -0.10273923953165107
-0.442105770111084 1.0954399108886719 -0.04953029751777649 0.09747024559437362 0.06146656981750563 0.11940233780922138 -0.007821167345651414 0.16091078911393905 0.1766242769708813 -0.07262343849012867 -0.1257621001415072 -0.14367436413176068 -0.12572720873937226
0.0002435142087051645 1.4728007316589355 0.05110795050859451 0.07703859039893357 0.05987466964525408 0.026947169762428863 -0.05678320823825257 0.13406127168713672 0.10527007045128561 -0.021236917687608742 -0.1302419361823767 -0.05125516579590578 -0.044058558415472765
2.001347541809082 0.7243626117706299 -0.3951984941959381 0.10726047881852958 0.0894943380093402 0.14761807892713902 0.16385843282140322 0.11329618394702343 0.011552507646766796 -0.1169508435794121 -0.15184996675717677 0.14099368171377913 0.00292517125776412
1.4661791324615479 1.2059667110443115 -0.26306411623954773 0.0380109776194852 0.02695043412571433 -0.07982234720636348 -0.17319016368856185 0.15276857692618706 0.11714704684452842 -0.002645678021014758 -0.15255798175544105 0.07716997331357311 0.05666485117235667
-0.3002760708332062 1.4937560558319092 0.18172821402549744 0.045938616614166664 0.025125642118356783 0.032860557782583844 0.09534725394744842 0.07900512478842872 -0.14428151695852923 0.13790223997788065 -0.07204330692657324 -0.1212113259846368 -0.07143338311563592
1.6375473737716675 1.3549401760101318 -0.264875203371048 0.05085127474716158 0.02347056954803655 -0.09163416633035323 -0.11954392129343731 0.12332640047043023 0.03079036401281185 -0.0705521030473659 -0.13178890877073032 0.06917482198406702 0.09890072641385511
-0.08201233297586441 0.46456262469291687 -0.19228196144104004 0.06290523669555505 0.05669130299134917 0.017083944778358146 0.15797847451939911 0.11417778041001324 -0.07382889288275937 0.12600992372486336 -0.1364866164468111 -0.04000892812312781 -0.11858830686797331
1.4041327238082886 1.1932510137557983 -0.37538355588912964 0.06071219282578069 0.02855253460186974 -0.16407359736792054 0.040832077562564295 0.0859660492134112 0.07150813256583849 -0.04925522738790761 -0.1485422419943888 -0.004657604808225746 0.07849326554129432
-0.03918178379535675 0.8814474940299988 -0.0869600772857666 0.0352647585213138 0.02434772089427427 -0.17254491254383625 -0.013471648678974463 0.15145045777988086 0.05301831206099661 0.09268519905884959 -0.047038967432294375 -0.09887531016886637 0.13320667829118293
0.2744075059890747 1.2534364461898804 0.09656450897455215 0.057707362179406106 0.051659602476801264 0.13284179445779337 0.17229951275805305 0.07874509810427197 0.03309122466238526 0.001257914005465266 -0.0577354855183062 -0.1338888129151769 0.0018869403513419314
-0.20297658443450928 0.7083132266998291 -0.3743922710418701 0.05502338600129113 0.04045393051055596 0.144467286803464 -0.05774145648662528 0.1260624368676506 0.12937586253733607 0.04497804814793019 -0.09898805162950412 0.16006403130858354 0.006222766365879179
0.20385895669460297 1.3166093826293945 0.13266125321388245 0.06959516392196219 0.0530150726363838 0.11704374983596522 -0.15847419782565708 0.08015705987734759 -0.16886735463345023 -0.16135926200428832 -0.12749590587937348 -0.03018044548310747 -0.04656859071408667
0.6931541562080383 0.8183270692825317 -0.07640179246664047 0.10045407743787527 0.06020130179413245 -0.10707972520483935 0.035608376468778985 0.12613305136135394 -0.011937588636582508 -0.11912201020913407 -0.14427486077210078 0.11923291877205572 -0.1620189541875184
1.2307908535003662 0.9613417983055115 -0.22648201882839203 0.04170248174420331 0.040619869876568654 -0.08182526388768402 -0.011022862845401077 0.07286767486255642 -0.1684925484454274 -0.08912022932166376 -0.15676034311308698 0.026139139041897463 0.02515030239392524
-0.5741322636604309 -0.7578946948051453 0.16945518553256989 0.10116232469495186 0.09836017173766554 -0.125837151734293 -0.07896577338608637 0.15061192004707608 0.17945913840266475 -0.17653967210008725 -0.17864276098624474 -0.14033925547114134 -0.013790070530966814
-0.39974719285964966 0.0912020280957222 0.05312404781579971 0.042275847304159724 0.038374062275476045 0.16527111526402904 0.12324016943978183 0.17900050875379764 0.10013273445874171 -0.1352582309669137 -0.11884552680604601 0.04170617216320946 0.14865827490335787
0.9340397119522095 -0.21052029728889465 -0.23994894325733185 0.0459232779869586 0.021132595372065303 -0.16249527978153933 -0.08269963484521585 0.12286618381130972 0.16440117000045396 -0.17400034894382665 -0.09964656813624657 -0.005104494213615168 -0.050206571869966715
2.0879650115966797 1.082933783531189 -0.29707807302474976 0.11902798347152715 0.08358956074228979 -0.01923567413024327 -0.014386699464422031 0.15554652833605995 0.15719706247077375 0.005341285564709253 -0.13928305345802505 0.0566097568399376 -0.1359084363190699
0.5442494750022888 0.9378740191459656 -0.11456965655088425 0.06584389905295066 0.05590949130649746 -0.16492328809488294 -0.17952199706594898 0.08848043412755754 0.14097579616872186 0.07352228288278645 -0.11457963665637513 -0.13115499804606046 0.1415880234085935
1.6482369899749756 1.093711495399475 -0.2885497808456421 0.08932169861382538 0.06419103513237881 -0.12749816590664156 0.0747111004124405 0.1677335918032615 0.10487675602897639 0.13014215498762144 -0.1324300541171308 -0.0673110892524952 0.08063925260719329
-0.4493327736854553 1.4089821577072144 0.1318313628435135 0.07375454330781353 0.050811974757702584 -0.07219505504139762 0.07545759527558876 0.14285816258983824 -0.053452718419797096 -0.006548706752808331 -0.11187251903772927 -0.0573551490185563 0.14359888008676014
1.687156319618225 0.9382528066635132 -0.40618059039115906 0.10686667412838871 0.09378235573369284 -0.027118815982430072 0.14740803509587408 0.11102784498385493 0.013668956911509711 0.10233736936544291 -0.1294208435732691 0.14077626873047 -0.12577119537991868
-0.8132678270339966 -0.7163702249526978 0.21618854999542236 0.03775759698006207 0.025437060621712172 -0.17427490295978199 -0.15477297572899332 0.09608697099033622 0.06077109002633574 -0.03945941287471261 -0.16570202555045022 0.09869881433896138 0.13424003806881135
1.85116708278656 0.929984986782074 -0.3213820159435272 0.09807874061021563 0.08794993826781586 -0.09280625462472922 0.1029701518626816 0.1599873146724024 0.15215250123263563 -0.11204053651981888 -0.1418697908924399 -0.17069803053699242 -0.030240125346331054
-0.0691438838839531 1.12568199634552 -0.15242891013622284 0.10618841281967144 0.04158293292670607 -0.17653779870956937 0.07101994280969093 0.13119996693339855 0.1449110245823162 0.10750675672966492 -0.15934798028981176 -0.0006217460042281797 -0.015048628526237035
0.10366389900445938 1.3623906373977661 0.015419148840010166 0.07717475050937853 0.041484757322398445 0.09589626099649384 -0.06863935481428982 0.1625127770851948 0.021661650147790257 -0.006013788447420065 -0.12233200281848464 0.0403358200057245 0.15848009327156165
0.5851454734802246 0.4426596462726593 -0.32360967993736267 0.10107456262040375 0.03844631504136812 -0.1620363690728303 0.0985095853277208 0.11911870845839598 -0.1486277510094496 -0.012460315145464085 -0.10448209720777034 0.17090761260643866 -0.11870015186589898
0.9305750131607056 1.0942124128341675 -0.3528175354003906 0.11959161254740419 0.09138073654667303 -0.03497361306644242 0.01104308381326477 0.16452351987502217 -0.03021282581337456 0.04814838220289966 -0.16015513047570673 -0.08986290179379125 0.16593671748582411
-0.44688135385513306 1.5412882566452026 0.04201260954141617 0.10111728230099522 0.032649544567921886 -0.01712014322271782 -0.0633708512742351 0.10944585426499277 -0.08307215834932306 0.12032281554862817 -0.1576087987571741 -0.10044274812888374 -0.15039787325599477
0.7586460113525391 0.5938497185707092 -0.28226107358932495 0.09595713452106866 0.0819712847155902 0.1280786030672011 -0.04884446405611792 0.12371670416787857 -0.1480207470370266 -0.10208812062604848 -0.11548798480393896 -0.15860191559818368 0.0736060281907171
1.0773178339004517 0.8892830014228821 -0.23730823397636414 0.034196354808027046 0.023262540160445353 -0.0036560385380972893 -0.010582877973768001 0.041643457899419443 0.15833662980801227 0.1750569965264222 -0.1635820348001371 0.09775521740441162 -0.11040300791918328
-0.6998380422592163 0.6761520504951477 0.15898779034614563 0.09589395140079351 0.030261651094377385 0.1727780282676013 0.1591117292933132 0.14504080147397472 0.12826580102984325 -0.07382747738916008 -0.1324756728112644 -0.116863282023243 -0.08444477554326657
1.9959716796875 1.066889762878418 -0.17041434347629547 0.039763395481683075 0.03151711878948392 -0.0032449660784326095 -0.06041904067070869 0.05830452052912338 -0.16073794895236074 -0.15814652888965677 -0.0564645494875977 0.10317389964076151 -0.15634815203205432
-0.5450683236122131 1.3830897808074951 0.19717702269554138 0.08345381885571333 0.04572103919964263 -0.014222042032655369 -0.03111815498704054 0.08586978921481152 0.10871167845528035 -0.023443776917034892 -0.13257446360818453 0.001993440364957161 0.011311790397191268
-0.7402447462081909 -0.5781177878379822 0.30006372928619385 0.09149429876018608 0.04817366165829407 0.07593727876568318 0.08391757792324311 0.11674139932521654 -0.0783130800988689 -0.15352613975200474 -0.11445962274696699 0.10295747566019048 -0.10039480281178391
1.93125581741333 1.5003831386566162 -0.16702833771705627 0.09057672369358812 0.07274431338544096 -0.008367757516641483 -0.17765752246187874 0.11677987948701032 -0.12493519221985364 -0.0821283934136811 -0.16877379170086843 -0.14717847728447975 -0.040001523191999955
1.6375585794448853 1.3426371812820435 -0.16860876977443695 0.05178901319937668 0.02997921734779701 -0.09435376863577133 0.17591801532318757 0.09275403713440436 -0.001871126833015907 0.04517682787814459 -0.16363067752670526 0.08885409476537026 0.15838339502184368
-0.028803754597902298 1.7931946516036987 0.3022737503051758 0.10213405596427184 0.06430592118558044 -0.14494650286446967 -0.16289543628004838 0.13741926057318457 -0.14464162199350547 0.05626186051739826 -0.17390179484086798 0.1296230948075181 -0.08647018296783618
0.3750060200691223 1.4422099590301514 -0.03123312070965767 0.06547527721482896 0.02837362837074811 -0.14048731843465453 -0.06488682117811952 0.16027313684634154 0.06764992094851843 -0.1564805338609649 -0.15796421177429276 0.17934631013833408 -0.11706725071181157
0.6640196442604065 1.0942738056182861 -0.22796300053596497 0.04080740985358639 0.03422708327327992 0.03632887385611258 -0.05883613790940305 0.16514154884470447 -0.16906735990812266 0.07448843485326978 -0.11379196635331687 -0.013249435278761296 0.11862775436883755
0.3226586878299713 0.08453458547592163 -0.3058328628540039 0.09063487867442638 0.05852772738685469 -0.16399087416756963 0.02488784278458217 0.13526050162375328 -0.17088360507583272 -0.16140829173018775 -0.17944994571111805 0.011127754624435965 0.12388874913721709
1.390238881111145 1.4549578428268433 -0.39057379961013794 0.05803128222149369 0.03338562853689164 0.12236892666462701 -0.07298707585305045 0.16597669172630902 0.1418913837803799 -0.07610034628192504 -0.09615228094095452 -0.11739182360488015 0.09864928856616806
0.5986581444740295 0.24777068197727203 -0.18748648464679718 0.0808426126669689 0.07777143383183925 0.12075715454737879 0.1544479195954549 0.14539961410022778 0.01516683844144806 -0.11049543047402208 -0.11777340231344609 0.1275825648879716 0.0517469372013894
1.4463444948196411 1.1745549440383911 -0.4183526933193207 0.10769228881137403 0.06638293080547854 0.013537223082108168 0.1400306385307184 0.17199202816665385 0.16846829406701275 0.17188385832679431 -0.11077272650825157 -0.017364414765757702 0.01707108097854121
2.0202231407165527 0.9818853139877319 -0.2050831913948059 0.08396540465538027 0.06340811205083012 -0.08560814601366044 -0.03889674713680491 0.14582543660759256 0.10756663099337782 0.12481117624759891 -0.1494712522603565 0.07721971162855723 0.0031155107467324417
0.8761277198791504 1.491195559501648 -0.17902040481567383 0.10001382428651445 0.0752151872299727 0.021539432902674682 -0.12162827953399061 0.1546319627572059 0.15638296724924494 0.08913919338743204 -0.12104872826544814 -0.17657771870511066 -0.03572070011039624
1.9610189199447632 1.4503048658370972 -0.1524786502122879 0.07705909842482012 0.07072205395041851 0.021369023483877037 -0.08356308640617265 0.17960375197781914 -0.04475380230140874 -0.14986583512242435 -0.08979374442876861 -0.0015504906781282635 -0.11381885880514252
0.07139857113361359 1.4972381591796875 0.09239985048770905 0.0877256160394726 0.061943147260266965 -0.047329574144538034 0.07359023464524977 0.11729972320827292 0.019516475400617656 0.1659906742693809 -0.12979801739867536 0.07797960070142379 -0.17503087882413415
-0.4439168870449066 0.03549967333674431 0.11591137200593948 0.11452187691500115 0.022057661830506933 0.15015347205417567 -0.0314166645638691 0.16165130551128207 0.12318177471395836 -0.06282771227658715 -0.16124005898083232 0.008773151679317026 0.10820292698622869
0.4090938866138458 0.5152863264083862 -0.18885844945907593 0.0844936583443042 0.04199554415901109 -0.16066447294265326 0.10813928002178674 0.10955063540614794 -0.16956988586190472 -0.02086890363424737 -0.15924632330839117 0.05654566037962988 -0.11287448657722128
0.27529188990592957 0.6267122626304626 -0.14749231934547424 0.11001258573791574 0.028841505228065088 -0.002032411328577788 -0.015621618218789657 0.16423036653487927 -0.05404171728747209 0.10195144568500236 -0.11213009173346261 -0.12345027939703093 0.1519519835039067
0.6073067784309387 0.38758447766304016 -0.23778341710567474 0.055962149577742704 0.0355789174207156 0.14485896025535944 -0.1756941319177466 0.08796063739707474 -0.10212908597405115 0.10462980432290664 -0.06475577506395193 0.028565987348932564 0.1379399903701572
1.7052510976791382 1.402843713760376 -0.2939862012863159 0.11649023020622835 0.03237635641180612 0.12678761953507345 -0.15271607427527184 0.1410959592154888 0.006636259484810225 -0.021968072898010532 -0.11854596154278096 -0.039020823296722434 0.17970561923463785
-0.18556684255599976 -0.33234071731567383 -0.013489233329892159 0.1163822192343431 0.05716060054583538 -0.07792198769991342 0.046550399524667635 0.11987201822157983 0.0780408024534176 0.06663187155868705 -0.13800685278867547 -0.06839594370267284 0.1580979024193218
-0.2910999655723572 -0.7181186676025391 0.24520999193191528 0.06721027984372069 0.0573098764226926 -0.06985848749428968 0.17595354872176694 0.10258962106339856 -0.1496722414771709 -0.042847372270375494 -0.07699130592923052 0.011607941107362019 0.16801404858991958
1.3309264183044434 1.1906704902648926 -0.30930525064468384 0.10013496294514168 0.044234868080403555 0.1216439437485326 -0.05160662637330948 0.15228888654954584 0.06915306452917241 -0.054109600316593204 -0.1240306846895061 0.10835745062372443 0.03766447116831381
-0.8211041688919067 -0.6992645859718323 0.2086276113986969 0.05404876515309727 0.029833484524364587 -0.0344245075854997 0.116441746800229 0.1066292392417551 -0.14630464532914375 0.15014893232034382 -0.0898754831746243 0.16986663075471636 -0.10986877323102315
0.0145045081153512 1.5493266582489014 0.21739210188388824 0.09392356469306332 0.04910845985035911 -0.17812400644822138 0.054733402997187625 0.13414872398967329 -0.0698990479138977 -0.10161918691299678 -0.1132295606145006 0.029789697142631605 0.1346890422409892
0.8693201541900635 1.2378298044204712 -0.318807452917099 0.04003533541258739 0.03865650164824345 0.04233573963372164 0.02948868276914915 0.1225641472397419 0.025426511727429324 0.16870790958191473 -0.1068450016736732 -0.14091056304155652 0.10586417758627448
0.7439146637916565 0.819023609161377 -0.3145575523376465 0.07067311356471964 0.027691277190042194 0.1471199979582583 0.107021507795525 0.07755462947911157 0.08519731815788845 0.11041499551124667 -0.14391025571663768 -0.03137559843902457 -0.0643890050840063
1.0450646877288818 1.440618634223938 -0.12190356850624084 0.0503669749779381 0.03658271026998647 0.05454874350158123 0.036058836516110554 0.0890667643736657 0.07610899823009465 0.15871422802623703 -0.15051510140483285 0.12171502168009735 0.08690497845865308
0.8083889484405518 -0.11833734810352325 -0.3054679334163666 0.039988060943256146 0.03586167389251533 -0.03232199975707273 0.13365966612610414 0.11408889405905127 0.07002349399094127 -0.13540848367206187 -0.08411234042145192 0.10386395567984624 0.041432280796027066
2.2816543579101562 1.2491393089294434 -0.32039496302604675 0.05878791146656746 0.039648875568793526 -0.17364305114835443 -0.045784991404022424 0.12417780264644565 0.11784887025843227 0.03368864194745794 -0.08201142072524098 0.10723700786963247 0.10450042241190766
-0.39383694529533386 1.3567203283309937 0.11862778663635254 0.07445712636186477 0.03465287844941878 -0.13378939306284743 0.16778051636076996 0.1640812450110326 0.1733471632762475 -0.14031679022801424 -0.10716085602984149 -0.1316833203929436 -0.10557236899492839
1.681125283241272 1.91755211353302 -0.16886892914772034 0.11900233629966823 0.020844549182224507 0.13253734069173218 0.12792091532673233 0.13818061642119783 0.0189165828410843 0.12402607652305503 -0.13195307960999825 0.138199100134897 -0.11799441516347302
1.6604735851287842 0.8326747417449951 -0.1983383446931839 0.09370090748692436 0.0569809799676165 0.0909091840510114 0.09609162813135363 0.1034540840741554 -0.1619506199706246 -0.169507955185865 -0.17269534353847563 0.028776671020430883 -0.12148082807460872
0.7238892316818237 0.9638205170631409 -0.21686162054538727 0.08028479053822701 0.025223985128190976 -0.1779646173054595 0.0005832095762960121 0.17827124175495404 0.06891665991976803 -0.003597118568924751 -0.09019051153481165 -0.010536989554002424 0.09938608333910226
0.18179923295974731 0.6136921644210815 -0.29640087485313416 0.0959959775697766 0.09533212148637697 -0.1697021394052257 -0.14273941052618241 0.16207203783145133 0.17026595436167813 -0.09514524352207927 -0.13570359572840626 0.17920116109635492 0.15891107106301822
1.9649513959884644 1.1365734338760376 -0.31934237480163574 0.08319345914543827 0.03365960198134092 -0.013375565116771349 -0.16376723130421578 0.09766924748472937 -0.17967672072727756 -0.027523645807106006 -0.178507775051705 -0.09784565743120735 -0.051404560251873205
0.758829653263092 -0.02306840941309929 -0.3237443268299103 0.06830354106342729 0.04425102185306462 0.11911162391993263 0.1497153973069527 0.10167249972339745 0.07535124647441938 -0.012119102136711385 -0.17692014476675957 0.12283232501321723 -0.10496879999845889
-0.46417805552482605 0.31537771224975586 -0.028456905856728554 0.1030514531443843 0.032592204784517194 -0.1448074206474711 0.12645372753586753 0.11509482923140558 -0.04789371294740824 -0.11183785237649156 -0.10403359470558017 -0.14897607442829863 -0.15239263247651208
-0.5784165263175964 -0.1537904143333435 0.32162585854530334 0.05927664528977547 0.02090283222271215 0.05931384728563541 0.17056102031014303 0.17590847799403853 0.1793246075190011 0.0786595991977484 -0.1596330015433336 -0.17042660932864004 -0.04138555024536006
1.7745388746261597 1.1088933944702148 -0.2488369345664978 0.05614720459486852 0.03191917383223995 -0.13468892650108033 -0.030847061111485802 0.07486625215522777 -0.05764352013568401 0.1367565570849818 -0.13019524413286404 -0.07768782644241225 -0.058604923209088694
-0.6451030373573303 -0.3638943135738373 0.201333686709404 0.05260310448224854 0.04651935248893889 -0.018391502788696723 0.08767797468369026 0.16465804504015594 0.11470002352791558 -0.058222986330839374 -0.062454013987001504 -0.08350626439632106 0.08947207068744017
-0.026862770318984985 0.8317145705223083 -0.02754044160246849 0.11328356802563302 0.08949952339904592 -0.05265182879667224 -0.11953256308398683 0.14826847286334416 0.10974901672748494 0.15694568349730625 -0.1228356830317902 -0.17488651806430772 0.019784181711914317
0.5631983280181885 1.506509780883789 0.06925974786281586 0.06109733789015668 0.05821905601388179 0.15068691146023538 -0.04670404163643632 0.09920439887435742 -0.02029149722345222 0.15125718292877482 -0.09744985914748058 -0.03577586801545582 -0.02637376811834241
0.41171932220458984 1.151472806930542 0.1015348806977272 0.03693512591002031 0.03116404763199849 0.10446222552101003 -0.1304042753306045 0.06089177937255923 0.054317823153251815 -0.03386901300490697 -0.15413993704688786 -0.020153757610753303 0.017792610204811488
-0.3909453749656677 0.09310222417116165 0.017480984330177307 0.07336151034442111 0.03335469730231329 -0.019959345672595996 0.06885659480860781 0.12905195793170948 -0.08550471858971596 0.057886440185482335 -0.16328417279580265 -0.17378961673980586 0.13183330065457077
1.7272802591323853 0.7131685018539429 -0.2786582112312317 0.07329990843805165 0.03848777548972556 0.06439284565418182 -0.04969762206143846 0.09484958806462757 -0.01810294483144484 0.013141874814844967 -0.15335569374958533 -0.14750321643812908 0.03373108873160638
0.38580331206321716 0.15134422481060028 -0.20205458998680115 0.03966631515761371 0.02686345561991592 -0.10300500089677479 0.06284277114553052 0.11107095354867892 0.0879338699681344 0.0375972389767259 -0.12601341099077784 0.16680458413472704 -0.10292355188284279
-0.00693475641310215 1.3099620342254639 0.0677238181233406 0.10026751757426654 0.09822969781893214 -0.15908868441930551 0.02208819329945655 0.1743711303017948 0.07174921815627383 0.01816335982023229 -0.1573082776362677 0.03223447039810809 0.1028679516157493
-0.4311469793319702 -0.49076902866363525 0.19950589537620544 0.03976655244864298 0.02210038966773126 0.08008498616766013 -0.05047182918208462 0.07781462021050678 0.1297551577074666 -0.05728728973774895 -0.097471348981162 -0.15326395953905264 0.1317512393157642
-0.06299152225255966 1.0877265930175781 -0.13004931807518005 0.10345763320419193 0.10060723753583398 -0.05779250864242537 -0.1177096121371782 0.1362865225107368 0.09754164744075544 0.14766967323052121 -0.12356515351126895 0.0791623078629285 -0.058206278599950215
2.03377366065979 0.8940838575363159 -0.22372442483901978 0.04714090697915719 0.0425341237887682 0.0457129439780771 0.056557796288709106 0.07480326685440533 0.0798924655343059 -0.16199334555945985 -0.04870538086985608 -0.10718335314202455 -0.1606018694727761
-0.6018353700637817 -0.45021241903305054 0.2990911304950714 0.040407025999920715 0.02278740461287872 0.1601431777380914 0.15762449051878863 0.14750152776936598 -0.09279530496728962 0.0691010164946455 -0.08059212551075881 -0.08856106405758915 0.09525600099259252
1.3068708181381226 1.0885841846466064 -0.3962152600288391 0.05131888425394031 0.03593421326179963 0.1331186654474879 -0.11010186040027062 0.12437829764455541 -0.17226495914961582 0.07731901966238974 -0.1392947673578941 -0.12792184005840154 -0.01883929237063542
2.257963180541992 1.0728956460952759 -0.17777639627456665 0.08225609533915365 0.046190176452932365 0.028673555123203437 0.04072361076031075 0.1422835256932956 0.08398395187674251 0.10555716811817356 -0.1794381022223998 0.03765325658514371 -0.1071994658861077
0.16943359375 1.2536814212799072 -0.0030393332708626986 0.11845168233018467 0.1050555059436428 -0.16493149350761593 0.11851870087574001 0.16005210961678085 0.05915949827464129 -0.04003958894954937 -0.17560278814963956 -0.12263632613493519 0.06982801317568851
2.3004212379455566 1.3496547937393188 -0.30468809604644775 0.07907279657911057 0.05536955478639584 -0.03327218335967594 0.1735027259403097 0.17628317384697745 -0.10997669251247122 -0.07946923792688454 -0.15644376629926715 -0.010660527985871165 -0.1371648399772276
-0.290873259305954 -0.6572564244270325 0.12646961212158203 0.10779712785180103 0.09511127866802592 -0.12334290446800586 -0.05082270407631442 0.12962210523465453 0.1370019094891083 -0.014475370685487876 -0.14327280494888264 0.15450286414158976 0.015138888445952459
-0.057100336998701096 0.7215078473091125 -0.2357165664434433 0.08563897632317419 0.03966999801567611 -0.10216080292188458 0.08388549332331441 0.1624140363086729 -0.03904735829453518 0.06151666313738685 -0.17836054330104228 0.13461786377434576 0.1039533162409399
1.8350056409835815 1.711751103401184 -0.15074019134044647 0.11966091003371221 0.0874345251038733 -0.01098431641259659 0.14954638167626977 0.1778315665328022 0.008241113714166193 -0.01309939868310478 -0.1315103564465404 -0.06818872685828044 0.13935818421895885
2.0506958961486816 0.7724460363388062 -0.3710263967514038 0.10765435160610057 0.040595052808742454 0.12927060765226434 0.025997810894062473 0.1554924941827815 0.008293359632830954 -0.17646188851613587 -0.16296160826324177 -0.04639282953321178 0.009796113544630197
1.1236705780029297 0.9970183372497559 -0.33511868119239807 0.10685433746797993 0.04444201504245525 0.10005925566221469 -0.056485273236915115 0.11469205069231957 0.14997538731124888 -0.14329924942980538 -0.1669141948390572 -0.02253656787451261 0.03980920806121227
0.4079141616821289 1.3934060335159302 0.14407534897327423 0.10330082613459911 0.06307421188717255 0.13126014493610888 -0.1526652154367723 0.14566950624511438 -0.11278996207974716 0.033073763022055086 -0.1688405759074688 0.0985942697875426 -0.12605664625735752
-0.18651960790157318 -0.30732420086860657 0.18028302490711212 0.040930204989581005 0.02588818933411707 0.16404421573209133 0.02398101309474357 0.04878755486264104 0.07396651596640896 0.09009336253146172 -0.17123301452673229 0.0005824507593309158 0.022274017292396003
0.8481329679489136 -0.11173999309539795 -0.20117591321468353 0.09987776865082375 0.08735146596080684 0.07083646067621563 -0.15525991236565018 0.155604408231467 0.03760276300329629 0.16409809752780802 -0.16416063120412341 0.07089024823586143 -0.046154121533263565
1.2254832983016968 1.0578547716140747 -0.20471064746379852 0.08578597213939099 0.08526353957485706 0.13903373888280673 0.03815054358636144 0.12145912114454106 0.03683320255414052 -0.097751815068684 -0.11038048783742402 0.09427575825602041 -0.02062004825535499
1.4132137298583984 1.3762199878692627 -0.15869146585464478 0.11773114460608437 0.08609692591036135 0.1438453008679242 0.027540270230263342 0.1448422456731025 -0.04909592973691099 0.13126888987365898 -0.13279088893517943 0.08810304536597552 0.1240335941111671
0.2086162567138672 0.3740156292915344 -0.15861058235168457 0.06706148871847999 0.03185727276319045 0.01116167921800626 -0.172665495705684 0.1628575034184675 -0.04960398717721942 0.007161142199263448 -0.1553424841240631 0.004970854521782253 -0.12928180187220042
-0.7362553477287292 0.8130192756652832 0.14940275251865387 0.08333813098998681 0.08224824760694885 -0.1363568395083241 -0.13437595850271594 0.14243832553861924 0.0437638079911534 -0.17594441557077056 -0.1763705482543974 0.15942936776693117 -0.0073653385029036345
-0.020347731187939644 0.9208219051361084 -0.02852281928062439 0.09239414589416195 0.04446670504646315 -0.14505569414673988 0.10601785433577887 0.13046597977802532 0.030841570602967883 -0.14969840141943877 -0.17239737501811445 -0.04556153746406702 -0.11990010915785479
0.5130270719528198 1.0106616020202637 -0.0394165925681591 0.10034707245427107 0.04699260903986492 0.14117425377677056 0.07857635175582706 0.14372754800857532 0.004880922619594108 0.1000332415362723 -0.1338551560913463 -0.1712327320169625 -0.16866064621882318
-0.6469844579696655 0.10309551656246185 0.15771430730819702 0.08608136869729122 0.05331294543847147 0.01767441847986803 0.11231606126195465 0.11837389411702973 0.04213345967225082 -0.10827476803973994 -0.10845999152300456 0.1783492748538768 -0.16456903960793906
0.5868094563484192 1.287790060043335 -0.1501103639602661 0.08168891879991522 0.033750357167212065 0.13028056601586824 -0.07082412887340027 0.1446759633418161 -0.014484741367784965 -0.10243636944283849 -0.1525814803301775 0.020656305690094467 0.16807528300217983
0.2099807858467102 1.3097909688949585 -0.09803054481744766 0.0986235504029286 0.09768027281001603 -0.15430427499479463 -0.10794057642944352 0.13775540997334945 0.06064841806352095 0.023887997456896487 -0.11145588301813245 -0.030717062047522586 -0.15376610733306467
2.330040454864502 1.4125009775161743 -0.3306235671043396 0.03394233943460274 0.026825535691354742 0.05824116916352595 -0.1420516198346864 0.11672019733522351 -0.07232581256467546 0.14085677914963796 -0.11482688948996328 -0.011997433489206122 -0.06918649892742426
0.8981724381446838 1.485601544380188 -0.22106926143169403 0.04702176018394813 0.03520232547703167 0.013295107910192588 -0.08578704917773766 0.16560585475846673 -0.04838663464409343 0.0007007278638079262 -0.14733357225999302 -0.16990212300149612 -0.1447627846297379
-0.3163723051548004 0.5675057768821716 -0.30140888690948486 0.11712828185030805 0.10975115835472422 -0.17653191299603307 0.07434441446556506 0.1232446732956165 -0.17116624191592406 0.15804821157730992 -0.13045810114335887 0.08806851024964307 -0.03616636949463797
-0.4210270345211029 1.4157739877700806 0.1863509863615036 0.04580972970296568 0.030059462084289702 0.1379645885698781 -0.0015605865607860037 0.1346840776856332 -0.1442062442061648 0.07480904516580827 -0.11193173464351326 0.11095760318849857 -0.05993334242090981
0.7064045667648315 0.397485613822937 -0.18788833916187286 0.05693057656010182 0.05011398612712262 0.054512587774944554 -0.0022284860875822765 0.12351997976275379 -0.05765877243303333 0.12331821293755629 -0.13371784873004375 0.09465846314232079 0.014608701806545499
-0.23778191208839417 -0.42724716663360596 0.13111437857151031 0.11591381774012463 0.07972012497114885 0.04950617167898405 -0.17124520131754606 0.16124505438595238 -0.17381655847344593 0.04710031887798219 -0.176276359169119 0.015286748357525942 -0.13186011620346688
2.0582103729248047 1.885534405708313 -0.016937684267759323 0.08068868805807024 0.06060168748555521 0.05870398966109691 -0.005727841151547286 0.11889729511745736 0.08155710890855156 0.029620894821213495 -0.12081480873140223 -0.047624597342840885 -0.09327548593978371
2.5319056510925293 0.9675766229629517 -0.378629207611084 0.0716790949507902 0.05398483954620904 0.07260702299735916 0.08238475591948036 0.16421709609286572 0.16635758910063125 -0.13211444499552222 -0.11087066771234075 -0.14815526670858675 0.05773841819468595
-0.4586953818798065 -0.32111987471580505 0.25125306844711304 0.1186210264635845 0.039895513199088954 0.06701571489888328 -0.11539738152928947 0.16475527991270303 0.07952166739350214 -0.024429177483450915 -0.1204848544989552 -0.1743846135669102 -0.16736923679549315
-0.5042650699615479 0.06864426285028458 0.20241792500019073 0.08185636820274163 0.04002544620790521 -0.1236885800394483 -0.13650872803678002 0.14652178643662117 -0.08122116772135324 -0.13470912901543122 -0.12914416052983552 0.015575754539308817 -0.14098199749586676
1.7005615234375 1.7910561561584473 -0.04693211242556572 0.03438017988325471 0.02839575827207964 -0.07388144022119977 -0.11817057042580367 0.08513404072118175 -0.06772942683835603 -0.16550423093109287 -0.06677432058763269 -0.0506196170407556 -0.16915421198116323
0.12427138537168503 1.7087534666061401 0.13526424765586853 0.09122638430206093 0.08373145341402752 -0.11335072204390552 0.017068042214744672 0.14104691989360182 -0.11655714311791907 0.10058081649809747 -0.1623047804244102 0.09897850167491506 0.006185618101954532
0.6379799246788025 0.1569473147392273 -0.2823026776313782 0.06802227038143692 0.050454710203337985 0.06935821655385274 0.09009534462306679 0.14683351745022444 -0.12807336017508641 -0.06597313199584189 -0.11062949631259977 0.010716352318855898 0.1288640678125324
1.9641625881195068 0.41580432653427124 -0.36901628971099854 0.08194580062288938 0.06931693145045244 -0.17573394474364318 -0.08804382078719342 0.11583542884309185 0.13967137741446795 0.08800328919492761 -0.15687227151244734 -0.043120180301379374 0.04957189648744165
0.1437838077545166 1.8535891771316528 0.33459898829460144 0.11631331363328029 0.09347332025573338 -0.023562862796597445 -0.09303827488363013 0.17513413485833346 0.07046729696576609 -0.06134488034479374 -0.14075681494133502 -0.13007291226008 -0.07310136088408817
-0.1644156277179718 0.779644787311554 -0.0801287442445755 0.10469006303224475 0.08514215059710536 -0.01874521419114697 0.1417391921446935 0.16341796659615332 -0.06333212072839807 -0.014106909516009153 -0.1651943487499093 0.0867609316522609 -0.027500645266611057
-0.32530221343040466 1.146756649017334 -0.17834213376045227 0.11661728560136182 0.1078754737348403 0.14304241158746395 -0.16732832248380478 0.1440062717782181 -0.056447477517803185 -0.10714617955639041 -0.16684682941230577 0.0110297333484069 0.024183992362841827
0.5593619346618652 0.39155712723731995 -0.38484007120132446 0.10381483599861412 0.07842746256898224 0.06145229706493108 -0.001228233504763171 0.15940560610945048 -0.13497153461301778 -0.12633604788120947 -0.11562518079633909 0.07160956352937581 0.13170799312091214
0.24886375665664673 0.7755466103553772 -0.09502365440130234 0.07259375163928843 0.05488911282356536 -0.10654353726037169 0.12745605081907446 0.0899686702044684 -0.0503358654467409 0.08724689449601014 -0.08450552262865071 -0.046373970033842804 -0.07394497920405836
-0.8516407012939453 -0.6886960864067078 0.0581439845263958 0.04231631639415189 0.034072550901301235 0.11509658619045826 0.04323283935973085 0.12771824027425707 0.1477750242225852 -0.12417493946576988 -0.1655705576099034 0.10296047162779992 -0.06405756613202104
1.8756643533706665 0.8613515496253967 -0.36912602186203003 0.04923141257074803 0.04153707825894966 -0.09101323084808309 0.14124403999926022 0.051465453413825656 -0.0889217931596044 0.17150269302236404 -0.14058785795323553 -0.10965221225742691 -0.10466498112717133
0.14112073183059692 1.8997747898101807 0.22312499582767487 0.09545197516102061 0.04286450906820846 0.1518812015711259 0.03126194284462741 0.09688546487680645 -0.017691363598295817 0.04075071087892154 -0.1677904389503263 -0.16081219854057482 -0.009807671319291528
2.2877891063690186 0.9036659002304077 -0.24206054210662842 0.04894273457611827 0.04488871959482623 -0.14198973277858096 0.08581860276175235 0.14832298756833454 0.012365325616146366 -0.09861847025970867 -0.08368116406048387 -0.07872951620021623 0.015082920612311035
-0.6426131129264832 0.28337764739990234 -0.032700587064027786 0.10636868357433124 0.08478958431444548 0.11259599632701933 0.12463763414712536 0.15568904973533743 0.07614812743833216 0.0034495108242657 -0.11912257693882906 0.055074845440839376 0.08358064431824341
1.8057777881622314 0.7756234407424927 -0.13660067319869995 0.07679604204219348 0.04579785326501869 -0.1779449903847312 -0.027561160811057805 0.16054190410419011 0.14125182589330215 -0.12069313132567257 -0.13355225247654415 0.020345057013350626 -0.08666154213428297
-0.45324355363845825 -0.7242469191551208 0.14577920734882355 0.06443001785039648 0.054627899068721425 0.060257273284517854 0.05467600043264084 0.09426809953053061 0.03980415386865474 0.1174775789001834 -0.1724896457561041 0.057253340812914916 -0.12790040578522455
0.5377243757247925 1.0969550609588623 -0.17968018352985382 0.09802167062687757 0.07315947333013167 -0.113189734317305 0.04091520545567445 0.15036414087834615 -0.1724695322657178 0.03167327753060645 -0.10191307142755539 -0.12466711565876484 -0.03191002838310655
0.11850911378860474 0.4901178479194641 -0.3389756977558136 0.06916081225617529 0.050882478943351336 0.015371672790606805 -0.034986864902244535 0.09582311192024823 -0.08054102262406444 -0.1381597161339816 -0.1582665589227906 0.09500118810810232 -0.1739907086025305
-0.4216648042201996 -0.08234016597270966 0.15753374993801117 0.056980213771809125 0.02690617643051862 -0.0764914468831864 -0.04718370144664524 0.06137957306622093 -0.17093366016588546 -0.09273797906372427 -0.1476448795453583 0.042298954736606026 0.1593901001053883
-0.13263922929763794 1.7117769718170166 0.2473878115415573 0.09688387129720648 0.021007868475707167 0.15086459504981753 0.17455298647560147 0.10072494243153741 -0.1368049114052567 0.06487422497433701 -0.149098332798629 -0.04356363468059038 0.05886320521109273
1.541951298713684 1.6996395587921143 -0.3475985825061798 0.0947582318186689 0.07757657710851212 -0.10417978489357778 -0.0932434020828683 0.1384932578949674 0.06765870714830693 0.019340972284367736 -0.11178844783647654 -0.0014004071202973756 0.12047370577769961
0.6558113694190979 0.7076259851455688 -0.2832993268966675 0.04177600876384221 0.023290827212225463 0.17424099586721697 -0.08964242827568829 0.08684120600544287 0.10336056237240782 0.03559557931068841 -0.11904552131479543 -0.16594395558715 0.17455006721504468
1.309709906578064 1.309056282043457 -0.29037731885910034 0.10166680419006333 0.05541668670869801 0.03233792447905359 -0.12863598715061283 0.13468802189878007 -0.015260233286623237 0.0807426696055546 -0.11565936489178825 0.07449659068264008 -0.05738853440214339
-0.627071738243103 0.5085209608078003 0.23172114789485931 0.10289499163812059 0.08665583214721 -0.1670290837384047 0.017994856324000802 0.15920205947057936 0.16277160917145944 -0.0700333969988512 -0.17194088879531233 -0.059260057697955226 -0.08115645982277343
0.07681676745414734 1.2742033004760742 0.000826836796477437 0.06800272015636488 0.04856550484222249 0.023392881905611784 -0.1122501547416594 0.08223139074416752 -0.05456621048509186 -0.13732667801950216 -0.15873750067597658 -0.11378469374787328 0.16651138311975278
1.5177987813949585 0.9436055421829224 -0.18553048372268677 0.04833703992345996 0.027250586126407888 0.08857413060229469 -0.0008010310089839878 0.054007333567893064 -0.04673199693062813 0.16835091811425557 -0.05112597178255546 -0.11573004608507705 -0.12048163385836212
2.0444834232330322 1.0367071628570557 -0.15444247424602509 0.05853243062310717 0.02317171403077712 -0.051863533308796755 0.0745609886369738 0.13379627902894237 0.11521188791428832 -0.10774089105643175 -0.09790877508681803 0.03364240622020226 0.11676713568174946
-0.3420029878616333 0.1563190370798111 0.045106157660484314 0.05498339096622112 0.02131235730844076 0.08083679802203503 0.1312547757738669 0.06904771247447757 -0.11680707297837421 0.038432426773678224 -0.10150905111923228 0.1760605158355411 -0.146717054549438
2.2994284629821777 0.5661637783050537 -0.4187455475330353 0.06858709251024123 0.06853412132193512 -0.13856646476870058 -0.056933542432178255 0.16495307698983488 -0.030884222430537567 -0.04498661481097113 -0.1674195677217167 -0.14993719120809282 0.1571770883121093
-0.20632587373256683 -0.3358730673789978 0.18086664378643036 0.048119700887121974 0.038906768323857595 -0.02767800045283611 -0.0362505573953196 0.15096716742097765 -0.08765465454969154 0.03819070832604968 -0.0923881251796195 0.06290764703125107 -0.1208929840007375
-0.7232392430305481 -0.8103526830673218 0.10628922283649445 0.06775617241767627 0.04595823957620433 -0.05782442152494359 -0.04929758379144847 0.12210151869414054 0.11699489057662416 0.09782632889263232 -0.1467432486436673 -0.17674433482758667 0.026936450401168655
2.16282057762146 0.92726069688797 -0.3496311604976654 0.07487443420584931 0.07316507195328378 0.09875254106553977 0.054870858093411634 0.14838484951391015 0.14557204789419653 -0.009599729710306287 -0.17400930388160607 0.0009061160924836165 0.13909938572808211
-0.583458423614502 0.7993707656860352 -0.09905233234167099 0.11280190113363563 0.03971608582370012 0.1417371342137666 0.14717113235785545 0.11604503801181106 0.12978369722787064 -0.09882359791776103 -0.13622285925668617 0.05535981377490409 -0.03667527663601622
2.4752540588378906 0.6993726491928101 -0.3332020938396454 0.07329134752597846 0.03150944932559474 0.16535524941717594 0.015161377063984766 0.11272345785997737 0.14618469886068286 0.03248905999142715 -0.1527005501260995 0.07322477024549756 -0.048291165897949795
1.9635462760925293 1.9955767393112183 -0.13447745144367218 0.04960391863228741 0.026206573738662427 0.15434173950034447 0.16122611401669795 0.16128695310684202 -0.06197888235035269 -0.15947722086047966 -0.06281862066478522 0.059938966999677656 -0.11351240913900015
0.5361822843551636 0.33560627698898315 -0.21507513523101807 0.05406994547781806 0.037256980679101145 0.0707027949286187 0.0071543419835464195 0.11202160142148297 -0.06195864669163151 0.09429574409713104 -0.14151210774388961 0.09235542535647218 0.09820724757066024
-0.15117210149765015 -0.42524731159210205 0.2996315658092499 0.05864423467472653 0.0416806203700648 0.1278073243804127 0.12403353609304119 0.07055589572045683 0.05035043287004792 -0.13729675567579902 -0.17551524133342908 -0.14570996742468634 -0.04371541548983213
1.6385042667388916 0.9706494212150574 -0.3230905532836914 0.08368456190150747 0.0780592313173774 -0.048522113414836615 -0.17028492310389715 0.11020074685279907 0.02247215928014837 0.01485898083235307 -0.1336964357930409 -0.029186668541018368 -0.009618331912505773
-0.3210286498069763 1.4369971752166748 0.0947369709610939 0.11935133243352827 0.06743473480399287 0.0046618684604320115 -0.1415895480471611 0.16586130946955338 0.07345740802464651 -0.1752510703438434 -0.13110109350295449 -0.05439331424686619 0.14502327548146116
-0.6212420463562012 -0.3592231571674347 0.3908158242702484 0.04949607143383215 0.02191057509713048 -0.15158170546530428 -0.1600816522063225 0.14369894292630148 0.09818652772039782 -0.017409078911209797 -0.1423898669221879 0.034554117256309136 0.0015398565807516196
-0.0890628844499588 0.6764509677886963 -0.40846988558769226 0.045283884284870055 0.04379140192053739 -0.17335234180314096 -0.08711485376583838 0.06653136775174381 -0.009923873045554865 0.03427067544088647 -0.04715178804322626 -0.07069172217775639 -0.014595334966999302
2.4594197273254395 1.1740458011627197 -0.27760738134384155 0.051609651482035154 0.04078712645273219 0.14773577491857626 0.04174336795532782 0.07421424630106237 0.013500404723629733 -0.16294898794420967 -0.077430273466476 -0.09374370665789414 0.04476515117987759
-0.39425575733184814 1.5240893363952637 0.1836629956960678 0.10690478550707376 0.03435548256488106 -0.044257087660693084 -0.025438786505182415 0.1625495613822539 -0.07702708747989274 -0.13133411816280066 -0.14838216990889735 -0.1594860416679817 -0.17979564743787663
