1.3441598415374756 -0.7292646169662476 -0.4077690839767456 0.0872015171098558 0.05919635421179795 0.09320123712739928 0.15103853777796036
-1.2106552124023438 -0.4804558753967285 0.38081249594688416 0.08443360628413124 0.0732193150872841 0.10745083419187951 0.1664444450967888
-1.335561752319336 -2.45835018157959 -0.02085152454674244 0.10427054891287459 0.06393358139785325 0.15053773044486116 0.13975625944459974
1.2063469886779785 0.6667311787605286 -0.19093675911426544 0.07594842325197437 0.04330536946930014 0.17840252280416677 0.11951547000607124
0.08984532207250595 -1.3346797227859497 -0.3870590925216675 0.04327896086531982 0.026854144694342844 0.10943815722107343 0.052993461114696924
1.1712994575500488 0.6754112243652344 -0.4040925204753876 0.09900524499532666 0.06765989508054808 0.16187576074513932 0.14376900634713877
1.5259249210357666 1.3058550357818604 -0.13384324312210083 0.055992436011902166 0.03904166842797617 0.07755053360844147 0.1037478741407664
1.0570991039276123 0.966499924659729 -0.2390625923871994 0.08077894468906274 0.07767818356008727 0.16270624723418592 0.13296464969060706
1.22637939453125 1.4655922651290894 -0.3256625831127167 0.10660482281163011 0.05298908666486189 0.1276277972268645 0.12058917589156501
-1.0206934213638306 -1.07557213306427 -0.06238390505313873 0.10482546083648532 0.08697400516754399 0.13990867593673204 0.16076456027751287
1.1314797401428223 -2.1718010902404785 -0.3343837261199951 0.0890409666160395 0.06765683177437883 0.15033423933326243 0.11564289352417606
1.3230689764022827 0.3119143843650818 -0.24584996700286865 0.10284900731224084 0.05659429239378923 0.10817928832083304 0.17018504845474544
1.5772249698638916 -1.9699978828430176 -0.31904974579811096 0.07869669709527188 0.02442445736017252 0.11064656372076474 0.13255113667147
0.04846775531768799 0.8973574042320251 -0.1961093246936798 0.0872948719548145 0.082016352951138 0.14702637713012057 0.14811597646067193
0.7789348363876343 -1.8629769086837769 -0.29824790358543396 0.04253827507647828 0.023225415859536323 0.0643919495540551 0.1275980189506415
-1.1455119848251343 -2.0670604705810547 -0.057080402970314026 0.0342405117321362 0.02100958002637453 0.11364417636520964 0.14545519143660338
0.9227812886238098 -1.954013705253601 -0.2949710190296173 0.11204464621955398 0.10283831682100293 0.1526145157739615 0.11648872801398429
-1.424950122833252 -2.393542528152466 0.35543468594551086 0.11074212148574114 0.023178894192065768 0.1374994719849272 0.12783300937419684
0.8499634265899658 0.836023211479187 -0.33653900027275085 0.05830133431255654 0.0307683981832551 0.06328741668103792 0.10010851607646994
-0.1684696227312088 -2.137685775756836 -0.5547823905944824 0.07066017298967127 0.026101899879891116 0.16436365353714028 0.10614851021531285
0.35629144310951233 -1.8145753145217896 -0.5319246053695679 0.08252573280699446 0.03165782686154225 0.162453415133752 0.1712376656261857
0.23506392538547516 -0.9972946047782898 -0.23589840531349182 0.04329233134762202 0.02366720481003334 0.08191142098970312 0.06231826714920494
1.616409182548523 -1.9981838464736938 -0.35810795426368713 0.06185547548900984 0.03793434825535543 0.09707840992969921 0.14135802236523404
1.683210849761963 1.4759654998779297 -0.16945527493953705 0.04532626430700872 0.028982856366513706 0.17701905808660923 0.051504367515542236
-1.1037921905517578 -2.1662697792053223 0.28982698917388916 0.04406558010548214 0.04247044038400982 0.15542807350070248 0.07344857738184853
0.4294865131378174 -1.4590308666229248 -0.21258920431137085 0.08274955104323348 0.07720759791404014 0.11689921408177728 0.1773811972839418
1.1014082431793213 -1.7679494619369507 -0.5486910343170166 0.041607016157354695 0.02753198114537422 0.13267091317630395 0.1603549170204175
1.0648510456085205 0.8143048882484436 -0.071446992456913 0.10108595872831001 0.0827614036153693 0.12137629190023007 0.11942869080191765
-1.5237854719161987 -1.8613226413726807 0.22096283733844757 0.07732977094432575 0.02756563862631945 0.08411072675600484 0.11599438338984486
0.48340681195259094 -1.028074026107788 -0.0761592835187912 0.09550103295914429 0.029395111005387272 0.1542526418565897 0.09887876124300354
-0.3846830427646637 -1.968306541442871 -0.16895237565040588 0.07624352928904043 0.02171666491022516 0.15139767180044494 0.16866750639564637
1.536355972290039 1.551440954208374 0.010724029503762722 0.11813186857084881 0.09126135906221602 0.13511927788942404 0.13657576070287722
1.7432096004486084 0.6902515888214111 -0.13779672980308533 0.07034549781946323 0.03233274477280538 0.16121655495839732 0.08072966254767952
1.5417535305023193 0.6953856945037842 -0.5130113959312439 0.06363089147405422 0.04231318895909839 0.1594471811061289 0.160500676241204
1.1345391273498535 -1.3267676830291748 -0.14268694818019867 0.08589587310364491 0.032791060208643634 0.1063414447408002 0.08686081287843121
0.07117177546024323 1.0022540092468262 -0.38387972116470337 0.06793351400431641 0.0478877077207672 0.07084624630231735 0.0967233435724064
0.5775851011276245 -1.8419630527496338 -0.20624905824661255 0.10603069343144168 0.0765870782461905 0.11912996374917993 0.17589582253489405
0.8946719765663147 -0.048706017434597015 -0.19177082180976868 0.11094834029743954 0.07210511891817195 0.15682319855375737 0.1495494836115121
0.19235557317733765 -2.2966973781585693 -0.04491441324353218 0.10330154872009649 0.07830875274257344 0.12815919248689334 0.11990885175324059
0.016576630994677544 -1.5430997610092163 -0.3897278606891632 0.10783687600795501 0.07306443751826602 0.13251556884655233 0.13900310780887698
0.48732128739356995 -2.2821884155273438 -0.2946755588054657 0.038497888659846956 0.02371383616059225 0.09038328905432144 0.10956549282406747
1.341723084449768 -1.8865996599197388 -0.10604003071784973 0.09597820124010256 0.04545075246788355 0.16949848317465432 0.09762886831816528
1.0656976699829102 0.0011143558658659458 -0.16381613910198212 0.052398599734596686 0.04711483344054127 0.12359436848080965 0.15313998454582156
0.929039716720581 -0.7509928941726685 -0.27700212597846985 0.11715270168189093 0.08128687762114031 0.16577890511763832 0.16528380837458231
1.708235740661621 -0.07049931585788727 -0.06625647097826004 0.10059645004068424 0.07011839280727947 0.14987523306555162 0.10415525634773405
0.4094761312007904 -2.3154025077819824 -0.4756832420825958 0.05660744199955797 0.03319422770822499 0.07424187604691035 0.0933086745638214
0.4760594069957733 -2.1919751167297363 -0.30520710349082947 0.0820982833606357 0.03054440947317172 0.09998303229339191 0.15836316002758583
-0.9278595447540283 -2.1026082038879395 -0.16443336009979248 0.03641720940586221 0.024539606372248182 0.11290859537469264 0.13827042721365235
-1.0928672552108765 -2.04198956489563 0.09398063272237778 0.03780617762771636 0.02612085643098969 0.06469713050683251 0.1675191310101885
0.5343949794769287 -1.325684905052185 -0.1595941036939621 0.07036926244780982 0.04527611352265865 0.07285980740097757 0.07208599835962562
-0.15532368421554565 -1.6466416120529175 -0.2754128575325012 0.10221789383453564 0.08738825020026937 0.17161185109925295 0.1771455880199885
-0.025303609669208527 -1.9881385564804077 -0.3174280822277069 0.09967330937420768 0.055961256303836235 0.16666465607789493 0.16584376051369154
-1.2436106204986572 -0.4615825116634369 0.3295874297618866 0.10865619164054259 0.08790298636274087 0.14645224756656589 0.14179949731147098
1.6352930068969727 0.8151055574417114 -0.42624253034591675 0.11471594766435216 0.03381402024831176 0.17927204478408842 0.11609475190089687
-1.2799466848373413 -2.709282398223877 -0.03768708556890488 0.06694796597452246 0.03864254706793152 0.13504807213699982 0.08094521900661586
1.207235336303711 1.4862464666366577 -0.5177318453788757 0.11678666388146994 0.03066137207279422 0.13492078681233166 0.16222475309626955
-1.0320405960083008 -2.5712881088256836 -0.03859494626522064 0.0969478172155244 0.02311296699222377 0.1706554542690541 0.15225249709280259
-1.3333690166473389 0.28182750940322876 0.24998293817043304 0.11077128102218363 0.04504837590902771 0.14562704913139424 0.1324903908928736
0.9263964891433716 -1.3615366220474243 -0.12932714819908142 0.06351796013101312 0.03836803829144346 0.07833963136356933 0.0956717712198726
-1.0918078422546387 -1.4627113342285156 -0.0714929848909378 0.09021992066107037 0.04295698424019822 0.1349059872501888 0.13422358638104215
1.1929802894592285 0.09728094190359116 -0.25933828949928284 0.10557974471992797 0.09342761076899841 0.12611296338927797 0.1717644018118979
-0.9096639752388 -1.4896188974380493 0.42918112874031067 0.11429123946860667 0.024295248093967315 0.16178064525801567 0.13324729870591875
1.2911930084228516 -0.6364825367927551 -0.25932198762893677 0.11475550628253864 0.041034381249246764 0.16688997782541434 0.11576199033516289
1.2368829250335693 -2.478046417236328 -0.21360526978969574 0.087583703814067 0.027712123476769622 0.15007252465841947 0.0907598295774634
1.2969273328781128 -0.22479917109012604 -0.48641473054885864 0.0881268623005947 0.045904348370905346 0.1307849962075398 0.13725050821858403
-1.1749306917190552 -2.340485095977783 -0.0998639240860939 0.11349650877300703 0.08499000830020695 0.16940598751169297 0.12807619103729295
0.8995957374572754 -2.148162603378296 -0.1019718274474144 0.03760127258485768 0.02197422000965727 0.1045051928864468 0.07962907521765245
0.4702012240886688 -1.5232055187225342 -0.3424191176891327 0.10647433013537423 0.06876725341990644 0.14150016167439805 0.1666088562391538
1.3922126293182373 -0.7091772556304932 -0.10371581465005875 0.06517190562582859 0.06237676198600167 0.1443955222942394 0.1460980767239548
1.4306938648223877 0.17048902809619904 -0.5114619731903076 0.09494374456414566 0.04021229480816122 0.11765100550185671 0.1262130474591307
0.7266954183578491 0.8112662434577942 -0.29041787981987 0.10225103347941701 0.07487282118983267 0.15992596963275174 0.17768638121511363
1.0891039371490479 -0.5046438574790955 -0.07372128218412399 0.10768330208783139 0.07208910805577069 0.14030219041286063 0.16501963419906546
0.9462838172912598 -0.8042255640029907 -0.3882552981376648 0.05237963446890172 0.02906317899058649 0.061100664229077596 0.12149019287736665
-1.1808340549468994 -2.083794116973877 -0.027565637603402138 0.036812194850057614 0.024635490149951454 0.16383906371646373 0.12529629230120812
0.29700967669487 0.8136045336723328 -0.5416585206985474 0.09083861103167112 0.04935391636784957 0.1602350142680609 0.12640058285338016
1.294944167137146 0.33014070987701416 -0.18524731695652008 0.11153375710635256 0.0625951300600988 0.17743925476667 0.16342016861627717
-0.9654427766799927 -2.1481876373291016 -0.14101381599903107 0.09811742545158889 0.053754765427508996 0.1599735923410081 0.179325225638518
0.10398901253938675 0.7303981184959412 -0.16635487973690033 0.047227621246209515 0.028345621293149978 0.1070192800426722 0.06657180418600796
0.4461851119995117 -2.103510856628418 -0.43575966358184814 0.1128454329733536 0.049394886251099904 0.1350338551427557 0.15554479981964864
-1.181097149848938 -0.9193779826164246 -0.10196669399738312 0.04617511214575372 0.0428557136580031 0.11221817459957573 0.13853991411094388
-0.867541491985321 -2.6242947578430176 -0.4772305488586426 0.0892638120187895 0.05838376146853498 0.16510961804781263 0.15326030233949772
0.28166505694389343 0.6374081969261169 -0.049404557794332504 0.07742731861104477 0.06172450488610745 0.08187108429030122 0.179367957069056
0.8743427395820618 -1.494339942932129 -0.04877606779336929 0.09764863606162945 0.060843421836580674 0.11305908597655076 0.13498679785866163
-0.17471559345722198 -2.4530835151672363 -0.43571916222572327 0.11233861296365394 0.04037808941569086 0.14286489975228986 0.1491537753415428
-1.1275261640548706 0.17935393750667572 -0.0115962540730834 0.04629432444236159 0.026468858916589642 0.10637578572247376 0.14505084907316781
-1.170097827911377 -1.5178768634796143 0.41159647703170776 0.04447966420985412 0.03814204401779851 0.11789402853320455 0.04873007144274969
0.5862732529640198 -2.1642942428588867 -0.21492072939872742 0.068546968046033 0.036289053937988605 0.07024779374429894 0.13167548161230105
1.0060228109359741 -2.4363508224487305 -0.2050330638885498 0.06418569238699531 0.04208490722080373 0.13249013854219044 0.15741972074900717
0.8511439561843872 -2.0400121212005615 -0.41448283195495605 0.08332925027006247 0.03933108145259538 0.14625639180936764 0.11980331103273151
-1.3461756706237793 -2.040091037750244 -0.0035778386518359184 0.04328926326278143 0.030571602023859855 0.10405010472099803 0.06161225482676517
0.674225926399231 0.8653314113616943 -0.4695340394973755 0.07562117732325431 0.045239083586789436 0.10502813861614077 0.10459401882516842
1.4125609397888184 -0.4604300558567047 -0.24411159753799438 0.0945895050136012 0.06508500724446478 0.1671246203158384 0.15555998049286002
1.1169612407684326 -1.7281584739685059 -0.10479005426168442 0.060319267289952974 0.05704859829625962 0.1749215539061137 0.15039364529982258
-0.5602425932884216 -1.378932237625122 -0.17935338616371155 0.05049821368924165 0.043869308644520315 0.08178839860240317 0.10372337837684832
0.7303604483604431 -1.7736159563064575 -0.32264256477355957 0.052340380096287 0.031041474644046933 0.0939109886215613 0.08783049799867373
1.552584171295166 0.7983778715133667 -0.04577765241265297 0.07710925262226234 0.06971181089558198 0.144949260967835 0.11551543241486201
-0.4016154110431671 -1.216620683670044 -0.19567756354808807 0.08576582688863982 0.0451124913949046 0.16548327733755308 0.11974701030241144
1.0346534252166748 0.9947978854179382 -0.3223055601119995 0.10490802439684975 0.09014671597253074 0.16793171224828565 0.13371689068313203
1.7720255851745605 1.5267363786697388 -0.55486661195755 0.059373019759338425 0.05041110129964657 0.12760504416779234 0.06353122258842393
-0.15286867320537567 -1.7790189981460571 -0.16945074498653412 0.03825096467652434 0.025998899511467867 0.14111960269828097 0.1404476152171798
-1.460473656654358 -2.0162129402160645 0.34054335951805115 0.053512396089413806 0.026067383933210155 0.12225797221989529 0.17354922633931974
-0.21804340183734894 -1.301567792892456 -0.38882163166999817 0.09331720758464566 0.07360258743985885 0.14834752374440985 0.11538930766724151
0.10854477435350418 0.809731125831604 -0.012334663420915604 0.09676205142521732 0.051567447104260894 0.14531372575848608 0.1786977449358625
0.5485562086105347 -1.0671988725662231 -0.16356714069843292 0.11713534373903765 0.027105500615670294 0.16623835454676394 0.14021588094185264
1.4717209339141846 0.3694503903388977 -0.11584865301847458 0.10013093343914159 0.05941658891046321 0.14550823464185808 0.12067909757355319
0.15264420211315155 -1.3132014274597168 -0.30377843976020813 0.06477497159082574 0.036282486585245244 0.08467903595910606 0.10733040580470313
0.9863491654396057 -0.5692294836044312 -0.12006047368049622 0.09508751460593565 0.026883985861190084 0.14468014697475 0.14022506922407318
-1.001511812210083 -1.3969700336456299 0.25976279377937317 0.07497974562898921 0.025040062847793063 0.10022646935952134 0.1132098346284526
0.5323675870895386 -1.2382744550704956 -0.4944215714931488 0.05821481827465056 0.04714178647050622 0.11285125417203903 0.06550084514149604
-0.8704690337181091 -1.8818717002868652 0.3086555302143097 0.058257006873615104 0.03567757851730285 0.11140517220358166 0.10994219984036638
1.7560606002807617 0.8162016272544861 -0.42817193269729614 0.04210252261317994 0.03378697348069217 0.10492263062107487 0.17460063851129698
1.5107600688934326 0.9214561581611633 -0.41038694977760315 0.10996022707615434 0.035953091146786686 0.14883884977023404 0.11041389352892612
-1.0821113586425781 -1.000448226928711 0.263277530670166 0.04952101990075401 0.03967325426328892 0.16966095622465804 0.05700596738791926
1.444758415222168 -0.43768784403800964 -0.042221758514642715 0.03477938429689271 0.03155101477470408 0.048230064582881135 0.10760718255397289
-0.3444803059101105 -2.206012010574341 -0.07391078025102615 0.11991266338679098 0.03283489134314472 0.15823847801221508 0.170873120477795
-1.12346351146698 -1.8955968618392944 -0.01835343986749649 0.05967783203567016 0.05692997802094485 0.14594739355843755 0.16839799551375195
1.4568421840667725 0.9833782911300659 -0.1588117629289627 0.04295601151787056 0.030057476665077517 0.12832951469095893 0.12329856561781816
-0.00387984374538064 -1.1092102527618408 -0.031282372772693634 0.09291251121720476 0.059685817328202814 0.13508239014113976 0.11552216113706507
-0.2429395318031311 -2.300419330596924 -0.541882336139679 0.07140601272333122 0.05960155733693005 0.15358677843298973 0.14514276806312573
0.8877303004264832 -0.09409583359956741 -0.1932411789894104 0.03261220911503109 0.02215522618183731 0.08936811749178186 0.17329888130631568
1.2524147033691406 -0.5238697528839111 -0.08705785125494003 0.060207065318995875 0.047263611941387174 0.1225878728105127 0.16240187457086402
0.4306548535823822 0.8942450284957886 -0.20022708177566528 0.11217000990022845 0.08261313314278146 0.15631789726090844 0.13961381600092934
0.5529717206954956 1.0954604148864746 -0.3027212619781494 0.06802354256750089 0.03464077942065533 0.09167782660299004 0.17959203254284928
-1.4834113121032715 -1.6817567348480225 0.3428923189640045 0.08091259675006224 0.06871281046171306 0.08573306419462666 0.11011751892934613
0.17862379550933838 -2.388761281967163 -0.3375684320926666 0.08856822038798785 0.03209777383244608 0.12430577549453747 0.13984793409361979
-1.3009835481643677 -2.355325698852539 0.24027986824512482 0.10034548176746012 0.06040662015974495 0.12250623593451228 0.1360125607852809
1.204015851020813 -0.8574284315109253 -0.1001698225736618 0.0347206055382803 0.025333381001881494 0.10432113065466504 0.0710898053407533
0.14496874809265137 -1.6020724773406982 -0.37633395195007324 0.04553709361185703 0.028570724466826077 0.1298341331392597 0.12863186972516666
-0.06093709170818329 -1.2324962615966797 -0.18312376737594604 0.11343278135459006 0.061064039058014635 0.15503840459465784 0.12027479627788516
0.1322418600320816 0.8334742188453674 -0.4685960114002228 0.11942704426363221 0.03491638760612018 0.16593644770353227 0.17090790497015684
1.1775816679000854 -1.3353056907653809 -0.13511967658996582 0.06990183024458067 0.061823871071205905 0.10448950414476627 0.17916176075368193
-0.5208430290222168 -1.7090280055999756 -0.09556417912244797 0.09221856102554565 0.0875718469979586 0.13156718377810317 0.14784596481035236
0.8907151222229004 -1.6070901155471802 -0.29568326473236084 0.0825030658464067 0.04342174649865145 0.11112310926780114 0.09910962862178035
-0.37888774275779724 -1.869896650314331 -0.07787419855594635 0.05366683663854675 0.033508497912499255 0.08502568697904148 0.0898923724407954
-1.273553490638733 -2.356827974319458 -0.14404495060443878 0.09689256179244024 0.021365694555173308 0.1567260311139443 0.13403335823700024
1.6083709001541138 -1.953131914138794 -0.43805167078971863 0.06201724186473276 0.023397763005111302 0.06222121642492291 0.10817633238972404
1.5197293758392334 1.560492753982544 -0.2542289197444916 0.10459221389584411 0.03388058693615868 0.1289859977644327 0.1377375364821562
-0.3483007848262787 -2.005199909210205 -0.00394852040335536 0.07151292800197259 0.0572673884723052 0.10738707242667078 0.1682670275185929
0.08220043778419495 -1.646810531616211 -0.26533859968185425 0.07344120449182073 0.05100845437621367 0.15714579596846914 0.13686403088453034
1.219057559967041 -0.31037428975105286 -0.48725295066833496 0.10535766703007758 0.0986660718296999 0.15495916738275917 0.11775599753864703
1.0246376991271973 1.3218293190002441 -0.5121458172798157 0.0762596552859884 0.05688133571320342 0.15560807821684097 0.11256104419655763
1.3535330295562744 -0.1742011308670044 -0.07201174646615982 0.08636273493435834 0.027433721919409064 0.10189080790979779 0.09307864584018255
-0.4213769733905792 -1.5995138883590698 -0.1273232251405716 0.10791252190376015 0.032516554483558086 0.17131357415306123 0.15523540170426725
0.5183770656585693 -1.0106710195541382 -0.15674635767936707 0.07302190881241569 0.049851274060005744 0.14598329868319465 0.13265305844372513
-0.9880860447883606 -2.1017980575561523 0.2641887068748474 0.0821002524176572 0.07223822085075451 0.17043495382658158 0.17521458593484196
1.4880421161651611 0.2168377935886383 -0.2992278039455414 0.09572046203632979 0.043562431267979075 0.13425849184909042 0.11888256650152759
1.495294451713562 1.118245005607605 -0.012701130472123623 0.1052973588521173 0.07187280304793725 0.1294087733717708 0.1589274363933519
-1.2192915678024292 -1.1618077754974365 0.33073359727859497 0.10272689781476003 0.020942258519887395 0.17541936870849006 0.13112263486065123
1.3230663537979126 -1.082910180091858 -0.5266140699386597 0.09082881020537839 0.08888901327006221 0.14583471530331374 0.13597889373776156
-0.1304425746202469 -1.4214235544204712 -0.2826560437679291 0.11785241095954188 0.11072805571273733 0.12956960359582195 0.17579302011537626
1.3271077871322632 -2.154149055480957 -0.24721655249595642 0.05875665362518324 0.05475206510343483 0.12159827015884442 0.12067433807215569
1.1118998527526855 0.7233336567878723 -0.2604515850543976 0.04407567431785838 0.0316729076899676 0.06516313400946694 0.1245790007397228
-0.9482088088989258 -2.6363959312438965 -0.026409687474370003 0.08544738692319111 0.04346006064319701 0.1416885200585266 0.10563368973852647
-1.2195159196853638 0.026656555011868477 -0.11700790375471115 0.11261337830483338 0.030281686476689867 0.12060270068545263 0.11628003299630645
-1.3511775732040405 -2.353205680847168 0.42305147647857666 0.08703903843936489 0.03292189513638523 0.16008533059616595 0.10832859825848974
1.1815797090530396 -1.5970853567123413 -0.3582421839237213 0.07869951499670683 0.022280045562835114 0.16464090362435702 0.07912885315971453
-0.3970053791999817 -1.3736661672592163 0.0206547062844038 0.034978866145131175 0.030023121711658045 0.17569574122925358 0.10065069935042348
1.0577335357666016 -1.748885154724121 -0.21258969604969025 0.09297709502695453 0.08681672122730727 0.12767145159385615 0.10624917127729136
-0.9446433186531067 -2.574873924255371 0.0033751800656318665 0.049482605498442224 0.04270770687278823 0.16027794038520352 0.07953258004337653
-0.5221571922302246 -2.5647523403167725 -0.3330487608909607 0.10696695658610748 0.021687024069213655 0.16200748758448819 0.1241307880255983
1.7798218727111816 0.7091337442398071 -0.2996180057525635 0.08729996469354537 0.07925323206766241 0.1584439290243661 0.15665906639413418
0.024612784385681152 -2.5159947872161865 -0.4860750436782837 0.06729797388758033 0.02810863314670113 0.06790170904332117 0.0803411247452798
-0.41248971223831177 -1.3287482261657715 -0.4631636142730713 0.08911431401220132 0.08788995056752655 0.1474551353574638 0.14657069058115457
1.4271681308746338 0.4920155107975006 -0.39844051003456116 0.06238958205303081 0.027125915402234472 0.17848346847250654 0.16168072890064183
0.9013933539390564 -2.40498948097229 -0.3445048928260803 0.07999169403411516 0.07859276438618262 0.11993793890590898 0.17526559776045875
-0.8834657073020935 -1.0528583526611328 0.2584333121776581 0.10629796502479547 0.041093817701318966 0.11435242750037362 0.11040928776535378
-1.5221140384674072 -1.5310410261154175 0.07704340666532516 0.0729404445252819 0.06526589040120591 0.11219685401668106 0.08894105619368373
0.9000463485717773 -2.379513740539551 -0.06797115504741669 0.10237191193897999 0.08686910510031029 0.17393484159985567 0.15519084787731757
-1.4747190475463867 -1.7148021459579468 0.07418734580278397 0.03201289130429673 0.023286118812469437 0.06354595122252493 0.13742389292858667
-0.16769394278526306 -1.7717599868774414 -0.49903053045272827 0.07093387103375229 0.057705727162399814 0.09543976477492863 0.11093064252679463
-1.4481525421142578 -1.89329993724823 0.05261661857366562 0.0574634460125269 0.023591387535862516 0.0746647042028595 0.1591485133643626
1.0153011083602905 1.0825848579406738 -0.23999300599098206 0.03388501834734319 0.031551906480063015 0.05304706476858776 0.14901602168047834
0.52114337682724 0.666208803653717 -0.12341754883527756 0.07090156807322084 0.050326328913777967 0.111843683898445 0.10983732572079198
1.3597103357315063 0.5328617095947266 -0.21045801043510437 0.057188966542762454 0.030988301018023887 0.1478378861364678 0.06805562128489179
0.37159475684165955 1.1143893003463745 -0.13271179795265198 0.09457214275293348 0.08061098601674792 0.15637616264051077 0.1654988551183624
1.635366678237915 0.9167109727859497 -0.09520865976810455 0.11422977741482186 0.08389296084745186 0.12080228661088774 0.1389318906007113
0.9996465444564819 0.8472788333892822 -0.14695478975772858 0.07882285812030332 0.059536832385838054 0.16866368486780653 0.17443779772195944
-0.9032600522041321 -1.6191571950912476 0.32257601618766785 0.03893802281000947 0.03780792763928234 0.08324502280131846 0.09647221668671455
1.185729742050171 1.2517611980438232 -0.49817052483558655 0.0812667221079943 0.06180502960658682 0.08136370632600115 0.10553592625909558
-0.5430100560188293 -1.6303210258483887 -0.037564296275377274 0.04409335921618202 0.03443501786174726 0.13074551819659838 0.07915862125773879
1.2355540990829468 -1.5884051322937012 -0.09989695250988007 0.06910032801173409 0.035257526106450644 0.15824732780010495 0.07604499647526329
0.2608710527420044 0.8868613243103027 -0.31260618567466736 0.07984751528546706 0.06840866567525768 0.15571826692938237 0.13388352458563121
-0.4579809308052063 -1.186755657196045 -0.4987378716468811 0.034684605636266144 0.03076785429259002 0.08209339952669178 0.09992210915906259
-1.2252382040023804 0.11286315321922302 0.24086003005504608 0.05696985055677872 0.031755628729432835 0.06485185984202935 0.10892596526152022
0.02629990503191948 -2.585346221923828 -0.0426451601088047 0.0391887372666539 0.020449981381255564 0.0998019059806608 0.04555341228007802
1.374598503112793 -0.1534222662448883 -0.3129223585128784 0.08989865753440454 0.04651559420976388 0.1036238853590466 0.10881401053102796
0.3711213171482086 0.8399606347084045 -0.5466693639755249 0.06937707744182094 0.046443635666319 0.08359255128619938 0.12100496101234379
0.9872869253158569 -2.064685106277466 -0.37950554490089417 0.11514148288088871 0.05186268683733557 0.12514347487189037 0.13381049284663551
0.17994242906570435 -2.540830135345459 -0.1679808795452118 0.038148671552507694 0.03537731410532369 0.1453493497154373 0.0962531965743244
1.0349342823028564 -2.2899749279022217 -0.28667670488357544 0.0786896953168758 0.07622627231200069 0.1292596724145353 0.15114882758233827
1.1738502979278564 -2.2390215396881104 -0.22849906980991364 0.10086861672720039 0.0543840095456357 0.17182190507457037 0.13384742532632948
-1.211269497871399 -0.6890323758125305 0.13472393155097961 0.07124756702223527 0.058313579229545484 0.09570339093477968 0.07479190992740928
-0.0009878991404548287 -1.578314185142517 -0.5673041343688965 0.08811579236077982 0.06257910362584537 0.10581453382044875 0.1536005415549762
0.5729897022247314 1.0680460929870605 -0.2870052456855774 0.06722037391333968 0.032545849339782586 0.12663702504051305 0.1538639974142585
0.5286087989807129 -1.9899085760116577 -0.10978352278470993 0.1064242176374176 0.07985011813173684 0.17168135590171027 0.15459196652863522
0.8616035580635071 0.41002175211906433 -0.5208606719970703 0.059797589323640904 0.046751932278412095 0.14767445860866185 0.07202806925654451
0.3825312852859497 -2.1358931064605713 0.0010972082382068038 0.05699419782007057 0.023806448411117107 0.14290832936329684 0.1318451771697841
1.1147226095199585 -0.7278750538825989 -0.5307325720787048 0.0445747568764717 0.021675982086700064 0.13505934696108765 0.12233094294832411
0.36005038022994995 -2.110658884048462 -0.5191230773925781 0.03380968694065597 0.021219365052932045 0.11462818001475761 0.038403407258655334
1.7907345294952393 -0.9011125564575195 -0.2903626263141632 0.052498412060103194 0.039213007135938976 0.17990176620930504 0.13104689096038546
0.5048457980155945 0.6083587408065796 0.0031042248010635376 0.05577756741910928 0.034462252793578764 0.14659826991374358 0.11141540416916534
-1.2413477897644043 -1.9959561824798584 -0.16280318796634674 0.08629060480616518 0.04394361008932695 0.09263190347087209 0.14436654619035763
0.5796781182289124 -1.8364894390106201 -0.06024730205535889 0.11244333621567579 0.09508344269689696 0.11294909210010567 0.1493583961869788
1.257796049118042 0.40534743666648865 -0.3772720694541931 0.0696965180552282 0.053027779274142914 0.09933100513333074 0.17708984903069408
0.6479538679122925 -2.131510019302368 -0.33914414048194885 0.06493575109296669 0.03242826295593251 0.11077644898132646 0.1380544749581325
1.2619832754135132 0.2772095203399658 -0.3034033179283142 0.0878933389782371 0.04122259207990142 0.0973730093968131 0.12771031543670786
0.5160191059112549 -2.3598101139068604 -0.12593944370746613 0.11424942827187497 0.029071494683468542 0.13672295946166824 0.1154302983312358
0.33439040184020996 -2.0173306465148926 -0.32279708981513977 0.044099624393787465 0.032990879893199127 0.06818313246053676 0.05921687688901157
0.9473231434822083 -2.06268310546875 -0.1373005360364914 0.10392740299805488 0.051972494431978336 0.10783785896759775 0.1733306132205905
-0.31008151173591614 -2.520136594772339 -0.459245502948761 0.1187668937144289 0.11654717122520324 0.11911792455993615 0.15127802108597732
0.5104401707649231 1.0320615768432617 -0.17633306980133057 0.11618181485651968 0.07485890928079904 0.17801265131960797 0.1718332296958303
-1.514480471611023 -1.6498430967330933 0.5752642154693604 0.07473366248395434 0.0349626133398417 0.1403888675360293 0.11678305086804557
1.7731449604034424 0.31560036540031433 -0.14508038759231567 0.11731043481713858 0.10869520488301532 0.15458966305888072 0.14104447894551325
1.1597752571105957 1.0679599046707153 -0.13757237792015076 0.07150404909831506 0.030855201669078756 0.14365837618643135 0.08124184578257597
-1.3385295867919922 0.25246691703796387 -0.07040116935968399 0.058415075287616136 0.04754546085987928 0.0698920056223118 0.06957383574745968
-0.18336519598960876 -1.5272771120071411 -0.4732024669647217 0.10393297845642831 0.09548366405042846 0.159516040172418 0.17894869269667477
1.4259185791015625 -0.8236639499664307 -0.03642326220870018 0.06854589044820089 0.04802581589938913 0.11059374029970445 0.08427269864865822
1.2281017303466797 0.1076299175620079 -0.22501139342784882 0.05554146407015373 0.027395050096129546 0.07819917737790902 0.11866617743430691
-0.982685923576355 -0.8027775883674622 0.28333351016044617 0.0994717782576636 0.03326136018435062 0.16258778263681756 0.14474920223547408
-0.08597328513860703 -1.095054030418396 -0.5654637813568115 0.08537644641478208 0.034741738730024216 0.13267878519372497 0.1792605918410879
1.4316086769104004 0.11566595733165741 -0.4435632526874542 0.10780444924638624 0.08761239092145359 0.16978763856467732 0.14459741126991946
1.667936086654663 1.2907004356384277 -0.2427697330713272 0.08586632580704177 0.022785607755998676 0.16943486993625573 0.10748798101150206
0.21918116509914398 -2.4783072471618652 -0.5548533797264099 0.07690826794850741 0.024436636961873454 0.10080720375644311 0.07929641780271052
-0.510515034198761 -1.4527232646942139 -0.23722320795059204 0.05338891901751913 0.02229271002996492 0.10598601893028525 0.10883415529846424
0.8181939721107483 -1.8479467630386353 -0.30540427565574646 0.0677484066995696 0.02314871988824204 0.13045772673835487 0.15657960442877045
-1.3643137216567993 -2.060544967651367 0.004740308038890362 0.09605359822580155 0.030020219608513695 0.17648352843084766 0.14557188883849964
0.1158493384718895 -1.8206031322479248 -0.49837377667427063 0.07404662749394259 0.03395980002039298 0.10068952010110747 0.09295146276848779
0.8970480561256409 0.4745417535305023 -0.3554726541042328 0.09990806969579773 0.07078974184786377 0.15396527911317717 0.12497928620986627
0.5516883134841919 -2.334892988204956 -0.05913440138101578 0.06552009616841326 0.03392542170135382 0.0967976422912234 0.16948200533866148
-1.371518611907959 -1.8357030153274536 0.039115067571401596 0.11980741410894857 0.11104597762991926 0.13976757873496864 0.17896935343559725
0.9532274007797241 -1.1224581003189087 -0.23002664744853973 0.0991710325336094 0.06878677154717229 0.1608729250945656 0.12129870940531579
1.666057825088501 1.5849140882492065 -0.2860049307346344 0.055209095458584906 0.041546514718468805 0.08961057312100482 0.07415166090141226
-0.3217904269695282 -1.2386308908462524 -0.5358774662017822 0.10661983189703783 0.06070782881039703 0.11252280236776255 0.1292407465015918
0.47229698300361633 -1.7025692462921143 -0.5230947136878967 0.11601222380850096 0.10723369344930035 0.13371889093235975 0.12025334366260819
0.556298017501831 -1.38006591796875 -0.11366170644760132 0.05435541710738223 0.042615470979091435 0.10702579719259281 0.1768253273044259
-1.2327688932418823 -1.0189361572265625 0.19292131066322327 0.10716222015368788 0.03725334501506045 0.16698959913471723 0.11792851094740749
-1.5063624382019043 -1.6399410963058472 0.46467214822769165 0.08009313627418044 0.03929724080557895 0.10767191067650121 0.14292672800332135
-0.38300296664237976 -2.506544589996338 -0.26536232233047485 0.11672327673336487 0.1021515520975871 0.13164858945210953 0.12386061963664126
1.4098565578460693 0.88145911693573 -0.11120951175689697 0.09870071182693343 0.025763428936541835 0.14526974420436084 0.15929914108307197
1.0343807935714722 -0.2822728157043457 -0.09791314601898193 0.039137580979374746 0.033611497388563914 0.1578718598651344 0.16065863200501748
0.5533555150032043 1.0024189949035645 -0.5376964807510376 0.03697499151635325 0.028306228108455442 0.1589701661299026 0.04631345091810261
0.9364209175109863 0.7498222589492798 -0.393952876329422 0.04894960149954599 0.04641063989499079 0.0835009649581322 0.10177527839758418
-1.071355938911438 -2.1431150436401367 -0.03971949964761734 0.06018937733414789 0.04316779684578975 0.17091549041935797 0.1455516447570333
-1.1012320518493652 -1.6690348386764526 -0.09584067016839981 0.08911437181220583 0.07572576601187395 0.1036354369887183 0.15901732431429366
1.274001121520996 1.59048593044281 -0.35917532444000244 0.09334771698193012 0.06845098703992682 0.1345800911604995 0.12345344136605156
-1.0544546842575073 -0.689095139503479 0.16043055057525635 0.04871200414555302 0.041515923899051545 0.06580715943496392 0.11837083074027654
-1.0831812620162964 -1.0144716501235962 0.18765468895435333 0.05171462678864636 0.05017281359243192 0.089963247324609 0.08870648542310423
0.16576240956783295 -1.301111102104187 -0.055770061910152435 0.09138825532549566 0.04111233062122792 0.14540460501066954 0.17198603879883023
1.222082257270813 -0.3393802344799042 -0.0352911539375782 0.11397627446257844 0.0758973649100466 0.12258940206095281 0.14726268159317685
1.2920653820037842 -1.603416085243225 -0.07930375635623932 0.11074434182897172 0.08155420924832432 0.11562493662689322 0.11869713374679941
-1.0951859951019287 -2.119558811187744 -0.1477377861738205 0.0733998497825705 0.05254557145755713 0.10100694118265564 0.11819871735498777
1.1107521057128906 -1.4422385692596436 -0.14729219675064087 0.062191140659954555 0.05136775899986064 0.07625919749714474 0.08933418440677532
-1.498711347579956 -1.8362065553665161 0.10154898464679718 0.11536297819132386 0.03409076800937062 0.12912410586732317 0.17379034789841813
-0.5418747663497925 -2.5906074047088623 -0.5309978723526001 0.06068282361759331 0.04706634632843784 0.09653200368285056 0.11678611550788831
0.6256667971611023 1.1875712871551514 -0.25583720207214355 0.05222489780990795 0.05189700860447516 0.12671420835423833 0.06406194940811889
-1.3673624992370605 0.27162694931030273 0.19875206053256989 0.1092931629553462 0.028636539590908824 0.11599597556784377 0.16195898231008965
0.6643091440200806 -1.519138216972351 -0.04136422276496887 0.06004984964023004 0.027205331778127194 0.10647717309765631 0.08283456459595276
0.950895369052887 1.3710206747055054 -0.11302667111158371 0.0927785481668199 0.08644571090101695 0.11734509845904392 0.1597087068074705
0.2173406183719635 -1.688736915588379 -0.31199195981025696 0.07576913318925407 0.07366590800718527 0.12863328687599415 0.08756712850992014
1.0735504627227783 -2.025865077972412 0.027396339923143387 0.08368657617975109 0.07683323684922823 0.17241554212967264 0.17785785244958813
0.11251182109117508 -1.217094898223877 -0.12446069717407227 0.06569215232659276 0.03069605950205153 0.13981026028945231 0.1270934347055631
1.5302882194519043 0.44673192501068115 -0.37755662202835083 0.08141276658051315 0.061631128364581594 0.09750027856965215 0.1793839383049396
0.9980362057685852 0.40751907229423523 -0.11692234873771667 0.1031674832677244 0.07461071510633689 0.15389721187382682 0.12033449354521358
1.4116144180297852 0.6057651042938232 -0.33533045649528503 0.04560139405916258 0.03017010101458306 0.17081481739121906 0.1783612306096546
0.7275647521018982 0.7264106869697571 -0.5686995983123779 0.0974144961635997 0.08517335166256776 0.10649293934085523 0.10907145955322375
1.414398193359375 1.2252719402313232 -0.5585289001464844 0.08574184932044779 0.05697177137678616 0.0866860554740759 0.09274486365141694
1.347403645515442 -2.2115676403045654 -0.17371591925621033 0.10175569636918301 0.025995060839584503 0.12897860726958663 0.1773917229047575
0.3699913024902344 0.8215818405151367 -0.4999266564846039 0.03443449050066749 0.028977894823496747 0.13576233910548313 0.06228929768095656
-1.1507176160812378 0.29627397656440735 0.21253564953804016 0.06587396048023089 0.036730250979885096 0.0834353163181907 0.16210833787448126
-1.0723061561584473 -0.08989030867815018 0.0013857473386451602 0.09980596212925011 0.04705772309017326 0.14558597772882056 0.10199415047425675
1.0883361101150513 -2.36134672164917 -0.4509924650192261 0.04501891163578491 0.02429030276150629 0.05266504046086858 0.0550808279014133
0.9613811373710632 1.3298088312149048 -0.5282952189445496 0.11307905279421246 0.10135556113505438 0.13294940515392134 0.11791127015308636
1.3608518838882446 -0.6091943979263306 -0.3732087314128876 0.10000149924057367 0.04605741121647976 0.15443010300958102 0.16912787975086008
0.47194749116897583 -1.6368465423583984 -0.4239412546157837 0.06681513397531458 0.04719468513676343 0.12930369183707408 0.10105220203405063
-0.944796621799469 -0.5631700754165649 -0.11870957165956497 0.0797143010138206 0.07813673786208096 0.11996196879495004 0.17318405186945207
1.404287576675415 -0.5836504101753235 -0.29301249980926514 0.053448700109797104 0.04098883235226937 0.14281638594636148 0.06254737265180482
0.3123117983341217 -1.2423524856567383 -0.46015220880508423 0.08783573790148233 0.08635806580217174 0.13335395583623827 0.15097406368549088
0.5403342247009277 1.0218333005905151 -0.3332287669181824 0.11856921552270054 0.0447626166155446 0.16690120143984932 0.1642592758642608
-1.1813277006149292 -1.4583905935287476 0.15374420583248138 0.060496140651996225 0.05900948137407301 0.14725524711244425 0.069980567253573
1.022658109664917 0.4572683274745941 -0.04639580473303795 0.08205203005655828 0.04614502033910193 0.12563970977875527 0.16655445514183864
1.1961326599121094 -1.408280372619629 -0.25686636567115784 0.06274816715055175 0.03435775368942503 0.11782235485145581 0.067741643409977
0.9394012093544006 -2.515918493270874 -0.20808961987495422 0.06257840982282409 0.05761941795279295 0.147214335457849 0.17867883780742247
-1.1514647006988525 0.22136524319648743 0.2750779092311859 0.0894214958170411 0.07842265212950038 0.16467303809982162 0.12733651709253263
0.03764767944812775 -1.3673951625823975 -0.023798823356628418 0.09116942821765256 0.02562727279941248 0.12946880270619562 0.13418959154867033
-1.1125200986862183 -0.44312557578086853 0.268929660320282 0.03882691397568863 0.02727390613273477 0.1470713316995485 0.07714716926985649
0.3677425682544708 -2.1541683673858643 -0.2530311942100525 0.06786682753919773 0.040349447484784126 0.12697641297214848 0.14619941018403268
0.6934875249862671 -1.84586763381958 -0.08767595887184143 0.04286441555503563 0.031125794062786503 0.11679577379400949 0.06644016710697401
-1.2999824285507202 -0.9145597219467163 0.22856725752353668 0.10723975251274802 0.0655564420713277 0.1325095591828939 0.11221403319610626
1.1052930355072021 1.1551523208618164 -0.07782885432243347 0.061824130238388446 0.026064162980551416 0.16294501971982747 0.09779890181314474
1.0946812629699707 -1.8440641164779663 -0.4327542781829834 0.11771625739284153 0.044111580943740306 0.13270606917782152 0.15749421746910391
0.5653484463691711 -1.3148086071014404 -0.10640662163496017 0.07029965403449871 0.061253580213732506 0.11645002383891574 0.13573268105340508
-0.13505400717258453 -1.668007731437683 -0.2486138641834259 0.06608204453394091 0.04755900439635298 0.17512697361033971 0.15123769080863625
1.2468061447143555 -1.349302887916565 -0.16063664853572845 0.05727776196990453 0.04068827171564582 0.06687518723808981 0.14836586334575277
-0.16045072674751282 -1.3478503227233887 -0.43275219202041626 0.08676304338387159 0.055536304906993794 0.1423566042789598 0.10151291004641116
-1.003389835357666 -0.7204883098602295 0.17416925728321075 0.03638239363010345 0.03085866835812297 0.10556007902728645 0.06894798554909388
0.6422346830368042 -1.2831519842147827 0.02507130056619644 0.1191091755022083 0.061923423888449444 0.1256130335304428 0.1713816491255228
-0.26339462399482727 -2.310851573944092 -0.5190863013267517 0.09665900583183366 0.041718298981956684 0.13911661445593837 0.10928447089054603
-0.16886964440345764 -1.6643221378326416 -0.06832976639270782 0.09788554402113256 0.029535615674213846 0.10176533252321673 0.12015273310479095
0.17590652406215668 -0.9977229237556458 -0.5536860823631287 0.10059950828003024 0.02515237454170103 0.15589857021956746 0.10356962762826755
0.10803379118442535 -1.6025686264038086 -0.20577533543109894 0.09220423199325001 0.09071916618894876 0.0994584744939185 0.15340410010872627
-1.2640044689178467 0.15912190079689026 0.24643193185329437 0.10629649358983131 0.023507290407778013 0.12783753209113854 0.15137854375795096
0.5022773146629333 -2.1067190170288086 -0.18287155032157898 0.05103362181723885 0.038519773512589575 0.10322536186962594 0.08632077027581705
-1.2021139860153198 -1.4229319095611572 0.16349156200885773 0.07642057103874503 0.024848369791128182 0.09097459169891169 0.14841494532872673
0.8986713290214539 -0.3163902759552002 -0.34057265520095825 0.11434502207715758 0.07784040889790285 0.12161059635430896 0.16536546396905022
-0.09178324788808823 -2.0399930477142334 -0.48654282093048096 0.1001889558904186 0.08748323757550544 0.11207831370398687 0.1519741924445119
1.3920727968215942 -1.751426100730896 -0.4704603850841522 0.05562353075394368 0.0492219387681711 0.14124809414564837 0.16012596820912126
0.08610637485980988 -2.5147221088409424 -0.3669337332248688 0.1005330256477034 0.1002678785043503 0.12381803011088438 0.16241365326284807
-1.255039095878601 -1.0747411251068115 0.07604740560054779 0.10371370316918789 0.06592339167600358 0.1460495823303913 0.11405332307763494
1.251321792602539 0.7149511575698853 -0.07559124380350113 0.104980041982841 0.03233854656589455 0.12819024886399086 0.16190734373228843
1.2020889520645142 0.6668961048126221 -0.5057805180549622 0.07120954133788515 0.023237259399644314 0.09755759913136604 0.14287998564458723
0.7093097567558289 -1.9056123495101929 -0.1828155666589737 0.09656078302568305 0.08448135035467996 0.13065342578434633 0.10315312676612784
1.3129652738571167 0.7627466320991516 -0.07219365984201431 0.11774586061208324 0.05205409965611314 0.17122000540830745 0.15865308085244723
0.029952775686979294 -1.2926363945007324 -0.413613498210907 0.09154782069362591 0.02239694982825548 0.14983949827636578 0.1653356292975702
1.0642759799957275 -0.4461710751056671 -0.15144631266593933 0.10672541760895433 0.07192016771951668 0.16085855015831163 0.15497025626664768
0.718348503112793 -1.815474033355713 -0.09997277706861496 0.05068177969690832 0.025683105003573556 0.16097904923210227 0.07767049633432592
1.1943955421447754 0.3040545582771301 -0.3566629886627197 0.06605549066104215 0.04235837983539184 0.09203703032840244 0.13790924833935392
-0.9452771544456482 -1.2910423278808594 -0.04187249764800072 0.06851167832773658 0.060075245812046985 0.15877200551201912 0.07965833957763546
-1.07332444190979 -1.7921749353408813 0.03241962939500809 0.06890164965385186 0.03283310172270048 0.07529027833382247 0.09639238693597255
0.7829359173774719 -2.032414436340332 -0.3411721885204315 0.08517310956383613 0.024289087456852605 0.1410496120636508 0.08670969825688196
1.0188074111938477 1.2661633491516113 -0.4054989516735077 0.10931309374414964 0.07184835932325458 0.11999139388193547 0.12730672122554051
1.2573814392089844 0.22117026150226593 -0.543500542640686 0.06852869820665718 0.03251210483340029 0.17560251534947494 0.10871841155242098
1.1192036867141724 0.02472676895558834 -0.33364176750183105 0.10925840247403454 0.06818604801156582 0.13123878742729272 0.1463973278562205
-1.1689467430114746 -1.763253927230835 0.03467460721731186 0.11248264207781075 0.0809254385333556 0.13778986500502702 0.17136079519428235
0.15718220174312592 -2.410151481628418 -0.004079094622284174 0.05591457961859164 0.021667759368043313 0.10581192490638672 0.12779239370022621
-1.2192714214324951 -1.8327540159225464 0.38707977533340454 0.08382660641564668 0.06719785522980475 0.08927774460984483 0.11050468498077769
0.5263344049453735 -1.2156813144683838 -0.33205655217170715 0.0773213119516961 0.07151932251461689 0.12160381617896271 0.1607719424212245
0.1526946723461151 -2.4840896129608154 0.024356510490179062 0.10444513157268254 0.09218251932111247 0.1432471867622786 0.10597537744025297
0.39771008491516113 -1.3641164302825928 -0.18577644228935242 0.06055748326484082 0.04880140150134566 0.06581312527269692 0.10347486853034074
0.2847289443016052 -1.045722484588623 -0.10584715753793716 0.10386197722393643 0.03932585781650515 0.1239038484728281 0.135923835235932
-1.5715255737304688 -1.269698143005371 0.28165170550346375 0.1187293344804813 0.08438281406687352 0.127544704999599 0.15634192843915004
0.8819558620452881 0.9677080512046814 -0.5563978552818298 0.07034255589257282 0.057377387040852865 0.09518510017044883 0.07062517181967581
0.583636999130249 0.6200542449951172 -0.21350805461406708 0.10876148082020388 0.02479720187526173 0.16864702993918057 0.12414313812683624
-0.2410258650779724 -1.7324354648590088 -0.44315749406814575 0.09430814809066507 0.08806300886085852 0.09695525623848125 0.11415459935923113
-0.05218036100268364 -1.728535532951355 -0.11886584758758545 0.0779932635993211 0.02872543853030958 0.15111289723999968 0.17904642845767738
0.9205872416496277 -0.5968583822250366 -0.5615260601043701 0.10149554037453487 0.08313179330107044 0.11111215673946655 0.1421698040557926
0.12932626903057098 -2.2892508506774902 -0.5050923824310303 0.05174184296702383 0.04276704036935573 0.17492494770854727 0.13965976174350433
-0.783928632736206 -2.033841133117676 0.29633837938308716 0.060883500494427506 0.05690476014000012 0.09885996726569389 0.1007978390449087
-0.8246167898178101 -1.7134039402008057 0.2791558802127838 0.08483316829629517 0.04220172157502265 0.14777152292822326 0.11980129503516027
