1.3441598415374756 -0.7292646169662476 -0.39036503434181213 0.04403243036602014 0.03970048971042779 0.12149508859157315 -0.16982339253459883 0.05988556412170327 -0.05429497941381248 0.034147637471673764 -0.11162211326598567 -0.07677431074960325 0.1487882409950973
-1.2106552124023438 -0.48045584559440613 0.09904737770557404 0.07688664112249546 0.03445849659298353 0.16289535035471037 -0.1366240655366363 0.15404520394024282 -0.04337214333065367 -0.08728694080886933 -0.12207162565469204 -0.04365590238355685 0.07743671755374093
-1.3355618715286255 -2.458350419998169 -0.005018218886107206 0.047330537291846754 0.020124476930235523 -0.09295253090735335 -0.11753305991188012 0.04914445857464311 -0.1730192633863821 -0.058061206047382546 -0.15942700995133788 0.0013065332342169778 0.09066140612006302
1.2063469886779785 0.6667311191558838 -0.28930336236953735 0.0667321898738108 0.06537732190580021 -0.14499835678592304 0.1787310511849468 0.0714051255162483 0.11089526894300544 -0.04807667369367313 -0.1150584226128531 -0.15278482318023945 -0.14565979085902386
0.08984535187482834 -1.3346798419952393 -0.3032536506652832 0.04366478798447557 0.021041583652576534 0.16613660512794515 0.03898506150966896 0.13495232126207402 -0.07311929145403279 0.11628112931813711 -0.153017592825152 0.05458939947978589 0.09572230828047812
1.1712994575500488 0.6754112243652344 -0.4433608949184418 0.036913260603542386 0.02822187553545585 0.174368224860171 -0.060749533447951226 0.0510937671958564 -0.03175154913359868 -0.1059810639976173 -0.0868683138699075 -0.081527660648733 0.1137975326333362
1.5259249210357666 1.3058550357818604 -0.3909011781215668 0.08206537170838893 0.062457956267394824 -0.10804411950109784 -0.08345780074263398 0.12314458244739501 0.009589616563149245 0.10135481195073626 -0.14936800853663784 -0.05625823475107594 -0.08813150752153322
1.0570991039276123 0.9664998650550842 -0.32031333446502686 0.038868757506509366 0.033393228608336586 0.17899030273964361 0.16472750765594968 0.1772575583122524 -0.0323653066962247 0.025146504320297386 -0.046075683672555816 -0.12756014502977236 0.015281372165085655
1.22637939453125 1.465592384338379 -0.36802035570144653 0.042319540125279484 0.02472532697091215 -0.009628141396129802 -0.1710490827911016 0.1781814290499369 -0.032396769765908495 -0.035366408219451556 -0.048154396389525386 -0.016064777524167323 -0.16827372671785273
-1.020693302154541 -1.0755720138549805 0.04470345377922058 0.0777387517140205 0.06627389629107228 0.05711303489987765 -0.02898675643663215 0.12058533774317842 -0.15768295789314188 0.04105424905845703 -0.15618996491530293 0.10559400981331973 -0.0916318265161947
1.1314797401428223 -2.1718010902404785 -0.49864661693573 0.06809790852415565 0.05437716041697148 -0.021079980821721078 -0.15729217848442492 0.16625032736804826 0.11686540653446176 -0.17022914072722 -0.06989886591838948 -0.06878408656748115 0.1067570318110248
1.3230688571929932 0.31191447377204895 -0.3205834627151489 0.04013655369691835 0.022095565663416614 0.09985651324225997 0.07680865860690317 0.15044941779662446 0.09978025060540707 0.04554495368601377 -0.135154406682022 0.04310440654219683 -0.16589327114149427
1.5772249698638916 -1.9699978828430176 -0.3053688108921051 0.09909360590813976 0.05171491364263302 0.02601857966412066 0.15113860182623667 0.12582275538220777 0.15313720549272652 -0.13577960466880348 -0.17972002571375478 -0.14797925643988483 -0.15497337499339253
0.04846775904297829 0.8973574638366699 -0.535751223564148 0.09297330489903985 0.0849363105198596 0.1353390457325378 -0.14713411713673158 0.17460231337540205 0.15918575041939176 -0.0789971932688824 -0.13432098021393596 -0.04799900029825768 -0.06219978118577016
0.7789348363876343 -1.8629769086837769 -0.2768512964248657 0.06621584979298475 0.026553065028163746 0.06085244535564446 -0.04349961331948313 0.14273159684555947 -0.004727168934751169 0.16867112483540248 -0.08318116009949714 0.01009573016783491 0.05520236108860638
-1.1455119848251343 -2.0670604705810547 -0.08420506864786148 0.08549346675582717 0.04151835578719894 0.010549023989606776 0.09851175084350366 0.14074209583182468 0.0016221807555548695 0.13740059898845458 -0.15631595946164767 0.16115954278791123 0.1383120259797493
0.9227811694145203 -1.954013466835022 -0.44615480303764343 0.07281410503582914 0.0500555234894971 0.09354105221526571 -0.06823118046624153 0.09168228063032617 0.07789016070022653 0.041605715785656194 -0.13870507709284513 0.06421109832669289 -0.025958837673805163
-1.4249502420425415 -2.393542528152466 -0.13124582171440125 0.10791974758122955 0.06886550798196163 -0.0900091684932616 -0.14697004078653605 0.11823419411851879 0.1171100180339425 -0.06489749618388767 -0.1275863254165004 -0.04069373975509438 -0.1484114014909371
0.8499634265899658 0.8360232710838318 -0.4351007342338562 0.08996340785672315 0.02608053747250656 0.05349723389888428 0.06178056936060303 0.09305503794229972 0.059093251818894216 -0.12052799218704516 -0.11463325895697221 -0.06579258722741158 0.10668695309470888
-0.16846968233585358 -2.137685775756836 -0.4986680746078491 0.10414683825731852 0.024762101408163907 -0.16026996683547176 0.08295495604948239 0.16069503987485362 0.1658855012928772 -0.13591377961191636 -0.13629966672176633 -0.10652954882186903 -0.044456620170353706
0.3562914729118347 -1.8145753145217896 -0.43877974152565 0.0564937642397758 0.05607057195498803 0.16154445812633328 0.15924725202983003 0.07748541259084729 -0.15529664294170634 0.009806869190824963 -0.12309828553120711 -0.057338563687623786 -0.07549603158695016
0.23506395518779755 -0.9972946047782898 -0.3709850013256073 0.11405038826846278 0.07904573549843237 0.1508089666741914 -0.01720021119972248 0.1289358347243332 -0.1358783441822064 -0.024807947681902087 -0.1672958686007004 0.08787305719857647 0.04905698138494585
1.616409182548523 -1.998184084892273 -0.47797760367393494 0.06790932469052438 0.0466671879256989 0.17688146648633424 -0.09109867070377756 0.11694642087360979 0.17925512019711876 -0.12904611908537647 -0.10399926434898396 0.09747464160177888 -6.409086309105971e-05
1.683210849761963 1.4759653806686401 -0.4413297176361084 0.09576984219201451 0.03039310103688024 -0.15519189800029073 -0.08915100671354431 0.1313468872712102 0.1579943360549338 -0.1355682281599247 -0.09774858252168737 0.011749529085852362 -0.16762290380582995
-1.1037921905517578 -2.1662697792053223 0.032414671033620834 0.09561307422345486 0.07019580499598897 0.14581887956105433 -0.06571014708842667 0.11506619030044307 0.15428576714311792 -0.06761984105810881 -0.14204114331526585 -0.08053008383608175 0.12863095487031528
0.42948654294013977 -1.4590309858322144 -0.4291330873966217 0.10335412899671136 0.09585286938694686 0.10221516464884634 -0.15299097654437965 0.1417365365633969 0.046338995233808855 0.04378048170417334 -0.10865427204567543 0.041090674039044234 -0.06966294130593241
1.1014082431793213 -1.7679494619369507 -0.5036993026733398 0.08382815322036566 0.05134148243917554 -0.11953348058482036 0.004940271030156734 0.1523063226674507 -0.07182325581700512 -0.09102332798246578 -0.11811038377527755 -0.03611108996024498 -0.021526533158020583
1.0648510456085205 0.8143048882484436 -0.3543109893798828 0.04968946894911996 0.03544239851163274 -0.06580403441304565 0.1595187683898106 0.10416147530555178 0.1626784487708005 0.15356468938111856 -0.08988112449821027 -0.03495928224460354 0.14108922556288023
-1.5237854719161987 -1.8613226413726807 0.16991756856441498 0.08689623178333156 0.06261118934073823 -0.011226345409623556 -0.15320993980334505 0.13733413182910847 0.059153181476082034 -0.014016475268344458 -0.13692405720734954 0.05747344635484902 0.10055698693383586
0.48340684175491333 -1.0280741453170776 -0.46997296810150146 0.06370446406753665 0.035740622866552454 -0.058429148212295515 0.07624041283635075 0.09818543409890135 0.008279865375794865 0.02547457462458158 -0.16298849632470613 -0.006165098751900605 -0.17865154801081634
-0.3846830725669861 -1.9683066606521606 -0.3940371870994568 0.11034769700338581 0.038831192371188955 0.09097069479122055 0.005673578594378115 0.16376003883390644 -0.11547031486256765 0.0725984933194666 -0.15211792214625947 0.1695569163846235 0.09379033349672594
1.536355972290039 1.551440954208374 -0.5137661099433899 0.10500639270533474 0.04413369687684183 0.11503259362782747 -0.12702246983417706 0.11875730610799563 -0.17073756439698162 0.026130955050908844 -0.13259149247854254 -0.09148478688848202 0.005644931933388636
1.7432096004486084 0.6902514696121216 -0.37611302733421326 0.07266975824116041 0.038275500203999044 0.08739041937014835 -0.17928153187117365 0.15261957081631147 0.07612621935140673 -0.17033189352112565 -0.16931177344298118 -0.045425470467446216 0.16499855417108272
1.5417535305023193 0.695385754108429 -0.29946863651275635 0.09440321028520555 0.08342086972903065 -0.153693120247119 -0.040481624136225275 0.10120140492553076 0.07369250993370352 0.0670171781958441 -0.14001416090910088 -0.14259538311498385 -0.17029367898660114
1.1345391273498535 -1.3267676830291748 -0.39409205317497253 0.10371757437849098 0.09295370873526657 -0.11545180047660722 0.024657079557220435 0.11785571683062263 -0.0031427764360136834 -0.02639632861672908 -0.11680002921449775 0.11994367621501567 0.03440995028577426
0.07117177546024323 1.0022540092468262 -0.28905150294303894 0.11231127521711015 0.09640631760790802 0.04537692536034882 -0.02303997750249856 0.11987662112237311 -0.17162813255299508 0.046942945267887615 -0.16953861807624973 0.06674744399242688 0.04463599430858878
0.5775851011276245 -1.8419630527496338 -0.3291402757167816 0.11196793437180129 0.06187473272898775 -0.17719474211531336 0.12146784763800678 0.11220506462809171 -0.17708120816179082 0.041512594541635 -0.13559266204607245 -0.12395205072383797 0.12295552962063855
0.8946719765663147 -0.048705995082855225 -0.5572612881660461 0.11719534233514096 0.09472731274394368 0.002799842478230369 -0.0705133934460604 0.16905049298987876 0.06891520340301463 -0.1708245120058615 -0.16486031195957954 0.1109517103182267 0.05070713300974808
0.19235557317733765 -2.2966973781585693 -0.35133370757102966 0.057182777415339114 0.05715437215652591 0.11299761569518707 0.08534015476735518 0.1491864315082302 0.015864196654223506 0.035150879888661 -0.1503119870336563 0.10267501331907836 -0.1247769393754623
0.016576655209064484 -1.5430996417999268 -0.46998220682144165 0.043793357368430486 0.024040006264333218 0.14669578882199474 0.15185021727348164 0.16658759517746552 -0.07993623929766226 -0.14332356291755585 -0.11047251375367322 0.029214896399093165 0.13191198700593865
0.48732128739356995 -2.2821884155273438 -0.4946116805076599 0.10698635954794096 0.08578293668779698 -0.09166249800286261 0.048866372901513466 0.11226636601128663 0.00907697105581104 -0.1606946521877186 -0.1519968728475929 -0.10924411175183896 -0.1092761106031268
1.3417229652404785 -1.8865995407104492 -0.3642790913581848 0.036898595113834316 0.02402366975687379 -0.053578822046594365 0.06549393912005377 0.13816905074736952 -0.08287778055312647 0.004309729734525897 -0.1072480594640435 0.01985479779572011 -0.11968581115900023
1.0656976699829102 0.001114342245273292 -0.39467012882232666 0.04644955384019188 0.02788950465455893 0.03677276305199892 -0.11007597064212529 0.16538448073618708 -0.1551623500256436 -0.03764599327944787 -0.11990181764564466 -0.056277523754169695 -0.12085866418607885
0.9290396571159363 -0.7509929537773132 -0.5259734988212585 0.04330384084351324 0.034062864960769275 -0.16788722145577314 -0.17100392159582462 0.07582544044532927 -0.1283996323412049 0.07631020836919855 -0.10956207393527531 0.12351773040587644 -0.053768921865666036
1.708235740661621 -0.07049932330846786 -0.40424636006355286 0.09959469699795671 0.02105375338226377 0.043242267071298274 -0.056611111702328396 0.1000563776679777 0.07189045985975262 -0.17802673485771606 -0.13952480010913415 -0.11185697863923802 0.1754153296742736
0.409476101398468 -2.3154027462005615 -0.2998138666152954 0.08599243600215573 0.05035108751425792 -0.07479804106355747 0.06561272500052012 0.0884764330614239 -0.08960936451210494 0.1141844525496799 -0.12516227757069937 -0.09900947319387259 -0.0201403379145296
0.4760594367980957 -2.1919751167297363 -0.32931867241859436 0.11595412678757318 0.07647282613967199 0.024682312740678974 0.17278573700222327 0.14359553294878163 0.06279118546679868 -0.0435983847833884 -0.1238819617410115 -0.030746765967806844 -0.1786815944478194
-0.9278596043586731 -2.1026082038879395 -0.16574496030807495 0.10215132798536967 0.06081120222503711 0.04458533299276385 -0.0515843444256186 0.17757140391679588 0.10324963454082958 -0.13918131187381183 -0.13738762140233343 0.11824642565248727 0.1623161209086148
-1.0928672552108765 -2.04198956489563 -0.15521004796028137 0.04156389097263433 0.026400808352341765 -0.0735460874916781 0.11548022422498289 0.08128277518467672 -0.14425357929365568 0.05628641936913456 -0.15910414703688744 -0.08645796118253406 -0.07041263374251612
0.5343949198722839 -1.325684905052185 -0.4519718885421753 0.07027807241861733 0.06395541460476323 -0.08734426949543643 -0.0760906312822607 0.14776022764871266 -0.016502968302795934 0.15566934618020356 -0.13529685120324636 0.11978891183699852 0.169894602292316
-0.15532372891902924 -1.646641492843628 -0.2907520532608032 0.08613191268925921 0.07376698194424941 -0.11310763366404578 0.09373549422821625 0.15837515447356187 0.1639996336676125 0.028559274348872316 -0.10244928343727544 -0.12467012233354144 -0.08672376145578294
-0.02530360408127308 -1.9881384372711182 -0.44699805974960327 0.10712482410476472 0.0413800368167172 0.08255573291660073 -0.058744098000981196 0.13644663915844388 -0.020026289198268904 -0.09724666691325712 -0.1568802889880374 0.024428916618515623 -0.15541668369553746
-1.2436106204986572 -0.46158257126808167 -0.0027595607098191977 0.09201026917907489 0.031220041899035895 -0.03253986751419918 0.059989718595829244 0.16720262990372686 0.11012765198952446 -0.0973170852892054 -0.12827083006443382 -0.01799667987048295 0.12591842049634083
1.6352930068969727 0.8151055574417114 -0.46126285195350647 0.0910550818034457 0.036186134229775936 0.12035845841566728 0.02017456315127339 0.10161226433947632 -0.15663446773280937 -0.1292136369237319 -0.13216729788044773 0.09515426109602465 0.08582885343375163
-1.2799465656280518 -2.709282398223877 -0.48984280228614807 0.09902891464367779 0.022886506550181894 0.018740033280324003 -0.05837478427044224 0.11898195328460956 -0.00014882255362125285 0.09484081734592664 -0.1378752479997347 0.13483968374570654 0.15229977990081417
1.207235336303711 1.4862465858459473 -0.33103489875793457 0.10047848149765809 0.06793150730506124 0.13035611780967554 0.022586270843119816 0.1328193460369913 0.03887351009671633 -0.06369815054495737 -0.17549460528583216 -0.05116485911331878 0.011869951899458303
-1.0320405960083008 -2.5712881088256836 -0.3881125748157501 0.10607423979126297 0.10494329354093039 -0.005202091039789802 -0.04630317440860143 0.16845000157422324 0.040648321005765764 -0.1446246409716544 -0.16668867678949303 -0.14926925084279413 0.1395715108557838
-1.3333690166473389 0.28182750940322876 -0.027788477018475533 0.06457874315076662 0.036411736256445365 -0.14469557177644965 -0.019790277202192563 0.1312470272443006 -0.03167076972614538 0.04166569845925397 -0.11256527426011353 -0.13457364591229054 0.17829600849941946
0.9263966083526611 -1.3615366220474243 -0.35914286971092224 0.05508003621195335 0.04119303969539305 0.11063246314281833 -0.04707146491181077 0.06395638482076825 -0.17950321940959807 0.03827171969186871 -0.16052375786727666 -0.0279149087116691 -0.16193117785774297
-1.0918078422546387 -1.4627114534378052 -0.11845153570175171 0.05471673593080793 0.05255975257997347 0.1479473692177149 0.04540039428281134 0.17205729761879093 -0.16198145273705578 0.15791413447423036 -0.1669705935003697 -0.17769289813687789 -0.0684014428288256
1.1929802894592285 0.09728091210126877 -0.33548927307128906 0.10750347906542813 0.0964034159734926 -0.1626891106892479 0.05034005469833758 0.17797431115599288 -0.14846948759297152 -0.05953531996685807 -0.15842219252623482 0.06969106054214941 0.06221953207728029
-0.9096638560295105 -1.4896187782287598 0.10537971556186676 0.09306462778077648 0.05088263403173303 -0.14557438378698612 -0.11777922731502952 0.11869038764899234 0.1192636154567216 0.07857303092689838 -0.1675367710624017 0.04090403329527556 -0.02778547018691538
1.2911930084228516 -0.6364825963973999 -0.4082280695438385 0.08397327291438707 0.03153624454197165 0.04146874003309428 0.12006821549190483 0.16105062743301354 0.08403506674874983 0.08808873025810071 -0.1408977559073527 0.057402261418677575 -0.0924483565063454
1.2368830442428589 -2.478046178817749 -0.31235355138778687 0.039465505270883626 0.025707005954627587 -0.02347520148879964 0.03203628790976584 0.06981998296657232 0.13125597229047048 0.08485846176195122 -0.11526358363563735 -0.05560992516172747 -0.03914342228072726
1.2969273328781128 -0.22479917109012604 -0.28251898288726807 0.06544250212833953 0.05335675705009631 0.09523808247748627 -0.05086283770885572 0.09073200189891201 -0.09158510857767596 0.08172304361388799 -0.15659875098924764 -0.07401872460101289 0.043290549751269364
-1.1749306917190552 -2.340485095977783 -0.014175728894770145 0.05870784013899822 0.05589196477415531 -0.059406250499695556 -0.09784723344186333 0.16467863400029623 0.17138841419182477 0.10297595904434914 -0.0682283504585345 -0.004616374364095954 0.06424517630887547
0.8995957970619202 -2.148162364959717 -0.5649868249893188 0.10291234383414884 0.03577694342422991 -0.09976394942322936 -0.12871725873079032 0.11832274063979883 -0.021941955625975257 0.11014969800222651 -0.15362023128803465 -0.15007528344233229 -0.13924029458306442
0.47020116448402405 -1.5232055187225342 -0.40211907029151917 0.06204258094772264 0.03652626362904937 0.0688842626679824 -0.11579802369728236 0.11488930693665705 0.13945724927558528 0.17188433361724892 -0.14410144768886513 -0.007016497166702884 -0.17602566069867423
1.3922126293182373 -0.7091771960258484 -0.4318201243877411 0.034355485337539377 0.02024054253585187 0.16474023297127788 0.1276610071475694 0.17273387521485636 0.17410447856475642 0.03690648024688814 -0.0446367849653662 -0.052464062776432785 -0.03931564904421911
1.4306938648223877 0.17048904299736023 -0.4090617895126343 0.10103401461043178 0.03540010951480514 0.04669269983701818 0.13193556417512753 0.1251467315211403 -0.16711648654003794 0.14622678528060357 -0.10542452478205197 -0.06117587196760853 -0.047517807902256265
0.7266954183578491 0.8112661838531494 -0.3021939694881439 0.04939409532570326 0.04471793498118748 0.12652948576409445 0.17386404201177108 0.13811225778682482 0.08558799082624458 -0.04366919465982466 -0.1491685230833256 -0.09734373501117259 -0.15563283271482317
1.0891039371490479 -0.5046439170837402 -0.3082221448421478 0.0645873212023199 0.03458668737276193 0.1277637450796394 -0.02944109814753612 0.15605351464419992 0.004530359608430901 -0.13113338722375212 -0.10347557456315964 0.06563715425710334 -0.14501034683250955
0.9462838172912598 -0.8042255640029907 -0.285432368516922 0.06739026051303465 0.04482328391301964 -0.0008108202765554351 0.05297364845007563 0.08100480798486066 -0.005521527640831386 -0.13043814132934606 -0.07955099756400391 -0.026998394936049996 0.09064983332011567
-1.180834174156189 -2.083794116973877 -0.1400872766971588 0.10723747638737478 0.04909467749498039 -0.16253499048015996 -0.09567316098645225 0.11147238978303613 -0.03942152120894854 0.03371057560532262 -0.1440268351814061 -0.09119265856896226 0.16308217404193193
0.29700967669487 0.8136045932769775 -0.4218941330909729 0.10421214997212823 0.0956809114103856 0.0792145145781269 0.1258540122965513 0.14133298206899306 0.005549223708828682 -0.16251830350149216 -0.14609075604687227 -0.12892547641258528 -0.1529849743724862
1.2949442863464355 0.3301406800746918 -0.5244337320327759 0.09755555363097318 0.07589326368258852 -0.10773212494800663 -0.14994223040078952 0.17857756140454156 0.042588620247333286 0.028737448093586415 -0.14828796926024568 0.06721336047388973 -0.025397765309793735
-0.9654427766799927 -2.1481876373291016 -0.02480497397482395 0.07501903271508449 0.04018818583183217 0.10635600505430676 0.01763454392770289 0.111185529957577 -0.040148673465268375 0.15623178376938063 -0.09222657977590537 -0.05237977426802451 -0.15447392870162238
0.10398901998996735 0.7303981184959412 -0.49987784028053284 0.11719744364163032 0.10619029822447877 0.07472544125422848 -0.024034289119049673 0.12088875776010177 -0.05825883014635186 0.10499687915049288 -0.16210360785241784 0.09609686863466493 0.07265775679863029
0.4461851119995117 -2.103510856628418 -0.3347642123699188 0.11768809678902574 0.09867943416309755 0.1719870713235726 0.02938366479432647 0.13348796262553014 0.012607318562569025 -0.05111901307621383 -0.17927751832734806 -0.09910117470190581 -0.05791548731435199
-1.181097149848938 -0.9193779826164246 -0.004712801892310381 0.0905996547133461 0.06501152142297104 0.1572919323819288 0.1262174846598197 0.13390608901720258 -0.0991209199026741 -0.16047995430176942 -0.16142824780442516 0.1386550160104454 -0.03798864421104242
-0.8675416111946106 -2.6242949962615967 -0.4527677893638611 0.042846075127952764 0.041036846507255795 -0.16568290189266024 0.06500381572445205 0.13392128114158694 -0.0936983619208497 -0.015160108796960475 -0.05875174458369689 0.03660184185797527 -0.1787515696907737
0.28166502714157104 0.6374081969261169 -0.31743666529655457 0.11540385094818134 0.04457719735678065 -0.1651566148426022 -0.15235024394424324 0.16272447837026013 0.058220501933245045 -0.03588877419614206 -0.13299136942374676 0.030289260104614718 0.022765158488499332
0.874342679977417 -1.494339942932129 -0.4277712106704712 0.043142571304838784 0.026381803277261882 -0.0044146222343462715 -0.09502120228403096 0.08942731772377474 0.007677616409149823 -0.12200416925093358 -0.17882324960044085 -0.12727843856206283 0.17110893318252024
-0.17471559345722198 -2.4530835151672363 -0.30887570977211 0.07062705596760928 0.05881264297341732 0.09841899069808013 -0.027986028131681107 0.17863084473511726 0.03895873291012272 0.11498174241785908 -0.13980900410722505 0.07927623416703039 0.15559974808710247
-1.1275261640548706 0.17935395240783691 -0.11279653757810593 0.059663150562214134 0.05822330142988083 0.1494505760652281 -0.05290004798383546 0.1103028326546349 -0.04374317856892876 0.09535725712447696 -0.07539522178299422 0.12511698468967175 -0.05145116009349576
-1.170097827911377 -1.5178768634796143 0.03349461406469345 0.09702538708963906 0.06269399525288173 0.007233532596681552 0.08882632304494503 0.10163796855401924 -0.12538158080111794 -0.03737423237026838 -0.13572541905516658 -0.09890307366989635 0.0505057701302605
0.5862733125686646 -2.1642942428588867 -0.5256689786911011 0.08055929756221203 0.029088658347629047 0.17749420371051355 -0.0774203894088476 0.0927079938284116 0.14411736467148867 0.07056203603944688 -0.10552666792514934 0.13410619608651742 0.14588463147596797
1.0060228109359741 -2.4363508224487305 -0.42763277888298035 0.0633131125680887 0.022076221164934014 -0.14062974190723715 -0.13726235281192198 0.10184205412110597 -0.007693546645486549 0.020570139757656314 -0.1775430391368255 -0.09966896473458764 0.08753300226491617
0.8511439561843872 -2.0400121212005615 -0.4947761297225952 0.08205797660952716 0.036193367065589406 -0.06735611612068876 0.035059460977625106 0.10134066172200767 -0.14111926649537151 -0.09114267030130854 -0.13116952220800587 0.10236011033611297 0.07017483194050123
-1.3461756706237793 -2.040091037750244 -0.014486814849078655 0.05767325925623431 0.02464843966987174 -0.10141139542026383 -0.03968573979127718 0.10709916835436739 0.08947149428424034 -0.09871092953487026 -0.12993293165432804 0.12024584226071561 0.1610302098889828
0.674225926399231 0.8653314113616943 -0.4247964024543762 0.050691311602246616 0.04856902571285576 0.16293503767671386 -0.09844523414180315 0.1461936347757138 0.08967707495078064 0.1769370436790419 -0.1647731691375357 0.16393039994141484 0.018997079787358706
1.4125609397888184 -0.4604300558567047 -0.3118690252304077 0.06089039449809922 0.0403669846275872 0.03827025696944053 0.05497506784370185 0.179591472486718 -0.06464165927137887 -0.04429253480371692 -0.1683930018903844 0.05006676165881535 -0.11592945565266716
1.1169612407684326 -1.7281584739685059 -0.44513535499572754 0.06857724960525009 0.032843201294930825 0.16656910971569816 0.08878477454076189 0.07898733515885782 0.11382482157567247 -0.1257460243767833 -0.11369307734441705 0.139905715674502 0.15967519880444636
-0.5602425932884216 -1.378932237625122 -0.5639293789863586 0.0891836374377836 0.05608049288517582 0.06322941389809539 0.08937845733429817 0.17609339947077313 0.025657994842784165 -0.08126609091201145 -0.09951455667395806 0.1585640879444306 0.09939075908387585
0.7303604483604431 -1.773615837097168 -0.3234986662864685 0.1058780640892001 0.10404486006264524 -0.12343836712561293 0.15277581444125388 0.15368682826713903 0.024004387603275862 -0.14292122809740285 -0.1107438826970083 -0.16671664954828005 -0.1171938292308892
1.552584171295166 0.7983778119087219 -0.4242551922798157 0.052660544963276185 0.04353724943516671 0.15700462402602305 0.10871108134572838 0.11704653452460774 0.14964622237660324 0.0568185150334779 -0.05887108266554033 0.16488944419329055 -0.13767810582639803
-0.4016154706478119 -1.216620683670044 -0.3813062906265259 0.11699333879021012 0.11636781758749436 0.0836551273613847 0.12842271739391298 0.13904639720900547 -0.038950930999091804 -0.04312921472637041 -0.14797799100926454 0.17679653314290095 0.15115486024623515
1.0346534252166748 0.9947978258132935 -0.4327259659767151 0.0818477257063992 0.07943898117227446 0.06352206658234752 0.15389777382508546 0.11567695511469826 -0.001799564108055457 -0.01787988506885052 -0.17471488487638676 0.06335152990914353 -0.06792208056290804
1.7720255851745605 1.5267364978790283 -0.5629377961158752 0.0896991505436435 0.02478921520861096 -0.05504958994624917 -0.04193483110196977 0.11035872463334265 0.0696067188377672 0.08842238838723349 -0.13925988499448516 -0.05873530174489948 -0.1304323778350009
-0.15286868810653687 -1.7790188789367676 -0.47895678877830505 0.11193358060540211 0.11046757445080048 0.07971902971244155 0.12059680495857816 0.16376695976056332 -0.07174554988740169 -0.13392271484497678 -0.15601403813425124 -0.0290913734419799 -0.116198908220413
-1.460473656654358 -2.0162129402160645 -0.0815257877111435 0.0453060510155593 0.030605136639006675 -0.09463178350851535 0.1291582913621917 0.09682561209622907 0.028497319142945787 -0.045879803873107555 -0.15471821743525416 0.1688191031132339 -0.07051075379748864
-0.21804340183734894 -1.3015676736831665 -0.5444827079772949 0.1194386497752856 0.07182252144117751 0.012799993104064017 0.15492506605163148 0.1537636909459132 -0.13267873775778272 0.05373931548988978 -0.16645462981734746 -0.05274322813566737 -0.02142706211086584
0.10854478925466537 0.809731125831604 -0.405362606048584 0.10113674572411281 0.06881674364214173 0.0651988780360235 0.08079576432644342 0.1393424704380566 -0.1340842868128171 -0.06708604708265734 -0.1792320348944092 0.03737269404503479 0.09163060196964012
0.5485562086105347 -1.0671988725662231 -0.3588104546070099 0.11524997991569003 0.05777406560857512 0.020279549571156713 0.14924936068122602 0.13445139801734307 0.10857354060250834 0.17205190263387632 -0.16118550088323214 -0.15505683693950806 0.08291939056047404
1.4717209339141846 0.3694503903388977 -0.28774896264076233 0.07711614751527673 0.06399948747453779 -0.1326061033187359 0.14270002271221494 0.12067807639008357 0.004542333599730192 0.07119581539764819 -0.14610327930682748 -0.011038159829309308 -0.13631194620835163
0.15264418721199036 -1.3132014274597168 -0.5622297525405884 0.07377536270552262 0.03372025012555066 0.08994040094828126 -0.08655121012577184 0.12314567387221254 0.0898781481511095 -0.033903623632722396 -0.09556064937835475 -0.02066296728374664 0.1301552077303168
0.9863492846488953 -0.5692295432090759 -0.5090697407722473 0.06825994801482528 0.03486749452144182 0.06777775443703046 -0.08072584104876399 0.09139355044960171 0.0422215584159816 0.03221197565487813 -0.15975901776761356 0.08735953030715171 -0.17141175309607878
-1.0015119314193726 -1.3969700336456299 -0.0644892007112503 0.11861625253293438 0.11764890714173813 -0.1102110651593852 0.004423080117532563 0.17383355327227007 -0.14297934381983146 0.15304209534100488 -0.15593457069099537 0.05371676681793805 0.0334074410916802
0.5323675870895386 -1.2382744550704956 -0.44184473156929016 0.058888110130257076 0.049567938998538494 -0.028189699010881003 -0.10589048223052641 0.10416391462817126 -0.17200696930281675 0.07323872002043108 -0.0762930496287345 0.09307569514330971 0.10614693311529694
-0.8704689145088196 -1.8818715810775757 -0.0232853926718235 0.04120169770451168 0.03143902773107701 0.00046942381073916684 0.10217968909095593 0.17339951687726737 0.14172581992880923 0.169031568762044 -0.14901610980438437 -0.1560796753191744 -0.17100390107602184
1.7560606002807617 0.8162015080451965 -0.46726351976394653 0.06292434932249219 0.052168576839406997 0.030355030207741135 0.020564692082889857 0.16469119635308122 -0.07652680619738116 0.003562172414539433 -0.11483058387673378 0.09104368498983151 -0.036030791475504004
1.5107601881027222 0.9214562177658081 -0.5420659780502319 0.06503032730185568 0.061145491511329475 0.08412985294029057 -0.0322514532050176 0.1720612779294619 0.17665376747283124 -0.06700531858133199 -0.11943001628140493 0.17704435487640574 -0.023362596225520726
-1.0821113586425781 -1.0004483461380005 -0.15747061371803284 0.10762392393557221 0.04838410703056121 0.128214924544096 -0.15488443075711605 0.1540996260958075 0.16443670774730862 0.040332916034016064 -0.13108259225662644 0.1643662716454276 0.16267368835695012
1.444758415222168 -0.43768778443336487 -0.32343778014183044 0.08058908360884534 0.023182710264237134 -0.038754169348990036 0.169368684963647 0.1488998547084762 -0.11386506713292213 -0.15085050767410718 -0.1426516748850637 0.055762432521890226 -0.05182548351238267
-0.3444802761077881 -2.206012010574341 -0.5229876041412354 0.07443044144009778 0.03984608889167553 -0.16620550388252392 0.17285615302687934 0.08778728812040888 -0.08046893702425872 -0.11686045130649068 -0.10797247747442532 -0.016320545417530807 -0.02877284454755938
-1.12346351146698 -1.8955967426300049 0.09796232730150223 0.057482411468109965 0.045882479654235184 0.02837310719323255 0.021838493879790893 0.07342903142497452 -0.10379192523046578 -0.1464907242741453 -0.06161963229250858 -0.015785186129001066 -0.08280222287207607
1.4568421840667725 0.9833783507347107 -0.4880928099155426 0.03964468882375611 0.038220065940149046 0.015410988956200633 -0.019973757494891053 0.12720071842755645 -0.017494652165813723 -0.17124925840279914 -0.09392974855296152 0.023612319605440718 -0.02176554425105845
-0.0038798244204372168 -1.1092102527618408 -0.27856144309043884 0.10992103610473972 0.0960353502166318 -0.08492783018338988 -0.0019697585574306453 0.12427121156990528 0.009636175523395407 -0.010498737291529142 -0.17529923180424772 -0.009813118309481866 -0.03216914097005913
-0.24293950200080872 -2.300419330596924 -0.4722256064414978 0.11605339579565958 0.06589803521201655 0.01420031146189582 0.1270804636124947 0.12999155213941876 0.04286762447730383 -0.07293000538098769 -0.1171234141628716 -0.038599629087524984 0.10334142415588254
0.8877303004264832 -0.0940958634018898 -0.533721387386322 0.04535711937973931 0.029052611781892262 0.11715242056856923 -0.0967928435785437 0.04973237616818818 -0.12214338282987063 0.15364077519838598 -0.13927635795625298 -0.05596309448466173 -0.06843582173206456
1.2524147033691406 -0.5238697528839111 -0.38469454646110535 0.0736848818442026 0.02934999670113476 0.16704020999585611 -0.05025113693194305 0.11181367616555629 -0.10489837713848144 0.1373745047147149 -0.12473610488702402 0.044795875310839506 -0.1235800956728636
0.4306548237800598 0.8942450284957886 -0.4555838406085968 0.07137200632300927 0.028831382215920867 -0.13275343520220734 -0.1538172847258014 0.11487916501771926 -0.0919109864605578 -0.13295666351890106 -0.07483938466209121 0.01718568347950819 0.09253258581295004
0.5529717206954956 1.0954604148864746 -0.4604454040527344 0.0634073289104651 0.059063784328289015 0.03903868224659149 -0.05231644608543129 0.06512560238827357 0.07881984092618388 -0.1795707590740002 -0.07925032636696192 -0.11906791835988027 -0.12111313273194393
-1.4834113121032715 -1.6817567348480225 0.11184139549732208 0.10853456677904402 0.040903635367306276 0.10868496168849923 0.09643187028720684 0.1301474941253599 0.05590267115783237 -0.03408707552612519 -0.12433626405196903 0.03739014303387536 -0.16678635940091435
0.17862379550933838 -2.388761281967163 -0.297154039144516 0.08894532188918587 0.0780814315041075 0.0020331284613760714 -0.01710844349919849 0.11744128403907225 -0.06342703025827554 -0.025859549924497488 -0.10879871814530934 0.10503485164454363 0.14153213084639388
-1.3009835481643677 -2.355325698852539 0.023354550823569298 0.062215548375490634 0.02403512294810383 0.06054217032224152 -0.16160649019420098 0.07548260851590667 -0.13845288694774172 0.08857984811723757 -0.14483481462993514 -0.051405890822681044 0.03480203476339877
1.204015851020813 -0.8574284315109253 -0.5252729058265686 0.08078477591876418 0.02540050639824647 0.05597666487013622 -0.048238174859520644 0.08721033602717888 0.09757520261853014 -0.02357235688754228 -0.1610837586156481 0.06890374859110193 -0.13515874079405338
0.14496873319149017 -1.6020723581314087 -0.5046252012252808 0.06657124400792505 0.06524510116442708 0.17209306536077063 0.1407188128962798 0.09513884254869065 0.022073577508893022 0.05082287753955844 -0.08673610586660671 -0.1467663874986675 -0.07231001739698159
-0.060937076807022095 -1.2324962615966797 -0.42750221490859985 0.11721979439477866 0.06530354579647592 0.0011286719533074585 -0.0031412007718563673 0.12703814639240346 0.1169534601871765 0.16889089684240627 -0.1243567832262918 -0.16524530963275916 0.14924252597164256
0.13224183022975922 0.8334742188453674 -0.535759449005127 0.08357252448335437 0.03829016838971142 -0.17439216040576125 0.008543837420884381 0.1790418794269147 -0.055818313754606746 0.10995240049557958 -0.08894830290157735 -0.1445957483774834 -0.13234623799711945
1.1775816679000854 -1.3353056907653809 -0.3850467801094055 0.08064819908998933 0.08032462042249244 -0.12859169933910933 0.12065119449156081 0.09756429245529559 0.007567402293597009 0.07315523232701732 -0.10245970724537065 0.03163801918899742 0.07358516111528263
-0.520842969417572 -1.7090280055999756 -0.27450522780418396 0.1142349956928249 0.04105569165368626 0.17728402289653533 0.15650631873179338 0.16519231325965908 -0.036441913781776 0.13581328054808622 -0.15829167378640546 0.1256790670370197 -0.024381998996211157
0.8907150626182556 -1.6070899963378906 -0.5182676315307617 0.07872459253817835 0.0346757500764699 -0.06550107993570108 0.13004214426742028 0.09432505582201646 0.0002734781271915565 -0.11750913178915542 -0.11148979136370002 0.061671019922884374 0.029798413894573356
-0.378887802362442 -1.869896650314331 -0.47841930389404297 0.11084294554599758 0.06314260417151195 -0.1329309998138798 0.0863437469068275 0.11150060210129104 0.06583658200944928 0.17057630792326955 -0.14401384694602992 -0.14073484314220858 0.07039152211134203
-1.2735536098480225 -2.356827974319458 -0.16530601680278778 0.04148290430791517 0.03639943639158802 -0.054456406199331564 -0.05976625086046042 0.06829817946071233 -0.048998387154153555 0.17569957540885123 -0.1656487797708869 0.013562220055037738 -0.15821582747681856
1.6083709001541138 -1.953131914138794 -0.2788958251476288 0.07939604167231391 0.03587888712139471 -0.16471727013353737 -0.04545319743121323 0.08857127370805039 0.1394168839661909 -0.0012239975894946797 -0.10962777123332074 -0.051592764421685755 0.08782422530217798
1.5197292566299438 1.560492753982544 -0.46310046315193176 0.08080507404398986 0.03929631714561618 0.012521871263279749 0.11397683462956432 0.1784934955764881 -0.11561273628977055 0.04668942390757955 -0.1671661946286105 -0.03822147064125725 0.17541777987885965
-0.3483008146286011 -2.005199909210205 -0.3475557565689087 0.0795763914032322 0.03875094995369364 0.0012425058539756173 -0.008137314175063887 0.11336284562796266 -0.010758527873370838 0.09346331999929713 -0.17287626446600746 -0.05493399974423943 0.1604366557397371
0.08220041543245316 -1.646810531616211 -0.3714735805988312 0.049698181290109576 0.026522616004685022 0.04460792742619857 0.0922429724260217 0.1774153850693396 -0.027296544519778837 0.1620739806844146 -0.1639623910852755 -0.08439835606068033 -0.045737710434956336
1.219057559967041 -0.31037425994873047 -0.3951115906238556 0.07775329038199119 0.0631191445601377 -0.03294850633738444 -0.054715696587593815 0.09557108422213992 0.14319936405292216 -0.061158085854456326 -0.10656374117816592 0.09436615370043067 -0.06803983353508289
1.0246375799179077 1.3218293190002441 -0.38837137818336487 0.08091805820742541 0.02295946909376778 -0.04261957659573887 -0.017360605289966163 0.150279364883888 -0.1732837370179004 -0.06532083666084998 -0.16141987014887815 0.14804785346372018 0.09810504050050939
1.3535330295562744 -0.1742011308670044 -0.29139214754104614 0.08334678754689337 0.05284305971238969 -0.10545503815868973 0.030720579529420894 0.09026101551119646 -0.11147794513672057 -0.14129997995397167 -0.17859442622920668 0.10462106581640856 -0.17805483014152393
-0.4213769733905792 -1.5995137691497803 -0.5671588778495789 0.11436546465729774 0.10933585331472086 0.06756812205902982 -0.07973569717394831 0.15821543551476935 -0.13208974254049008 0.08215762497111773 -0.165008779936237 0.1282574979323896 -0.03945257832833657
0.5183770656585693 -1.0106709003448486 -0.4990170896053314 0.0958548509769278 0.06151923892446062 0.1675621489791826 -0.12927975544778852 0.13952123993408755 -0.1455381580161464 0.04890426740120668 -0.1555143172118197 -0.04730334403694972 -0.019355350484528133
-0.9880859851837158 -2.1017978191375732 -0.11510759592056274 0.07825154587478307 0.05065507474494825 0.14434287131335327 0.07404212459212273 0.11042794070580608 0.03832235766267436 0.07276376453142869 -0.13453269520629021 0.14517935239104574 0.1588978909084781
1.4880421161651611 0.2168378084897995 -0.42585068941116333 0.03250475654780727 0.020288479237912313 -0.10333414608812494 0.11053891357935436 0.0673252349261947 0.05502128963256103 -0.10412923492647942 -0.1436672854180298 0.10988931896526566 -0.05764991663161302
1.4952943325042725 1.1182448863983154 -0.2895439863204956 0.04260232642586683 0.02438745139320623 0.09875170423497004 -0.10986147224431518 0.17423956765963075 0.007791158822118616 0.0655497655290288 -0.09043608433421484 0.13171602478326455 0.0838701040753993
-1.2192915678024292 -1.1618077754974365 -0.054565172642469406 0.08407072831055915 0.07187758186537091 0.055191555462755254 0.16631966814641352 0.10272459285187836 -0.006005615733166714 0.03335394153330379 -0.08428247798331696 -0.14496282785213335 0.043692650863085214
1.3230664730072021 -1.0829102993011475 -0.4982013404369354 0.08790071887526388 0.04816071465710327 -0.07561618880879357 0.11027109700540999 0.13464328545356524 0.14100209651838996 -0.042405727443463936 -0.1479215793730304 -0.16716487663324586 -0.13799910430322504
-0.13044258952140808 -1.4214236736297607 -0.5288832783699036 0.049709767632230166 0.030414034357739976 0.10561269112713578 0.13079272884908782 0.1563219116406685 -0.13452777515478487 -0.13040288772393455 -0.16487075964842943 -0.11131184383591203 0.05078434532827686
1.3271076679229736 -2.154149055480957 -0.2872718274593353 0.08058814829754879 0.02885534003248886 0.0355667129648439 0.04269093244736874 0.13778148406243504 0.11773239671005292 0.1066653254695431 -0.13009159633653766 0.06654081604014692 -0.08615891589176547
1.1118998527526855 0.7233336567878723 -0.3958088755607605 0.05793190368547828 0.05591770606307052 -0.09407047267743543 0.006976657439005496 0.06377079530752346 -0.1496101709053067 0.07568394479391855 -0.12161017685266479 0.13091131242515902 0.15664783807423388
-0.9482088088989258 -2.6363959312438965 -0.4190885126590729 0.08331268286798957 0.035563290215095376 0.031703117175541806 -0.08998931819288633 0.10554067537301373 -0.08897401267649001 0.08397188098699004 -0.11103052524014408 -0.08239386072121134 0.13253583328107743
-1.2195160388946533 0.026656629517674446 -0.2217126041650772 0.04085835813019928 0.026051592972484525 -0.05968295042329616 0.1707118217744505 0.08943331246647813 -0.1178644316276983 0.06735282954975161 -0.10307475726805138 0.003978940653136892 -0.17013525478886998
-1.3511775732040405 -2.353205680847168 -0.14744903147220612 0.07905871039555391 0.07856780896069836 -0.16487989838182854 -0.1269845957175505 0.1534465522403776 0.14839872555284994 0.08714379383714527 -0.12012147787243344 -0.10615180066041706 -0.17111614305524137
1.1815797090530396 -1.5970853567123413 -0.5523359179496765 0.05110302744574841 0.04114037288129917 0.053405631337099385 -0.012599655182837954 0.16732215554584473 0.04225487443813189 -0.004999813864707853 -0.1306101943211688 -0.08544446622299677 0.0973146234018219
-0.39700543880462646 -1.3736661672592163 -0.5185920000076294 0.06885058413460204 0.05997618610088919 -0.1631747994183555 -0.11123406811592204 0.15253662480148883 0.042502030597554946 0.11012471451012656 -0.10935111336748682 0.018903687746261943 -0.13168338743839086
1.0577335357666016 -1.748885154724121 -0.3782993257045746 0.11324212525277609 0.05928450833740177 0.04389408917119425 0.16106056908840283 0.11912058512771657 -0.14870134595156145 -0.154486627841328 -0.16478400075035898 0.12487237427936371 0.10203998445137596
-0.9446432590484619 -2.574873685836792 -0.31192857027053833 0.11455416830884974 0.09647428547440658 -0.08615636550316016 0.02869909102183127 0.16547672952464854 -0.055202931750202675 0.11908706786319667 -0.15553656895019652 -0.13825215000428004 -0.0905807888005896
-0.5221571922302246 -2.5647523403167725 -0.3567860722541809 0.033573382669087826 0.024812868419600093 0.16690969007143147 0.07377345816605646 0.14427385220075983 0.13094733206634213 -0.14885783611267783 -0.07563263211786123 -0.13522913878762272 0.07413708198944591
1.7798218727111816 0.7091336846351624 -0.5614922046661377 0.06804565108966994 0.05443597144125989 -0.1354973692210033 -0.17981924813280906 0.11694394137529715 -0.09937646781591364 0.0012545830188522566 -0.13214469104572418 -0.09615548986993573 0.14435017390773563
0.024612801149487495 -2.5159947872161865 -0.2846886217594147 0.11142821336881743 0.06343404443946704 0.04886125342036396 -0.09204980722605431 0.15902158467826746 -0.008468703608226852 -0.10799370530221912 -0.12054593557241305 0.019008841817523464 0.13280395687196028
-0.41248974204063416 -1.3287482261657715 -0.3336835503578186 0.09689047465297294 0.05977369192739346 -0.07892117598454078 0.0823307827898318 0.17187980464787078 -0.03052186304632895 -0.06400622553843666 -0.10031422365091751 0.06429291783511257 0.13669505918998653
1.4271681308746338 0.4920154809951782 -0.4418950080871582 0.11496712587710535 0.08756647671050052 0.034330791734694055 -0.03486139885949227 0.14016610346373187 -0.025838527536666517 0.0033505330291887236 -0.1281114767921821 0.1319750848767018 -0.1378647800213618
0.9013933539390564 -2.40498948097229 -0.38393789529800415 0.044189861548542216 0.02644658146686757 -0.15792672774961652 0.12933302430441757 0.04905564100392047 -0.06245664864012122 0.11000440099547176 -0.05264445556886909 -0.10626469170124371 -0.17825133674408583
-0.8834657669067383 -1.0528583526611328 0.033374443650245667 0.04374108169229225 0.024904652773358613 -0.07955578710105889 0.1707971552306226 0.13859842289435023 0.136436477363438 0.012425832308510604 -0.15051571542737785 0.1146975779262413 -0.0004942972366843157
-1.5221141576766968 -1.5310410261154175 0.1397041529417038 0.04410863240651002 0.041792287607078954 -0.16894624961948876 0.12014602348508091 0.06590831052672316 0.10269695815032825 0.05952118570739978 -0.14564532699939342 -0.046985685404829974 0.023231641806997688
0.9000462889671326 -2.37951397895813 -0.4704272747039795 0.04110437298018253 0.020273376396014817 -0.17146921871594234 0.02511578869271497 0.13057968772135772 -0.13978366790951696 -0.16133180025365382 -0.16393121558132542 -0.15478126596343744 -0.08644030071429264
-1.4747190475463867 -1.7148021459579468 0.15640684962272644 0.10829398143869771 0.06331240525174744 -0.09585878033324251 -0.01869340036199449 0.16556352290716525 -0.0756743617877635 -0.07180946591534963 -0.16604208723233835 -0.10484788193176964 0.04009938165843921
-0.16769395768642426 -1.7717599868774414 -0.45750007033348083 0.07904803789591622 0.022950299541671673 -0.07029894009488376 -0.028831706412165786 0.14161576298012035 0.16591364065586067 -0.14778672076636754 -0.09527614392664983 0.08004626406010656 0.13968710110886107
-1.4481525421142578 -1.89329993724823 0.018980560824275017 0.05775358531379672 0.037981884962815626 -0.008451050436068502 -0.1736170444098411 0.11046048797965341 -0.0018381901375910115 -0.07982645463958898 -0.08155214837939186 -0.010131628315695945 -0.021190312362018793
1.0153011083602905 1.0825847387313843 -0.5123611688613892 0.09771814043758953 0.07801766852614987 0.08639891595346078 -0.005193441664535725 0.10851868635300971 -0.08501571498073733 0.05752425677550205 -0.1600920677337144 0.13104059472238128 -0.01452901184944469
0.5211433172225952 0.666208803653717 -0.4856930077075958 0.07386303451483019 0.04700368753472852 -0.024517721567238415 -0.1231321057776338 0.10508109520994702 0.03607493115778726 -0.03717509377563799 -0.12025648464178582 -0.12598588558642038 -0.07246280240624198
1.3597102165222168 0.5328617095947266 -0.49658820033073425 0.07744463448806249 0.05719980310126105 -0.1579962392928784 0.06646390106239261 0.12146820375866296 -0.1388007282090064 0.05639298612321203 -0.14761541037586046 0.17735676540176537 0.10687421682439996
0.37159478664398193 1.1143893003463745 -0.30223166942596436 0.10281100071537297 0.059829516798240265 0.09483993790669065 -0.07811871677924521 0.11344778630660098 0.09961399752669581 0.11185256107790975 -0.15898340780192888 0.10978604119750296 0.07064535389930315
1.635366678237915 0.9167109131813049 -0.3025504946708679 0.07940566174027001 0.0517930049281763 -0.11198669456161521 0.06877547716553992 0.09573237799841042 0.03493654271607746 -0.015951920000113584 -0.1316761064161076 0.16928302387620375 -0.09377126121009756
0.9996466040611267 0.847278892993927 -0.2931283712387085 0.10214247084894856 0.03609249293389435 -0.129791263828391 0.09925622575956866 0.1741391063260244 -0.029150653983076646 0.1613485258531034 -0.10584330085852463 0.10871321198108247 0.1535684566675547
-0.9032601118087769 -1.6191571950912476 -0.02888723835349083 0.0657571435764659 0.060475873755235304 0.07632886480136059 0.10608376055929336 0.07084148660513674 -0.07205068136428834 0.07763816578678934 -0.09790439483082232 -0.04551751706149293 0.16252297241835745
1.1857298612594604 1.2517613172531128 -0.3251446485519409 0.08233274191578789 0.038982303816901986 -0.016533511540068074 0.03502055401914525 0.14985193687967574 -0.027993997845544683 -0.1471837748392663 -0.12465772754882046 -0.14221040808124968 0.11567071691127151
-0.5430101752281189 -1.6303210258483887 -0.3564729690551758 0.10335841164415686 0.058275441610788084 0.16821249707884545 -0.16784829801194556 0.1727859628152955 0.07010933962006821 0.07914918340052751 -0.16944936795417523 -0.054620282456463054 0.06723953247347189
1.2355539798736572 -1.5884052515029907 -0.5166330337524414 0.10505371464221885 0.03580274151082803 -0.09036120656183416 0.0671214189473042 0.11233929103309281 0.013133588810481545 -0.1561049302159921 -0.17126031736036457 0.10176074108698246 0.037557641690336985
0.2608710825443268 0.8868613243103027 -0.43024149537086487 0.03399708533248563 0.02700213642478398 -0.09392410597573331 0.13833288165101182 0.07556238495574907 -0.1670274209279198 0.029362862308870946 -0.06187910874565728 -0.008194324910557216 0.06388841468854004
-0.4579809606075287 -1.186755657196045 -0.3479618430137634 0.07503622035319507 0.060741062634666956 0.005324272466746077 0.09670942980548752 0.08947009288502633 0.1576189952423091 -0.14264950877574772 -0.08823514012351778 -0.12069864114226962 -0.07636648291982094
-1.2252382040023804 0.11286315321922302 -0.027398880571126938 0.056614673446345284 0.0238125689791285 -0.0831666971568014 0.129440853055802 0.1735308375652002 0.09313964527638907 0.12552121972217012 -0.08213201818866091 -0.11888398107593107 -0.011460857824460963
0.0262998528778553 -2.585345983505249 -0.3028385639190674 0.0957803885866096 0.0831747845505579 0.09203115107749194 -0.1775221396365704 0.11074777036392977 -0.10514402896367635 -0.1483769743528029 -0.12610953466971211 -0.06440026617335283 -0.17783814192034167
1.374598503112793 -0.15342223644256592 -0.35068055987358093 0.11091671552740635 0.10512857668307088 0.1251156230002079 0.09395439183688975 0.1346234632852116 -0.07590905113318237 0.13467300277794514 -0.13878978327677488 -0.03485549165874188 0.04678476296285486
0.3711213171482086 0.8399606347084045 -0.500370979309082 0.0965153687502402 0.03186822470979397 -0.10419812409014524 0.05226712817844534 0.1591724446319671 0.15452769528282134 -0.08577704595998849 -0.11588351131970799 -0.13717362200471314 0.09493765414005317
0.9872869849205017 -2.064685106277466 -0.34382742643356323 0.056090970677278806 0.024205957034032805 0.13613437219179908 -0.013066339126989512 0.09954650774001211 0.1511219527881426 -0.049134030624657155 -0.13252117341732383 -0.16591525091613518 0.052860084289099524
0.1799425482749939 -2.540830135345459 -0.44788387417793274 0.09548530832471076 0.03928654722712195 0.020706475531703544 0.1628263739416212 0.1500077958215592 0.07022604771779473 0.10206502147660773 -0.13824991842785583 0.09709920399164701 0.11505684957151308
1.0349342823028564 -2.289975166320801 -0.5667751431465149 0.03953371146228345 0.026047962367539448 0.0012832839639471405 -0.07672406204379477 0.09520666610558225 -0.12515636398273555 0.14105919541450462 -0.06751209097439143 0.13073105383346934 -0.17705255610963
1.1738502979278564 -2.2390215396881104 -0.289576917886734 0.10032075288514446 0.036275700516738466 0.12434638477498583 0.027767765200377437 0.13037394303782893 -0.01555260370286593 -0.02889516449075777 -0.12345250773209362 0.04741704088772533 0.05286049586345168
-1.211269497871399 -0.6890323758125305 0.19208873808383942 0.09565748931427773 0.05176065712734848 0.11864940059789575 -0.16762449880369407 0.16176377316916418 -0.09803927085957267 0.09107925800676364 -0.11670292876624688 -0.14188028237506894 -0.137826702556624
-0.0009878678247332573 -1.5783143043518066 -0.27394843101501465 0.07234432092754486 0.04151027536561451 0.11816333537836199 0.01486682493025357 0.17038437953791524 0.16166441625597805 -0.17281927067897773 -0.15817456646541506 -0.024881270235181968 -0.0648438293293282
0.5729897022247314 1.0680460929870605 -0.4811463952064514 0.03974545352849222 0.02772203602007582 0.09347774366541978 0.15822226794509886 0.13753922432813637 -0.12565633692854453 -0.17941489527366838 -0.0911161741556957 0.06871151495532776 -0.10327749171161531
0.5286087989807129 -1.9899083375930786 -0.5071096420288086 0.036880237575899776 0.032541619105205595 -0.006745327499082604 -0.173191236170654 0.1466525203359381 0.10595549943276245 0.03983201444486059 -0.13738110292904293 -0.11402559996443784 0.13727423244864134
0.8616035580635071 0.4100217819213867 -0.38793525099754333 0.10065027731879589 0.03375185129716172 -0.12872692224199594 -0.10554347503111819 0.1627125683855816 -0.10234688151806141 0.0010752225644500013 -0.15000342245218687 0.01137292971573517 0.17904591284178983
0.38253122568130493 -2.1358931064605713 -0.32359299063682556 0.049549358731571944 0.02026278026580751 0.13835637804331236 -0.018107666425791785 0.1438957158747433 0.025404731061851926 -0.15129635174779882 -0.13183164239440087 0.03705920291929579 0.1039961480519131
1.1147226095199585 -0.7278750538825989 -0.2800130248069763 0.0683809243962192 0.0465492924134958 -0.05168305484932342 0.08647504936669781 0.13223424177369014 0.15999293034905349 0.029998454256743773 -0.15709193095169222 -0.023870927471587394 0.16053736729648266
0.36005038022994995 -2.110658645629883 -0.415897935628891 0.05689031329870982 0.05474578444604114 0.03351173263617108 0.1704916475545291 0.12731841543559846 -0.011277396597251299 0.07605539128905486 -0.09600753386926458 -0.03353482610439379 0.02269813485345637
1.7907346487045288 -0.9011126160621643 -0.38284969329833984 0.07576121106115466 0.024111382185024205 -0.14246143410351944 0.12008151437725662 0.11238579127268808 -0.05067263345429651 -0.06495528184952055 -0.15626501515420604 -0.07971191617309285 -0.14921524969293515
0.5048457980155945 0.6083586812019348 -0.4187142252922058 0.09648328039894775 0.08914585788029133 0.06062090688726762 -0.03612581464015149 0.14157560578993603 0.13733303022414978 -0.15487966119124458 -0.1329081086679091 0.03232853317666007 -0.1317011288399593
-1.2413476705551147 -1.9959561824798584 0.031093958765268326 0.0800526574803411 0.06037206867188896 0.10854249693825901 -0.12266466965053546 0.10523530980782524 -0.16012802365300965 -0.0815875880216905 -0.17105652387671055 0.028122291877703598 0.05273591339284964
0.5796781182289124 -1.8364893198013306 -0.4484192728996277 0.09709620470707236 0.05702254722655198 -0.10098580863361824 -0.0043022189091732055 0.17431435517906774 -0.0018571223687236516 -0.1254389353273622 -0.16003648727146907 -0.06584489567411389 0.04246673926929537
1.257796049118042 0.40534740686416626 -0.38276320695877075 0.0538158626809405 0.039026925783000044 4.206799849190701e-05 -0.05380106946547594 0.06392550427277129 0.1315307848989079 -0.10497801073597526 -0.1737625156594111 -0.016964163790897657 -0.17429213086834805
0.6479538679122925 -2.131510019302368 -0.47910600900650024 0.04613127108923399 0.039477555969674276 0.15199763607102768 0.018071732771311827 0.09943042367161489 0.11216475532666975 0.1253559840593187 -0.11296738322680436 0.03967727629353704 0.0993863250103244
1.2619832754135132 0.27720946073532104 -0.40286603569984436 0.0886327468781454 0.053172066691827904 0.10023823984771563 -0.029560989309631025 0.10639693127829085 0.172762484475602 0.08324723460087108 -0.17255136048887912 -0.10336477038295153 0.05488188059338078
0.5160189270973206 -2.3598098754882812 -0.3199092745780945 0.07839529415520766 0.04302638888730289 0.044912918024817755 -0.16850258365367135 0.09596625221368447 -0.07777975021866226 -0.04387818542458985 -0.08915789799261938 -0.14408272012224957 0.07890957373693092
0.3343904912471771 -2.0173306465148926 -0.5364928841590881 0.08330492289914776 0.07589512226963586 0.12428591884160745 -0.1413567438411826 0.1331419317395336 -0.008277539693989006 0.009366576905513013 -0.15081613114175108 -0.02467556140041191 -0.08959444370925311
0.947323203086853 -2.06268310546875 -0.4989668130874634 0.09877797189350153 0.07208075175920142 0.1491460599582895 -0.053293602756725345 0.10465631756826363 0.047817447697559606 0.16412734146770658 -0.0987802852162157 -0.17925147830244945 -0.029495892640001686
-0.3100815415382385 -2.520136594772339 -0.38404300808906555 0.05316002296189068 0.05275459450628939 -0.1667454438994614 0.09813268558648663 0.16363049113900907 -0.018047013417490793 0.005758538654998313 -0.09359510757669465 -0.045654298977392926 -0.04937946848111041
0.5104402303695679 1.0320615768432617 -0.3453699052333832 0.034592314097938816 0.03141991722877107 -0.04513585621744323 0.09601046224139614 0.06074828917913022 -0.07450278971959719 0.061110742445758176 -0.12403332501828943 -0.08751200611104715 0.1381580455796788
-1.514480471611023 -1.6498430967330933 0.19711928069591522 0.07482178220332025 0.06780359624888968 -0.10293490247733018 -0.10819609001813424 0.10037243944576037 0.16434152849153322 -0.1342958537841259 -0.16747890296699447 -0.039818684697784684 0.002593744468404574
1.7731448411941528 0.31560036540031433 -0.38344717025756836 0.07012136209989553 0.060066493081777056 -0.13123493764298805 0.10191606904360606 0.15321817853449282 0.1564503297159907 -0.03776390438769198 -0.16653517086146952 0.06427752472878348 0.07470800173957326
1.1597751379013062 1.0679600238800049 -0.34346574544906616 0.0986915007717284 0.038770350027922715 -0.09536413328014445 -0.16453469344528152 0.1676072993715486 -0.1798259248098859 0.03926404531732089 -0.1498424020004872 0.0809282551229632 0.1108086656360453
-1.3385295867919922 0.25246691703796387 -0.04787910729646683 0.0601953800906488 0.05974421655111553 -0.11697299649207873 0.17843781568419304 0.16100673257444834 0.062466438963125454 0.07177807851679974 -0.10047519683086706 -0.06929082317845274 0.11877036760935705
-0.18336518108844757 -1.5272772312164307 -0.29120153188705444 0.09655104206889562 0.028048522142023524 0.034773074992074854 0.17326148129359176 0.12429648966827435 0.006247466339150742 0.04856609143222021 -0.13960545030444552 0.15525638720573376 -0.08338277888835154
1.4259185791015625 -0.8236639499664307 -0.3262789249420166 0.1046667346663153 0.07074908341237811 -0.011663009423221515 0.14763019940074767 0.1670642054190027 0.16489632462064147 0.020555273569143745 -0.1330029529513098 0.0651965003642393 0.08379443680818566
1.2281017303466797 0.1076299399137497 -0.5080496668815613 0.057688111165243125 0.04705267567729654 0.1520498439796944 -0.01464701176969796 0.09740342194973278 -0.05722456084917285 -0.019793032721396292 -0.1290873713208848 -0.052990918580026275 0.17873039220609854
-0.9826858639717102 -0.8027775883674622 -0.011403833515942097 0.03401989054066068 0.02843500911119317 -0.10214856047719266 0.05475859217612747 0.07520273582803651 0.05165683422648276 0.09128501907361031 -0.1068572015859678 -0.04364816603863872 0.06470464108926499
-0.08597332239151001 -1.095054030418396 -0.3887275755405426 0.05847679131387082 0.02653201937495319 -0.06268061903825757 0.1170562906923091 0.15126407729304964 -0.14690650178014153 0.010135820709418791 -0.09382575205359575 0.09144992665994928 0.12095286371227282
1.4316086769104004 0.1156659796833992 -0.37984248995780945 0.06675620965592383 0.04445019730041774 -0.16870709329038486 -0.12059841353856868 0.1636924465759645 0.1672283282069108 0.010637573885219048 -0.12210534156728615 -0.1296178940964107 0.034498869561164824
1.667936086654663 1.2907004356384277 -0.3663391172885895 0.10907578217840547 0.10187258887310675 0.14064786375109162 -0.16733699518121264 0.15927192061891227 0.014546130851873507 0.11389817486932363 -0.1658232857710143 0.08901524500415697 -0.1292586355177987
0.21918106079101562 -2.478307008743286 -0.4206787943840027 0.06396708188942582 0.02598688119553035 -0.15660273490599316 -0.062048056764374776 0.09341666884299252 0.041781569605658736 -0.16047070116453874 -0.14260845268731653 -0.007524752135802337 -0.10526729918243244
-0.5105150938034058 -1.4527232646942139 -0.5649452805519104 0.08531495443952655 0.06326219564806812 -0.09011929337647313 -0.1426172931558833 0.1662953157358456 -0.02668441432502197 -0.09118831138385253 -0.14847943415303505 0.13747541002395802 -0.048250221168702534
0.8181939721107483 -1.8479467630386353 -0.2951573133468628 0.10852239361578368 0.0803191370429533 -0.12049078293668598 0.002257412058279701 0.16303680717322952 0.060826016626178286 -0.01866290542346183 -0.11625635117664943 0.14558628239737237 -0.009054674536439739
-1.3643137216567993 -2.060544967651367 0.02862314134836197 0.11111002891669794 0.045257938109369095 -0.05751355663546208 0.053024610555062635 0.17596731106384095 -0.12686325790248865 0.09839833229073985 -0.1682160943811307 0.009355604213657831 0.17404158620806587
0.1158493235707283 -1.8206031322479248 -0.44096145033836365 0.06816920632689129 0.06354503439765634 0.16772884341361566 -0.06917245358767163 0.14439721209826845 0.15421096727425093 -0.08871023206658936 -0.1789850622014988 -0.14447049960060082 -0.1237138876877619
0.8970480561256409 0.4745417833328247 -0.49737802147865295 0.0794632327438409 0.03148536738090368 -0.02987159545520396 -0.017276753500902353 0.14871956549827753 -0.041483027341562034 -0.010456817624846793 -0.15134081731058074 0.09431155539337643 -0.06009509114722142
0.5516883730888367 -2.334892749786377 -0.544378936290741 0.03569917786384828 0.026243177541912036 0.1124346485677209 0.0836063773018248 0.08889721894740166 -0.06301249780827198 -0.028636908362614982 -0.04405807803692698 -0.14339859127109686 0.15227841618926624
-1.3715183734893799 -1.8357027769088745 0.061564959585666656 0.08096008159072834 0.07066650282086029 -0.06764330092008271 0.1044522046168061 0.13776806661259483 -0.15497319834401313 -0.14082806919757934 -0.12021569031829483 0.003194067510007087 0.10053107138943923
0.9532274603843689 -1.1224579811096191 -0.4265812635421753 0.06125642071875237 0.056551181065389686 0.031641949580629825 -0.07093107973382355 0.17026008008170812 0.016756874960075663 -0.03470484047958203 -0.0748515941601753 -0.05037905979924623 0.1555754287918042
1.666057825088501 1.5849140882492065 -0.3681202828884125 0.07097341184687245 0.03102128257292411 -0.17658123022830352 0.0898880862110184 0.1547555859889775 -0.07055869753219589 0.08096831573405089 -0.10203685941089105 0.08088906762494147 -0.01503086772715706
-0.3217904567718506 -1.2386308908462524 -0.4139735996723175 0.07817957351044894 0.02040438930445043 -0.023667362171535145 -0.024737687561121185 0.11297739724706021 0.07462407024354017 0.009312726076821515 -0.12830104464332925 0.028943272603080272 -0.031525392347226205
0.47229698300361633 -1.7025692462921143 -0.3080226182937622 0.10368122048034231 0.08838619368809823 0.005561221442627051 -0.13199478764672862 0.16200823293934316 -0.15247089873005107 0.12948549660532382 -0.10653867471530187 -0.0032188051657286165 0.04485355660476331
0.5562979578971863 -1.3800657987594604 -0.44461917877197266 0.09195733873746527 0.044226165806124915 -0.09440666491995187 -0.1498013152620974 0.16070860448206997 0.11109980745158488 -0.17421661376773215 -0.11083761141696678 -0.10180424867105262 0.1772344983525479
-1.2327688932418823 -1.018936276435852 -0.07523118704557419 0.08136013683571586 0.07491613800898107 -0.048802890145223404 -0.041719758195475964 0.15318627508711782 0.011049107921472512 0.15538017548555988 -0.1697506462417711 -0.02579088079748723 0.1024867111948598
-1.5063624382019043 -1.6399410963058472 0.30282333493232727 0.11932590824116542 0.03690078114463197 -0.009670032505200488 0.017501867676926297 0.13126493519982177 -0.11731203582067641 -0.03912054818103941 -0.16400925725149118 0.010813062509770988 -0.11179066422439143
-0.3830029368400574 -2.506544828414917 -0.4007214307785034 0.03647790896217609 0.03014166586257577 -0.09928693820949261 0.17593026089453861 0.042963805240656155 -0.015651580054991454 -0.09027311331775045 -0.1428901852043667 0.11511395602086322 -0.17428784490238272
1.4098565578460693 0.88145911693573 -0.40460851788520813 0.11636820086498477 0.040730596444112394 0.0365327910765951 0.13816767507579797 0.17568198125406093 0.16326011504065746 -0.081429172140532 -0.17817819379848526 0.07974247046523564 0.04987154109838518
1.0343807935714722 -0.2822728455066681 -0.35049062967300415 0.0561624271436267 0.0478647744827608 -0.16792712405564109 -0.15916883030963067 0.16326132983028796 -0.06612627505794114 -0.13485796302292585 -0.1205488631110114 0.054870805080998286 -0.14274853459303738
0.5533555150032043 1.0024189949035645 -0.3056597113609314 0.060717972953043056 0.02195579390065739 -0.14475278111151402 -0.038586380844426865 0.10883177791385161 0.04064620110255665 0.019538819461973583 -0.0762185944564587 0.052833627581655745 0.1023404323130207
0.9364208579063416 0.7498223185539246 -0.4072359502315521 0.0614002310373252 0.02820235626264711 -0.015864737374307797 -0.002523248991159882 0.09847839192870458 0.1254877599692164 0.06705513660696713 -0.11595489522400021 0.09602292371844517 0.17228732284075127
-1.0713558197021484 -2.1431150436401367 -0.09011786431074142 0.03784448559327776 0.03426486542009232 0.15501970943661575 -0.0716980046378149 0.13388254934550275 0.06914050650716069 0.06786462397619239 -0.11430118244048598 0.13939700358137064 0.09632239662661057
-1.1012320518493652 -1.6690348386764526 -0.1559647172689438 0.07913632357884445 0.0445703474596329 -0.12239878163584597 -0.05818137117313181 0.16351848656659956 0.07573300523956833 0.16868027428381765 -0.11491529142058252 0.007324052185801899 -0.12026159833552069
1.2740010023117065 1.59048593044281 -0.48616287112236023 0.03462456728723887 0.02894158629141146 0.013401145995091124 0.1440237426364972 0.09849814627684261 -0.10145536024335608 -0.12896834322079823 -0.14805962826606933 -0.009525241671659329 -0.15319850029145
-1.0544546842575073 -0.6890950202941895 -0.01848617196083069 0.040724230271412414 0.03369226385057483 -0.020818331865445655 0.012113135976053208 0.15845383569810612 -0.10754330548830063 0.13476801810757233 -0.06822238469352848 0.07878095241893251 0.15151324596001475
-1.0831812620162964 -1.0144716501235962 -0.03606656193733215 0.10671497562305148 0.10204565740612204 0.039322865273946184 -0.12256319179473926 0.16894361003545014 0.15592415510530389 -0.15188555068301793 -0.13116832785059845 0.16244093657957936 -0.00815317837299634
0.16576243937015533 -1.3011112213134766 -0.5158031582832336 0.09379460129447113 0.04929498940681208 0.1244016972117436 0.11839966202563773 0.12808864698932737 0.062464053775792755 0.1607053174778082 -0.1393180606683205 -0.0650664844928002 0.0638323920927602
1.222082257270813 -0.33938026428222656 -0.44892725348472595 0.10710648849988359 0.026379932836226003 0.15338279759832957 -0.09946185581909565 0.16072051979133287 0.00615578963275451 0.05688559394463433 -0.12597036737183984 -0.17413810819009037 0.0986420371326922
1.2920655012130737 -1.6034162044525146 -0.5027177929878235 0.09287030146836107 0.07688447828827381 -0.161243731508586 0.017227639565800867 0.10619654036925896 -0.010682728655336149 -0.11695599928468653 -0.137836072352985 0.1588690327250461 0.016610146835093542
-1.0951859951019287 -2.119558811187744 -0.11245117336511612 0.11224294405326284 0.07315958466750436 0.10109704017501903 0.06451269865021556 0.1547738779258338 0.07479346511157253 0.10137754711512698 -0.11877208848647795 0.021263965332824514 0.000685449285964479
1.1107521057128906 -1.4422385692596436 -0.41466227173805237 0.0757294807577299 0.04331165172725936 0.16007640636561737 0.14946279415090302 0.08468733195508743 -0.10381287181881481 0.16040127541715765 -0.09077854800957871 0.09693388852164941 -0.15966643780291712
-1.4987114667892456 -1.8362066745758057 0.17599232494831085 0.0539159343308751 0.05041894276613595 -0.07685859842068811 -0.1033919136158369 0.08058990266161947 0.0760970274158354 0.03357337127609766 -0.06681162990100606 0.1230740563162433 -0.015562224441156264
-0.5418745875358582 -2.5906074047088623 -0.515134871006012 0.07199245568782028 0.06870235620646133 0.018576295068128912 -0.05099018137662795 0.12178102754147588 0.11675146673423559 -0.0687609711539241 -0.07423676075926819 0.09289405529296424 -0.11264431335762731
0.6256668567657471 1.1875712871551514 -0.41406986117362976 0.04649787327711188 0.020426966949327916 -0.06075284805444846 -0.025309823107635077 0.13092406168880683 0.0013760138451814619 0.17937950483915077 -0.1400459354064112 -0.16699370628157473 0.17171475751467336
-1.3673624992370605 0.27162691950798035 -0.0756603255867958 0.092564447638401 0.08548387378113842 -0.15642441030651885 0.1405464698182754 0.09978840901997214 0.004192396016403421 -0.1033030441055685 -0.17051834959488188 0.05245893123827572 0.1480144843805361
0.6643090844154358 -1.5191380977630615 -0.3200141191482544 0.065846937050977 0.04550654367501825 -0.009719857217438482 0.16430494987338506 0.10427575235201912 -0.061577303597492875 -0.16070098257954718 -0.11393215259211263 -0.1552624496137637 -0.13248697092687137
0.9508954286575317 1.371020793914795 -0.37499040365219116 0.0942039415146054 0.0660536723526942 -0.13387377800118636 0.13873761098258514 0.15778597221617965 0.002410259323328723 0.003930205329720465 -0.10516177993319337 -0.15450595853969362 -0.016726696637500593
0.2173406034708023 -1.688736915588379 -0.34792372584342957 0.04233556579394216 0.02429115828315607 -0.036034174299452965 0.08023200009911907 0.15621776049484581 -0.050782174224023785 0.1479219608456282 -0.06300256919567383 -0.04341300627031719 0.07024011934051727
1.0735504627227783 -2.025865077972412 -0.5399283766746521 0.050859042640064196 0.02012388919714518 0.12980516104969708 0.14742064152920065 0.10720346261103679 -0.15758416250931528 0.003793448979838243 -0.15799329844983784 -0.01925334196000747 0.0675497212592745
0.11251187324523926 -1.217094898223877 -0.4658876955509186 0.09722006123849775 0.04891275152233855 -0.16998617646269804 -0.03171620028290653 0.1362830540136334 0.08771771067309209 -0.02636701808764233 -0.14509874475197776 0.04642668372519845 -0.07789619092158914
1.5302882194519043 0.44673192501068115 -0.49138933420181274 0.06298157867789768 0.04672178837455042 0.1467532585663588 0.07972449161883405 0.13562614960498162 -0.04612360984411609 -0.1567424010451342 -0.11785306908800064 -0.08967930001197516 0.1474018957936008
0.99803626537323 0.4075191020965576 -0.2895491123199463 0.10909325862729227 0.03201420986645745 -0.14197044502177172 -0.07975536403500948 0.11384091944047765 0.17143569371578798 -0.022629940527983256 -0.17112463395790117 0.0824409925675158 0.0068377508545516275
1.4116144180297852 0.6057651042938232 -0.5369491577148438 0.04878523379394223 0.045821745768100844 0.16737686527801132 0.07247281959365665 0.15519530504274265 -0.17948676861852592 0.1445753070783415 -0.1669144698623553 -0.07539744743974375 0.08739703936314486
0.7275647521018982 0.7264107465744019 -0.46839889883995056 0.06448257152017864 0.03033594388163808 -0.0302945413813632 0.028469792870799482 0.14429794066453572 -0.05459430765656917 0.02022925530558317 -0.10752912655291175 -0.04701954526031177 0.08545860767225377
1.414398193359375 1.2252718210220337 -0.3622897267341614 0.10580167756018936 0.09978135299942524 0.06440120897839502 0.015015595404079929 0.1633860158088777 0.11775779490569127 0.008421189021105974 -0.13176234710592932 0.13101247399619625 0.03643609384859614
1.3474037647247314 -2.2115676403045654 -0.5382096171379089 0.10438252011841685 0.04047091698291527 -0.09470869702588772 0.04654221459336394 0.10454727272436642 0.145492079244829 0.09243094086069442 -0.14373477703377968 0.13640315117247487 -0.04621820734571522
0.369991272687912 0.8215819001197815 -0.45257866382598877 0.05533259078918039 0.034408436687965505 0.08605148254796563 0.05472515441719608 0.13796822018259436 0.046796399795513755 -0.12496664738990054 -0.13132014607610965 -0.052319608807699425 -0.14003268516137418
-1.1507176160812378 0.2962740361690521 -0.12436264008283615 0.051562361061107384 0.028911386610975247 -0.03085317652500061 0.06291014746681253 0.0936829092007467 0.05440425775442462 -0.08201206972145228 -0.15433139213856453 -0.059430763105113346 0.03712013913297324
-1.0723061561584473 -0.08989030867815018 0.04808622598648071 0.09336627438645437 0.08912421678283385 0.1462375064220633 0.13334330725660098 0.118131667668097 0.063600802379391 0.17336921708788555 -0.13678732314007433 0.005857687982763843 -0.14850316429784047
1.0883361101150513 -2.361346960067749 -0.4038093090057373 0.11954582916928448 0.06781299110866133 0.1538926007502951 0.16159215676823524 0.16466529521835746 -0.021625194736049264 -0.06960269976219333 -0.1656641197712907 -0.07089910024550178 -0.1527333180648884
0.961381196975708 1.3298088312149048 -0.3094027638435364 0.1094218961816109 0.05300048346579779 -0.03336627530171496 0.17307053435685915 0.12725576852621764 0.0785444587665653 -0.07290675789416999 -0.1233197258722668 0.02208973731674352 -0.12119607267875171
1.3608518838882446 -0.6091943979263306 -0.3221532106399536 0.07695787592899742 0.027334376476540054 0.1776153063194172 0.15515002003645262 0.16703387176453396 0.096412053794591 0.12711126787227345 -0.16692361829713487 0.012145146336857288 0.1363899899444434
0.47194746136665344 -1.6368464231491089 -0.3436775803565979 0.0667912273330207 0.020249355182118227 0.07114689513751637 0.1235487385182008 0.06856214829670265 0.059636409360189074 -0.17090070610188485 -0.07252357101546417 0.12527730475347854 0.13438839968646987
-0.9447967410087585 -0.5631701350212097 0.12610313296318054 0.11592672373604986 0.08671623170699319 0.04281995788192336 -0.07263956304862297 0.16803287521241858 -0.06807386603464319 0.1190782149996989 -0.140968221734923 -0.046622808598696386 -0.008720440280563846
1.404287576675415 -0.5836504101753235 -0.561664879322052 0.06433605961010036 0.038067453656255246 -0.030872302199818735 -0.06868922784922288 0.06895824340455377 0.0012482034164067457 0.06529839297955167 -0.17380746660100282 0.05847384527578425 0.026134634583010657
0.3123117983341217 -1.2423523664474487 -0.49548497796058655 0.07581931593894786 0.04095903206611723 -0.15979838592709583 0.08104228049458229 0.0848025707492311 0.05005782992050303 0.038016543274065534 -0.1789088224504967 0.01481022798697379 0.12682138419299271
0.540334165096283 1.0218333005905151 -0.5577153563499451 0.05530650751365841 0.04521575475026472 -0.1512066284275184 0.1411850669548424 0.05695405242970171 0.17930182930206118 0.15889937064980664 -0.10208870584167642 -0.06838155687238921 -0.07122581591038203
-1.1813277006149292 -1.4583905935287476 -0.013816969469189644 0.0779286297120062 0.02632741234306088 0.17417049538294732 0.17078362982751633 0.10206002071577053 -0.13108533449419815 -0.17869719229546532 -0.11296720398533437 -0.01832019154660297 0.15302170251081054
1.022658109664917 0.4572683572769165 -0.5271173715591431 0.045520750210997114 0.02994853138040996 0.05443817458865541 -0.018326961612036508 0.0712586066394725 -0.02270575810377537 -0.14248585789057505 -0.17818105158228453 0.12674100058927618 0.012801293372624034
1.1961326599121094 -1.4082802534103394 -0.34624505043029785 0.10733814651899876 0.09856228032623011 0.02042553786332371 -0.16906246305631925 0.15727408777176372 0.05318859764722084 -0.002505319683262369 -0.11791860859793844 0.06602589244659504 0.06298586683034413
0.9394010901451111 -2.515918493270874 -0.4416535198688507 0.06622606788673074 0.03083907967528292 -0.015971442449115886 0.054246422502356506 0.16583036629721426 -0.09678796816384279 0.09415457772180374 -0.17540899325620218 -0.1469267711941654 -0.007170764305900468
-1.1514647006988525 0.22136522829532623 -0.1530712991952896 0.03536458965838191 0.02833527339884888 0.06852195348284318 -0.12150472552307769 0.09799563936293343 0.1505014306034722 -0.10614100080836236 -0.06086560961111687 -0.10256409859719279 0.11189368841754799
0.03764767944812775 -1.3673951625823975 -0.2732080817222595 0.08568308390795484 0.046281256766183644 0.16299262073396864 -0.13745703620314886 0.11026257718396945 -0.05497227647108571 -0.09002606145494174 -0.11707849871703432 -0.017019054159863822 -0.10478173801226241
-1.1125200986862183 -0.4431256055831909 -0.0836944580078125 0.08511753435391578 0.06286957897371488 0.03682754939596003 0.13678777177411683 0.12641302686040717 0.08371787488246812 -0.004352586485110721 -0.17674190768755474 -0.1286596153372926 -0.07529905516939774
0.36774253845214844 -2.1541683673858643 -0.31750741600990295 0.10697271619441286 0.038237882076553306 0.17576647556253144 -0.10328737619662293 0.1563519100666634 -0.053284903835251723 -0.023545269678505204 -0.1759642320442512 0.049238171682457754 -0.13239554348892946
0.6934875845909119 -1.8458675146102905 -0.5345494747161865 0.05346107583331079 0.04427559321588461 -0.07152414495980614 0.011370511407445744 0.08767196989307073 0.02200945870674864 0.021456663627716144 -0.1434950847537596 0.15808202448544018 -0.03410951254712405
-1.2999824285507202 -0.9145597815513611 -0.10793638229370117 0.04475866243774039 0.0336687766032521 -0.15271502686144317 -0.17294397284857707 0.15958430949163882 0.0529260439925415 -0.08103988050960671 -0.14319106780965324 -0.10453540456776773 0.018336780461971264
1.1052930355072021 1.1551523208618164 -0.5662353038787842 0.08713737034538457 0.06529236045106318 -0.06366416321482318 -0.10731047927940049 0.09449073507406178 -0.02567786909958117 0.13250804578255498 -0.10411930274618764 0.0015563126465166777 0.0585154158979275
1.0946812629699707 -1.8440639972686768 -0.4245489835739136 0.10647263517494304 0.04918206888504689 0.16953410068735025 -0.004126378068208342 0.12257843814660588 0.0956994414052279 -0.0169855729687666 -0.12640507376376126 -0.1252821835627989 -0.08144551371290824
0.5653485059738159 -1.31480872631073 -0.3637256622314453 0.08979309068549529 0.04857444441433666 -0.11258662175329173 0.09250989781596003 0.10497981191459359 -0.12529747126149868 0.14077378659865708 -0.17820593703209853 0.08973458648349703 0.03997912011934995
-0.13505399227142334 -1.668007731437683 -0.41079801321029663 0.059026467098273465 0.05263255868133525 0.05483736088537844 0.046340390252364194 0.14012297008193472 -0.1507197181870389 0.1545641144289372 -0.1492779055095186 0.1398589214993775 -0.17194355652134846
1.246806025505066 -1.349302887916565 -0.4673116207122803 0.10279467217246259 0.062157526010997416 -0.05847125204609044 -0.08063531229424346 0.17713444317285373 0.007340091063135046 -0.1337336479313883 -0.14309261185514646 -0.14911651320871822 -0.12357322986687785
-0.16045069694519043 -1.3478503227233887 -0.4687574803829193 0.04261675307567658 0.026636788951501747 0.08935547897282203 0.0478229601267991 0.10322272251608106 0.1644116912249045 0.04504965829742902 -0.06976394711387192 -0.05912410384670164 -0.022607000879814154
-1.003389835357666 -0.7204883694648743 -0.1591007560491562 0.1177460614072771 0.10284331210346025 -0.16951438478246217 -0.1461672946226702 0.16269450949530062 -0.006608543261313576 -0.033935641273420164 -0.15922212986400705 -0.06847455343488375 0.09487718517722427
0.6422346830368042 -1.2831521034240723 -0.2706620991230011 0.06555801617730642 0.03512357585443114 0.036864950995801254 -0.04183684881083344 0.17661740985544527 0.11592227701635477 0.1638339735809603 -0.12024212523808084 -0.10737193951544513 -0.1107445748821871
-0.2633945941925049 -2.310851573944092 -0.49207785725593567 0.04159284812967176 0.022996131677366714 -0.11438093991732894 0.17846125239996669 0.1663624396477167 -0.11391965402223907 0.002037469907184508 -0.08618416437086189 -0.1796237397749738 -0.07070940788650973
-0.16886968910694122 -1.6643222570419312 -0.33118605613708496 0.040414475156815434 0.035554063203444446 0.011522622882624706 -0.08658879228375907 0.04544857916208656 0.14980914875140666 -0.17392842838536404 -0.15624260003026805 -0.010952773166804541 0.17553412907350874
0.17590653896331787 -0.9977229237556458 -0.40473678708076477 0.05036104652873836 0.04923382039494684 0.08476333722622797 -0.16042172917737796 0.051506577280797446 -0.027864262113179356 -0.1473910311755385 -0.07871940930999587 0.10833368843804081 0.07046801577942574
0.10803377628326416 -1.6025686264038086 -0.528529942035675 0.0680425139304702 0.05758957979123937 0.15040025121974393 -0.03485583409648493 0.12886453876095716 0.02213043910923368 -0.04524927556100364 -0.09162626068778404 -0.05988187709211466 -0.16430470441278244
-1.2640045881271362 0.15912191569805145 0.09523957222700119 0.11059040971279402 0.10441800015751969 0.05322466138765544 -0.006993832717629989 0.1246126842862588 0.023021209617920924 0.060763100897525846 -0.11358075199210237 0.04835879119400888 0.07070003258861668
0.5022772550582886 -2.1067190170288086 -0.5521424412727356 0.07049953009321178 0.03121223198488992 -0.10261693145083242 -0.11333171507211909 0.1755522292443566 0.002404385965308675 0.16888681271410877 -0.14657339442738992 0.06839574673905055 0.1121591804246479
-1.2021139860153198 -1.4229319095611572 0.06532028317451477 0.08959661226423947 0.06687386440145392 0.11231148762893434 0.16063917069320371 0.11622547395411378 0.0445103433468457 -0.16339815525188361 -0.09668202951392076 -0.1433568127027523 0.017955460489048364
0.8986713290214539 -0.3163902163505554 -0.5323358178138733 0.05376534940808017 0.028687828062420824 -0.057599273654302216 -0.08015461619785966 0.0905387434015221 0.14464553582279127 0.09792970529923489 -0.08759181144831785 0.03112041450386499 -0.1606968250340553
-0.09178325533866882 -2.0399930477142334 -0.43096327781677246 0.06506559187390368 0.022462877905639736 -0.06106920511065969 0.1618228549831931 0.16758856238420006 -0.13797495760579878 0.03327119243478971 -0.12022246037537229 -0.014519683386348625 -0.04125829668514516
1.3920729160308838 -1.7514262199401855 -0.5208889842033386 0.08145419404697016 0.02601455771463762 -0.02656990321568725 0.15101684276717942 0.15716132643612382 0.0432086814112827 -0.09128665487560157 -0.11560851521546903 0.16442467721814646 -0.07239915820707352
0.08610642701387405 -2.5147221088409424 -0.5492292642593384 0.11056833079667562 0.10100071651948075 0.03680028059380122 -0.1343279290549683 0.14226013362089462 -0.08072759517930392 -0.02923636123085574 -0.1583640892145033 0.1292930739436735 0.1516174276440747
-1.255039095878601 -1.074741005897522 0.09804856032133102 0.1188030579840824 0.08943190225568062 -0.13525963586026785 0.09739783798432089 0.1574888711615404 -0.16306007120504334 0.05250628699479315 -0.1435793307993588 0.14521502855226004 -0.004435418757074455
1.251321792602539 0.7149511575698853 -0.3446695804595947 0.08333653056166765 0.029478530621135132 0.026304247263450986 0.0811823349514782 0.11423543998120855 -0.17977480764422304 0.0639981311726118 -0.12225976184776752 -0.026107078804311096 0.024903907261336122
1.2020889520645142 0.6668961048126221 -0.5640980005264282 0.058084179853478524 0.046293336627153826 0.043244015344899106 0.14950174716189885 0.10824777372793057 0.1291796737453415 -0.10148660379393164 -0.1280760563966672 0.021158622290827656 -0.11418574142677673
0.7093097567558289 -1.9056124687194824 -0.39561912417411804 0.07887552886496185 0.07275070671569221 -0.08802318692058617 0.14129379769142314 0.16152607120977724 -0.11460462860226822 0.08053031709547909 -0.08194472289422554 7.637878370567175e-05 0.14935949818794586
1.3129652738571167 0.7627465724945068 -0.4645964205265045 0.06365624037556109 0.05989128132645696 -0.14910315094590068 -0.08294447151066604 0.12713628261398746 0.1039898857676575 -0.07177104535393045 -0.1104512205214298 -0.07976687346437585 -0.05015463692411701
0.02995280921459198 -1.2926363945007324 -0.29326242208480835 0.034810290235138416 0.03082816241387605 -0.04029646198863959 0.0270167184347041 0.1461420592009598 0.03398077455258822 0.04440929277118996 -0.11510728112873714 -0.10426342463865998 0.11522243919444825
1.0642759799957275 -0.4461710751056671 -0.4506416320800781 0.09422557178918925 0.05874195136736439 0.1007811448911376 0.1642528653291368 0.13533536590348613 0.13816057920541347 0.03987433905344512 -0.17884921685622318 0.05984751718289413 0.017431779551930565
0.7183486223220825 -1.8154739141464233 -0.3934690058231354 0.05460970175688179 0.03878255805231246 0.1542069586206255 -0.012539528724546167 0.1358515961557692 -0.017925344451260233 -0.0930522898611323 -0.1485158334460509 0.003810163575745096 -0.09774309225303789
1.1943955421447754 0.3040545880794525 -0.5352879166603088 0.058752875925007275 0.020460883113725726 -0.07251981624111169 -0.13218547042459558 0.12007398324274408 0.11467925846795779 0.0067825788204519954 -0.1407103057405702 -0.004676054916180422 0.10395565971925486
-0.9452771544456482 -1.2910423278808594 0.018413404002785683 0.11004705711360631 0.08731566099054144 0.15121578667624092 -0.04450358467009469 0.13298838190731582 -0.13293396653320919 0.13814083462806437 -0.17416374945129395 -0.046939829292945295 -0.16211278245856792
-1.07332444190979 -1.7921749353408813 0.08869431912899017 0.10033722241381457 0.020114220644027896 -0.0598829359132715 0.019337060120825977 0.15549960844284752 0.12904715977564168 0.1628629165134758 -0.14025532699027546 -0.17789809869097933 0.08003299814356357
0.7829359173774719 -2.032414197921753 -0.48483631014823914 0.11807353310289001 0.09849901801782461 -0.0440570419712821 0.018728757703818072 0.17244099675050448 -0.1630725548112392 0.009695380258756936 -0.1657674085807133 -0.06681989753903898 -0.05220113270809648
1.0188074111938477 1.2661633491516113 -0.43811213970184326 0.1071564029411029 0.06067770993698357 0.162174618351079 0.15859648717509017 0.1498756216241322 0.11025995242064979 -0.13095560762712422 -0.14424619554951706 -0.058856393210466706 0.1666368843544645
1.2573814392089844 0.22117024660110474 -0.510593831539154 0.045261989190489356 0.03138952197609424 0.0012954621036134206 -0.15045368859812017 0.09041057093833002 0.058200555058174175 -0.12477767336864928 -0.14252513105473416 0.001027342641748752 -0.07048731881442284
1.1192036867141724 0.02472674660384655 -0.4895910322666168 0.04046986399282493 0.03767338184714625 -0.036508258012607514 -0.10089706103634785 0.0633309421784746 0.06050255332467763 -0.13057925802509054 -0.044397065614810334 0.02402814388754318 -0.042379893203586316
-1.1689467430114746 -1.763253927230835 -0.1318090260028839 0.035620468135438316 0.027338424397926317 0.15371977106416745 -0.02630908130289511 0.15974567136591672 -0.03344104390444205 0.06770000871965559 -0.04433603239163462 0.06812825292218852 0.03370131869706214
0.1571822613477707 -2.410151481628418 -0.27768775820732117 0.0590727959544009 0.05430250050040493 -0.002982754599081344 0.10689909188573016 0.16278026598653006 -0.051951362841309356 0.17646772324034005 -0.09698952811555263 0.04579939921743051 0.027637051558556114
-1.2192714214324951 -1.8327537775039673 -0.1409452259540558 0.09107083545064837 0.08186323586679695 -0.17604379983867827 0.1739527965627598 0.14021751102391278 0.08452700766910048 0.004638440070879657 -0.14502964617448943 0.13498706891201157 -0.015372427763268831
0.5263344645500183 -1.2156813144683838 -0.4919879734516144 0.11630771540127569 0.09520296384777037 0.16893577348231625 -0.09683748313062401 0.13069562273285487 -0.1515134067541835 -0.09721288695993593 -0.13163082501729673 0.01533123317158655 0.046972398184641995
0.15269462764263153 -2.4840893745422363 -0.44944849610328674 0.09802149352431123 0.023305983858015883 0.0216622169713723 -0.037358132310919195 0.12888069044124928 -0.09642888711383493 0.09641031661279958 -0.10685181661864727 0.16917443558082046 0.08344644965241654
0.39771008491516113 -1.3641164302825928 -0.5229966640472412 0.09639407609270849 0.0934104450156735 0.021427588857119872 -0.14672457427964797 0.13766066964124457 0.13551352954901746 0.16686728935100514 -0.17930814942050355 0.013364991109299201 -0.09991915686551577
0.2847289741039276 -1.045722484588623 -0.4646177589893341 0.11890949510782405 0.030791467346056176 0.048508659009100646 -0.07574176437671151 0.14221607547672127 -0.11848871858852394 -0.12785027634386403 -0.17975859595396548 -0.11914579039531845 -0.013007343619754919
-1.5715255737304688 -1.269698143005371 0.2076348513364792 0.07958717628769389 0.036293904139728994 0.08348773137146137 -0.021378867942567492 0.17932251892223047 0.14145411445255834 0.04461068143261043 -0.17105831747278044 -0.07478231612020655 0.15211697990308232
0.8819558620452881 0.9677079916000366 -0.404165118932724 0.06420633038945728 0.055203624457161996 -0.04922481085413802 0.07045990140055153 0.08303939145577206 -0.024211666455787623 0.09217432735199138 -0.07984862608942092 0.014223019429352113 0.032555536537564905
0.583636999130249 0.6200541853904724 -0.4884461760520935 0.05145593547598568 0.04810370341118682 0.025467010068999374 0.07084211092779696 0.1366628810661906 0.15333917852378598 0.009249758086987664 -0.14209231552465892 0.06755727587361304 -0.15577438028803425
-0.2410258948802948 -1.7324354648590088 -0.4045941233634949 0.10198063073181231 0.020688304791940986 0.16282293787555752 -0.09433692574976084 0.1598185392921898 -0.11114889628265383 0.11319336313320205 -0.10641604973838548 -0.048993349110301454 0.1344422012992204
-0.05218036100268364 -1.7285356521606445 -0.3948028087615967 0.05246301202435321 0.050862684152883184 0.04526550512691238 0.055118076706520996 0.1253316111803236 0.11959323769303853 0.031531458227395115 -0.12372041667701034 0.05205798759692595 -0.05736212011109816
0.9205872416496277 -0.5968583822250366 -0.4021148979663849 0.07081946062418759 0.024541017078294057 0.0015512115999805065 -0.06793915123687334 0.09390436160031759 0.07455417219171823 0.12086512988973264 -0.17355423454234234 -0.04676596723723753 -0.14251803676204566
0.1293262392282486 -2.2892508506774902 -0.3563588559627533 0.03725221233787829 0.031014794225682787 -0.06928754726022161 0.09795247604457491 0.179045383558329 0.07606955991233427 -0.09704745769861221 -0.12804522665124618 0.03841065167337113 0.11945559789180388
-0.7839285731315613 -2.033841133117676 -0.12933966517448425 0.07997872063101015 0.07860845075112201 -0.15961013291005746 0.03182513982797633 0.13164623071640574 -0.0686424483833586 -0.14606775739534034 -0.13146660638696084 -0.062134579808436396 -0.16200004631820372
-0.8246168494224548 -1.7134039402008057 0.07830715924501419 0.050495378779740016 0.0319344570323396 -0.12172379155086177 0.06668625502454786 0.0622369511611754 0.018909945460481192 -0.1643867767380933 -0.05446249574752632 -0.03328565344685552 0.03563929459610968
