0.6001349091529846 -0.18129083514213562 -0.5195056796073914 0.061365304380285896 0.05638747008077537 0.039140278429124736 0.07403125190080062 0.12067213754139011 0.04651513922229611 0.11791734842809204 -0.1035112822338641 -0.032439562269868744 -0.12709745731138886
-0.06761226803064346 1.3621375560760498 -0.5840185880661011 0.03459126625107804 0.021270359569545982 -0.06169500623420905 -0.011175226383416087 0.17297046242390002 0.15569160631216866 0.17007864411087792 -0.11088373131605685 -0.13495768152417528 -0.15359445449035933
-3.946763515472412 -0.982413113117218 -0.6004575490951538 0.11298965429383875 0.10796976131272855 -0.07728969188059816 0.13691278535804513 0.16228065514833287 0.1124586123854524 0.11444121760369269 -0.11703578199877938 -0.10763954249771711 0.12722346054965317
-2.6936299800872803 -1.8654721975326538 -0.6832692623138428 0.06932601371169031 0.05403029656049192 -0.08472633757805541 0.02542458300382 0.10500553516507305 0.08085524522815679 0.13919370654771757 -0.07875108602807955 0.15662431629278384 -0.014441750479370685
-0.40670666098594666 1.3231279850006104 -0.8060087561607361 0.09517890755598668 0.04179744056143456 0.15751437457360268 -0.0704612636657954 0.10572981584667147 -0.15853915296414892 -0.04597168461059142 -0.14357294859367992 -0.08837057903775754 0.013799001070907396
-2.486539840698242 -0.3532434105873108 -0.544108510017395 0.08465593411688173 0.047099856645822696 -0.12388136565097083 0.09189358080564819 0.14809688052230296 -0.1133896572185389 0.039192207895598574 -0.08925460971280669 0.12193724041795717 0.10891830194184843
-3.8430593013763428 0.08235454559326172 -0.6765939593315125 0.056040648056549916 0.04197461346734954 -0.005816393535338249 0.040710314231350464 0.13146720824426242 -0.03374406725243814 -0.14579269059488584 -0.06364956373254838 0.12085902025789758 -0.09008328900183868
-1.3083529472351074 0.4290398359298706 -0.11078859120607376 0.05543707974962006 0.03968314613454951 -0.12425530014929775 -0.10369025312720415 0.06310888980474186 0.11705603107535606 0.037565579819225925 -0.06898963176826255 0.09375195925180524 0.15458088286962363
-0.8315175175666809 0.7135819792747498 -0.1464792639017105 0.11076561733979313 0.08372327972779835 -0.11315570524253982 -0.15007358425174255 0.1672290435000191 -0.12873979397780907 -0.0629956175610659 -0.17340447785673235 -0.06297660140873962 -0.1766062277180974
-3.0457048416137695 -2.1767070293426514 -0.7699905037879944 0.08824538037815353 0.032038325089209924 0.04617484957878207 0.13028222611673657 0.17449091325902316 0.0367127023582329 0.004958798037366374 -0.10553192663470137 -0.12742909251299056 0.021701976452419808
-5.054368019104004 -0.2999585270881653 -0.7880500555038452 0.07667957321552174 0.026884296986893548 0.0812187368987784 -0.041476247287991014 0.14349881951527274 0.0989702419342407 -0.026553455929212794 -0.14703478346209686 -0.16790361324440822 0.12373301692424588
-4.5719075202941895 -0.18246272206306458 -0.757666826248169 0.11576497439326099 0.03945140107080487 0.14622116742412122 0.10716709481498865 0.1768590788637942 0.17388127731782715 0.061705508527428454 -0.13713684902871703 0.09635455482043831 0.13086199682038135
-0.7734791040420532 -0.5654134154319763 -0.7028253674507141 0.11713714538297862 0.06706642333876092 0.039561518388766204 0.04156160565676367 0.16376879670559055 0.08218477857842638 -0.17196694613283953 -0.1717325226311206 0.10797599138851438 -0.0756591445345917
0.4369189143180847 0.5301550626754761 -0.775192141532898 0.033754706100319554 0.025252730009076785 0.11723350648998981 -0.005530098578734877 0.06465915409492903 0.13929920199762996 0.08672597731658366 -0.10705383994394231 0.012834965053322323 0.17858492691507427
-2.42242431640625 -0.6114372611045837 -0.7253050804138184 0.11412858056760357 0.10700542949953012 0.1648092795795154 -0.013133749699270919 0.14681507676790634 0.0016563582229354168 0.08268795780065602 -0.12950621898553405 -0.1792703596474653 -0.16070272409684067
-1.4711955785751343 0.4399581551551819 -0.18996858596801758 0.05821558478706437 0.03961145257995416 -0.17504026467432604 0.11746077681561834 0.1679783821214942 0.1712688371618844 -0.06427789529833813 -0.1697016991972155 0.16377729227360832 -0.09229987112522867
-0.477809339761734 1.3064861297607422 -0.5806704163551331 0.0756762876424733 0.04321242611571544 -0.042287294927096514 -0.1025898478094009 0.08387201603428962 -0.15055593539510995 0.054036964915363694 -0.15109544101647962 -0.1441984749229299 0.09959018644042106
-3.5359995365142822 -1.4290099143981934 -0.5621983408927917 0.03335601690721868 0.02845041093789488 0.0994684081634088 -0.138322689488532 0.08021531061623743 -0.0022580865485029022 0.02998037053575947 -0.06001861460138817 0.006231371883260811 -0.13914349504384177
0.9340800046920776 -0.18999628722667694 -0.8029671907424927 0.08118300945829024 0.03908912046529526 0.0896023240829184 -0.06722047325988777 0.12723316640125001 0.15757961345072397 -0.0014021816124067943 -0.0815123512564574 -0.1685748791492864 -0.03906328734871917
-3.8443920612335205 -1.0074539184570312 -0.5082061886787415 0.044790794385260777 0.04367446644849787 0.03547113477300401 -0.1534450512162379 0.05305590727050538 0.08473434925209661 0.0018112595941865706 -0.06154054541376709 -0.16164672112674275 -0.08691330972253006
0.1427101194858551 0.9839450120925903 -0.718780517578125 0.07324900258967272 0.05532067158166025 -0.07905199798482364 -0.1122934961185785 0.08457609794574976 0.15290786914893068 0.005882364528711936 -0.0892690239208438 0.0708005444372003 -0.006937538776720403
-2.670666456222534 -1.6021820306777954 -0.579383134841919 0.04054324043862988 0.028609413148369643 -0.10082941494901902 -0.1712971884791722 0.13496811825430627 0.13702839761671015 -0.06570202247071043 -0.1492382070150262 -0.04896385811380355 -0.13278930759109978
-1.591941475868225 0.39645063877105713 0.01984970085322857 0.08288674530303354 0.0682018262335485 -0.09702642827353726 0.10746664931417699 0.10731899474774945 0.0656636175483622 0.15723687572863998 -0.1477786674271353 -0.06559995313448451 -0.06888047861715048
-1.174422025680542 -0.1445172280073166 -0.1554921567440033 0.03422603029526925 0.0293635673879918 -0.014705286931701783 -0.045820183318776186 0.10993980155578728 -0.029707939307494907 -0.008585575275886187 -0.10103398631035349 0.09407612861765152 -0.06115197911405676
0.09315314888954163 0.5564068555831909 -0.7709361910820007 0.09665958212648965 0.07406595789885514 -0.026983923857681752 0.09067127055377627 0.0980051993768966 -0.15908827701766717 0.06433064850174375 -0.12658535468022972 0.12199121431094784 -0.113667232547982
-3.113461494445801 -1.5969951152801514 -0.7643408179283142 0.04766179419635731 0.03448752477524809 0.17238023692325805 -0.13635975760182872 0.08365252669102677 0.16910206057498706 0.13418130539463657 -0.11825601553376165 0.07411790339899166 -0.08643167135859763
-0.7799669504165649 -0.9632812738418579 -0.6404883861541748 0.05143200797122775 0.02987916245389889 0.06398402577527171 0.1595090217914577 0.17903025938517791 0.1775283510054333 -0.056921995499984404 -0.17358170027195036 -0.07132096685186401 -0.0016534860134967966
-3.540872573852539 -1.8228657245635986 -0.7426884770393372 0.10804221661014787 0.1022753955451213 0.1544347197741323 -0.052578415008695256 0.12647821932389675 -0.030806791308172515 0.07914516629111334 -0.15196716759841364 -0.1458492278195282 -0.028076365756324467
-1.4837462902069092 -0.2570352852344513 -0.16748884320259094 0.10784531858088554 0.09683394553031753 -0.17262036133869355 0.11499764964280368 0.15454904382567397 -0.05454483388208167 0.013131544790698002 -0.12290219092439361 -0.08866793313984789 -0.03886289334847351
-2.1606194972991943 -0.06369698792695999 0.06162129342556 0.08087121216671153 0.03061462786910598 0.040678207608809136 -0.16122158978755302 0.14045923679299224 0.1774211763176038 0.1663934467690456 -0.16533610326062886 -0.01833341182965051 -0.08150626642591592
-2.9725418090820312 -1.7120956182479858 -0.7450854182243347 0.11971629441675564 0.10017345363022148 0.11213832318752903 0.04795525179949056 0.14511646003705664 0.17154975288600222 -0.058707091525734265 -0.1519685859166728 -0.10233058820177512 -0.07309521955663922
-4.15983247756958 0.36393752694129944 -0.791674017906189 0.10891917616512997 0.06726117231194355 -0.09633642230382629 -0.0247642470143542 0.144642892016119 0.00711195651015889 -0.011798623450716472 -0.11327281731043412 -0.15980453380442544 0.178023498565911
-3.0509822368621826 -0.4864226281642914 -0.6229101419448853 0.05671709182422979 0.05275562192547205 0.009309883456122381 -0.1162461082682261 0.1745450056774513 -0.05876668579218586 -0.015992266924913595 -0.08143192122983936 0.08592789674423729 -0.07101776979777566
0.041214484721422195 0.923181414604187 -0.7014440298080444 0.0672424454782701 0.04552799669236826 -0.1382543223773201 -0.004357758974482817 0.1735246904385746 -0.10800009607810272 0.021800031415606963 -0.09124717460357068 0.03918337281849413 0.12965622269735305
-3.158693313598633 -0.22540926933288574 -0.6235843300819397 0.03205557615472822 0.021422621549812282 0.1168108668526574 0.1416068367177482 0.15856905845308644 0.052280182167383504 -0.17807784550189396 -0.13028479587330954 -0.1046159039121643 0.0708488989481727
-2.0186216831207275 -1.7115660905838013 -0.8010210990905762 0.10453391671608155 0.09199706996963856 0.14020825868370634 -0.13689150339797473 0.16286207047024895 0.1693293766821734 -0.0853910522597696 -0.14941176475663015 0.04483110651597441 -0.032832305980875665
-0.1145622506737709 0.7774150371551514 -0.6970838904380798 0.11155641990038469 0.07371592839362766 0.03264900581808966 -0.10454402481167595 0.11380392779535399 -0.1233930611907397 -0.10213611568319488 -0.17550178934817084 0.14515840149867426 0.012140909876325157
-5.004960060119629 -0.2534881830215454 -0.7485072016716003 0.11082796210736612 0.10266032362299325 -0.17921831406743977 -0.042269835135533534 0.15302082101434364 0.08014377441277243 0.012192000905216605 -0.1435504386413223 -0.11333476672095738 -0.1031036213035884
-1.3914475440979004 -0.062272123992443085 -0.05594506859779358 0.08617684937071812 0.05314604167205138 0.05779675591931652 -0.13779442526568353 0.17265115834740025 -0.13956424085465435 0.01384115540126915 -0.16509733223277007 0.1257396444862361 0.040388762697442765
-4.80634069442749 -0.20071859657764435 -0.7778998613357544 0.03575637491307362 0.03309953091189401 -0.09340799472208504 -0.0688988882454219 0.08372382731762593 -0.015632397255266883 -0.14095048626912954 -0.0756870470635228 -0.046818267209574105 0.06023263490123762
-3.489689826965332 -1.2210098505020142 -0.5686985850334167 0.10555804241559176 0.039256708205203925 0.011257962143476685 0.1261403431200379 0.12900601977545983 -0.07964361328415767 0.04522445746933906 -0.11403172542060896 0.09076864772527926 -0.05113298369183927
0.3216175138950348 0.5403888821601868 -0.5598434805870056 0.07501197224463456 0.03540960989025664 -0.1780713481850784 -0.06717291248986679 0.10943004779455376 0.09378639596048777 0.1588804819187688 -0.13240638912675667 0.1609053167616955 0.027521110342353217
-1.6059789657592773 0.628364086151123 0.03300320729613304 0.06151583464371869 0.037948794174828285 -0.011272715793843868 0.1799338524782379 0.12406391642186301 0.050118542587799325 0.016249178011776527 -0.1094003553570651 -0.015113277354129956 0.1554805858506923
0.8719204068183899 -0.34561216831207275 -0.5902474522590637 0.11113052970108715 0.06852626189007603 -0.0931861117962834 -0.13329403607507273 0.11115583269414818 -0.0819699385423186 0.16745335318051274 -0.1538495626105712 -0.10538322412062204 0.030047413214359997
-0.24046626687049866 -0.7313874959945679 -0.6930661201477051 0.08124780856929852 0.062079636518111894 -0.14036512231020826 -0.028563226698832295 0.14388233325052135 -0.01632564929325611 0.07668207870786053 -0.1277788709123251 0.07219378902049262 -0.17688398934542737
-2.7155470848083496 -2.034902572631836 -0.7225261330604553 0.09627827560675138 0.022870101375205374 -0.01313304067851273 0.05900195732200497 0.12801795118777717 0.09681068660702319 -0.048877931021475 -0.11364105745378628 -0.007385043665591756 0.10275455808397377
-0.6698943376541138 1.0041395425796509 0.09102568030357361 0.09159181604602812 0.04270385655194678 -0.07106874424690122 -0.138846732341589 0.12661657982836538 -0.060194226305415585 -0.02494590254532858 -0.11276086084255754 -0.1342446022171785 -0.05551220906750978
-0.4588783383369446 -0.342398464679718 -0.7779379487037659 0.05628403864930681 0.05590301496471546 0.034309328959233026 -0.13156751214145918 0.09849693590092445 -0.11131513440691458 -0.11714518582018404 -0.05934760635848084 0.027980272199660233 -0.16426617151531858
-2.487177610397339 -1.3884081840515137 -0.6472022533416748 0.08413690725203232 0.027707245728368017 0.11185726570483384 0.15251576166822206 0.11161702992384227 -0.11561047119379789 -0.027687750924965532 -0.15084609480953884 0.15008938402099975 0.09309202866026156
-3.716907501220703 -1.0737438201904297 -0.558845043182373 0.03327050909943342 0.029158766785737995 -0.12870794191883586 0.12255201273892391 0.10203252513824226 0.08571202636581488 -0.019460449430272225 -0.17575613503535506 0.014831255493925666 -0.04594910312433534
-3.2067461013793945 -1.6184072494506836 -0.7639167904853821 0.09827890814023052 0.09149449876622054 0.10318654949610823 0.048709903077295114 0.13788425611256228 -0.05854800590966926 -0.06718170296804483 -0.14048840183001932 -0.08591089056718326 0.09924687681625904
0.15088525414466858 0.23833195865154266 -0.6601061820983887 0.03690303494669542 0.024754435902694594 0.17449629234359404 0.12056731121769065 0.09221164046158886 -0.05937985507989692 0.04780483772657976 -0.043605386012977476 -0.05642987595970722 -0.07984840772747381
-4.161591053009033 -0.9543803334236145 -0.5738071203231812 0.041157132613321705 0.025473956805247708 0.1044589387999918 -0.01811252661128976 0.11391200936613116 -0.01811450232874745 0.012002104707356881 -0.05212361113483294 0.06087271965385538 -0.04175592314030807
-2.2663843631744385 0.05943971872329712 -0.1710640788078308 0.06897451912062519 0.06376447643100175 0.168229029909356 0.16683601693245004 0.1130525653654739 0.079414052133019 -0.13944783308681297 -0.09413335174913384 0.04772660430393341 0.16577662863601195
-1.575880765914917 -1.055992603302002 -0.7342305779457092 0.06258789576430042 0.04042387753384937 -0.053460676930639606 0.1625684798511346 0.08099717265375225 -0.13210231592900903 0.11299817717542465 -0.15855478594744943 -0.15552356427255126 -0.11434161133893059
-2.9115920066833496 0.08345940709114075 -0.736693263053894 0.039416622784709004 0.022754969432829637 -0.13072620467944793 0.0835672598636471 0.17695907473949898 -0.07746065444136568 0.140188177664696 -0.13517832691464748 0.020056968604846265 0.11797944553845369
-2.839794874191284 -0.5174371600151062 -0.6695021390914917 0.10466310637414768 0.04311605098706708 0.06673739084526031 0.08165128812453859 0.1413943295968873 0.11490614248480002 0.028524478809257486 -0.125218580101654 0.021209851955970777 0.08596734412653484
-3.4618008136749268 -1.7214155197143555 -0.6761499047279358 0.10889528587027669 0.05555368819262245 0.06752911748442753 0.042935823663674294 0.14758897319222086 -0.15462768941083205 -0.12290006880147782 -0.16843139896482895 0.09366227801061017 -0.04248437754188111
-2.895416498184204 -0.34124699234962463 -0.7305808663368225 0.042277838791914504 0.029359953288794448 0.08455676394753792 -0.17503590605420247 0.16225773721840858 -0.02618942960128265 0.1294635936124225 -0.14890215008470753 -0.1040285353815105 0.05634705839589832
-2.6566500663757324 -0.9528608322143555 -0.6810322403907776 0.08355970429074497 0.08155725708481264 -0.01269214723037207 -0.017781770619196724 0.16427381312023903 -0.07079975451332549 -0.1224392086960104 -0.10834677735037047 -0.1639010351471924 0.1196677047377615
-1.6526131629943848 -1.141697645187378 -0.8024010062217712 0.0776426455965065 0.03401048852080123 0.025590786207196792 0.14779274427106265 0.13124725158803444 -0.05399805962217247 -0.1326406332067251 -0.07939715840110365 0.17141696993994449 -0.15571720668653635
-3.8085012435913086 0.045686885714530945 -0.7088562846183777 0.05954023497978127 0.048017488311776574 0.09956396095953962 0.10845315878923212 0.13347727786768393 -0.05435017358305083 0.07246270951888473 -0.12719171561654982 -0.07013229225977835 -0.016051057041834266
-2.4886112213134766 -0.3090475797653198 -0.6352816224098206 0.03287120547013237 0.030339495911072815 0.08930219484246166 -0.05779379781153199 0.16508459794074623 -0.09326731752902664 -0.04495584146524284 -0.15568900295033605 -0.1315157621959525 -0.17669133161575015
-2.947539806365967 -0.5053974986076355 -0.6971086263656616 0.05306291313700965 0.03456526781379589 -0.054939043666993786 -0.12157760933308279 0.08052377209974226 -0.06287130175777922 -0.019636379974372398 -0.15306537800576872 -0.15377588998792885 -0.1337411876502116
-0.14376573264598846 1.7302483320236206 -0.6848282217979431 0.048239920208879766 0.020357441894206903 0.09791677875417909 0.014152625697561344 0.07980882664528868 0.0014907479986381589 0.09287191749256624 -0.11681080256221243 0.026887236493975925 -0.1698720820400967
-1.5130358934402466 -1.4241353273391724 -0.6132299900054932 0.08033873067340269 0.05276550299092936 0.12451686439708881 0.13748593373014328 0.13286631292537213 -0.15944614845416583 -0.017103738296762566 -0.16247520423376527 -0.09202024893837583 -0.1681769257498406
-4.450201034545898 -0.4646218717098236 -0.7297473549842834 0.05944383138407574 0.033206448493494904 0.08133083163319577 -0.12164135980874896 0.11741564477535693 0.05698749997435251 0.0010292710104581049 -0.07905465532128958 0.03514454437622175 -0.12354047173153845
-3.045008659362793 -0.27016839385032654 -0.6460655331611633 0.05750367956175095 0.05214164417058542 0.03138605695187177 0.15161628402642424 0.15458974325713928 0.16124665399804727 -0.14157085080224013 -0.10199081973827498 0.1665392381005833 0.12385478105381748
-1.2080490589141846 -0.8481768369674683 -0.7382297515869141 0.06658842683541472 0.033892937042196904 -0.018259513921149856 -0.09227974792259332 0.11229055269771371 -0.018511659118226248 0.06924827317435903 -0.1666423235598038 -0.049874082068305875 -0.1724392239398046
-0.3432500958442688 0.2862949073314667 0.09170717000961304 0.09078093393239854 0.08863997006096187 -0.024033892036747995 0.062497073024348454 0.09317246705005121 0.13155384783884982 0.05720393044400382 -0.14454426259337694 0.03576624767766656 -0.13175278988579886
-3.211230993270874 -0.7607014775276184 -0.7847966551780701 0.036201191049605265 0.020629701941790094 0.16230327134931616 0.17297641745278974 0.07360133262222077 -0.09341809542221022 0.06068990319041123 -0.06711352215559666 -0.07282775289022368 -0.008558974594205376
-3.0017361640930176 -2.055572271347046 -0.7373449802398682 0.04711920708006179 0.04442036480239138 0.16868815925713782 0.13845119767524466 0.10006656495781086 0.09177042218589115 -0.06002937106771021 -0.13725607551306318 0.014480196540198165 -0.12416812680548237
-1.5233200788497925 -1.0909472703933716 -0.5800535678863525 0.07796210265685011 0.028765793699505292 -0.17287514646656532 -0.11531753083792584 0.10063293830742447 -0.05361191565974999 -0.14548499299720843 -0.15278697722013784 0.1546660915007954 -0.11968205057743583
-1.6886383295059204 -0.09509240090847015 0.0022264972794800997 0.0988810090218614 0.08423827839456313 0.006082962287483978 -0.13048506822411088 0.13442792662413378 -0.0436999305319562 -0.16739910936964417 -0.14528662632625522 0.03249534987308966 0.15504026602674342
0.657505989074707 -0.3762136697769165 -0.6995683312416077 0.053314301589420784 0.0523859371749795 0.11221752960753495 -0.13395456254473118 0.09141545752330027 0.07386276023299637 -0.1216410103990575 -0.11962776309440541 -0.025643101390579265 0.1252995612513329
-4.410984039306641 0.27265408635139465 -0.5693015456199646 0.09435604494719915 0.05853681073427826 -0.015952639014609526 -0.13824281402421246 0.1507725260637217 -0.03808175704051467 -0.1572970897690204 -0.1564150625504993 -0.07034718820579257 0.12963787268282118
-4.608494281768799 -0.061147697269916534 -0.5450981259346008 0.04114641607153803 0.022219980540626027 0.16781256617966156 -0.17561586208582108 0.17556901399843694 0.14646732474101698 -0.08189175839367162 -0.13752011697247687 0.11086618528930081 -0.04515778137364437
0.12678693234920502 -0.2737986147403717 -0.7421123385429382 0.10335105706677916 0.04512215098344796 -0.11586784359845896 0.004601742932555053 0.13942488300853276 -0.17238263360080694 0.09737132114266506 -0.1618426895181272 0.0051004759264178245 -0.07256922881446465
-0.6299794912338257 0.30909213423728943 0.02848254330456257 0.033203455327342674 0.022526115655494006 0.14206977246744085 -0.1405664448254756 0.06591057472454032 -0.10253571043806071 -0.09934114981700448 -0.17842861275796731 0.025672159158092928 -0.005159878527149858
-0.7446534633636475 -0.0578249953687191 -0.19703318178653717 0.1002956265297094 0.06174750223866314 -0.16437756970764805 -0.09402163855690532 0.11644812206261007 -0.12819054575292044 -0.09074702422343475 -0.10998885625413912 0.02921695204712979 0.14867602965054122
-4.135822772979736 -0.9952593445777893 -0.6138138771057129 0.03266536118331432 0.02560419553442054 -0.06408980022896393 -0.15618319373500247 0.07414483357556254 0.14682165599100883 -0.10781684862758861 -0.1277419481381103 0.12601345819120952 0.1474610825155489
-2.6507680416107178 -1.5186529159545898 -0.7818984389305115 0.07006508164525324 0.02305237276892931 -0.16116683602666454 -0.010643933944476547 0.16358941570921454 -0.117828374310736 -0.013695157575412314 -0.08273044605457011 0.13141032557991972 -0.14437819503315025
-4.981783390045166 -0.20480281114578247 -0.5237378478050232 0.04808997331950321 0.031866544603392805 -0.027678647565415715 -0.04915441084650224 0.15157071545420647 0.13965398333721402 0.03827751916848676 -0.09530954573256353 0.050410501478628494 0.04188240889475808
-0.7973580956459045 1.311712384223938 -0.2002084106206894 0.11282899912422317 0.05195241984901114 0.1571422209503418 -0.1208262232493077 0.1439627411588147 0.018022994208966886 -0.044679318794330514 -0.14105432852882252 -0.09720446864130239 0.013789411316104866
-3.1645772457122803 -0.7771924138069153 -0.6065434217453003 0.05162254686838051 0.03286804429104472 -0.007683185374139534 -0.005656517311550202 0.130832731949909 0.08215930199898869 0.1035641313238373 -0.1659350976150642 -0.09791977950036457 -0.13728430726085442
0.47847041487693787 -0.13898217678070068 -0.5974786281585693 0.036663054337280475 0.033554843903715756 -0.10779316669257703 -0.1568627578963703 0.174653868056476 -0.16067669756586025 0.029137128466704576 -0.16837188091341618 -0.1786945430364688 -0.16661432864992015
-2.5028507709503174 -1.2479702234268188 -0.784723699092865 0.10675358775630979 0.03802486601870631 0.09189760487112358 -0.09790285188073251 0.1416077362094861 0.16365305625088178 0.12702547944024367 -0.15708574527970037 -0.08789512285670145 -0.06538143302210932
0.018897565081715584 0.41342753171920776 -0.6589353680610657 0.07865121837950592 0.047641238869775185 0.1234358884033811 -0.027585822217256417 0.09386168624515592 -0.08542011078053748 -0.055424265543510404 -0.17888292079863427 0.1420713656325734 -0.11930097783161438
-2.619588851928711 -1.21681809425354 -0.5126352906227112 0.09063806833732055 0.024511953269543932 0.04875280600256102 0.05756009679730839 0.09732093573174565 -0.0223794760806503 0.010471640603299887 -0.14847165942200696 0.15459696825380287 0.1700882550813359
0.10166169703006744 0.4108567237854004 -0.6686230897903442 0.08352719771704593 0.029371584475540023 0.03191739917760686 0.10383612397788083 0.1563462195353938 -0.07772510007938074 0.11009742275926543 -0.09485419871694971 0.10881820298164163 -0.05367084136245032
-2.8106632232666016 -0.5411149859428406 -0.577677845954895 0.11750491074971002 0.07441720713565535 0.06167288268861515 -0.12171263106049637 0.12269635075415451 0.12654984415687265 -0.08894404028151959 -0.14728463460704924 -0.08633625467569862 -0.1604314448360574
-3.8757224082946777 0.26774153113365173 -0.5206401944160461 0.06898039709089002 0.051879564240155135 0.081831160100228 0.022671063100807104 0.12804037846572694 0.08702213356238753 -0.13767430825847 -0.14392571520991682 -0.07990476208290127 -0.09149023086651648
-4.744062900543213 -0.5249572396278381 -0.6561892628669739 0.07706749524028811 0.07346602243961374 0.0930299883837189 -0.05521177640961235 0.1425992421065071 -0.1744713526316344 -0.021034989495907486 -0.1359845806844931 0.03264174881212359 0.12228713126565177
0.3551749289035797 1.3029279708862305 -0.6247643232345581 0.08388365711199422 0.08203908398927996 -0.14541747074304345 -0.08106478018826073 0.13767119578064313 0.15872713733102578 -0.030353068316391313 -0.09528443479412581 0.0697692868768611 -0.0070920974601966225
-0.7550050020217896 0.8673036694526672 -0.052846457809209824 0.0898951887018252 0.024172321340587808 0.07184224928898375 -0.13327533204483635 0.11194506049284261 0.11108591197728968 0.0841986834770228 -0.13461231942041416 -0.09602277209139438 0.13363232935763458
-1.9686174392700195 -0.3161274790763855 -0.11239877343177795 0.0665252110751251 0.029616325293486047 -0.05162863222047279 0.05297625334314032 0.07983272014009099 0.16359355124876523 0.02900978097353088 -0.15064745127493495 0.11096132219739696 -0.10586408754952135
-3.938908338546753 0.19076308608055115 -0.7239513397216797 0.07145344247304251 0.05200747308097674 -0.13754002123844442 -0.044348069364060466 0.17220399445024293 -0.0604060911320822 0.16028817998236883 -0.08571246451831764 0.11129255310550179 0.05616603019543592
-1.0958601236343384 -0.7260593771934509 -0.6934049129486084 0.03741047576910085 0.02118439765845791 0.10547498458798998 0.008417374501906744 0.08398994511792732 0.03244245201987331 -0.10022042633795178 -0.08587680976110629 0.136577019999452 0.03892605348954184
-3.485013008117676 -0.21366369724273682 -0.6036259531974792 0.08128276509922143 0.08085956572893775 -0.1706903375632019 -0.12217501197096753 0.13057422826604792 -0.1466515989968332 0.08402737144147387 -0.09600554378490216 -0.013033353761655792 0.11998361491136944
-3.195850372314453 -2.1617789268493652 -0.6180635094642639 0.03712843608925639 0.02887239357728425 0.16891770830249808 0.17641997993675812 0.17928947004883772 0.13380684531668063 -0.050800949888283126 -0.05015013720335952 -0.14371708426339058 0.10873659248394224
-3.1756694316864014 -0.1975782811641693 -0.5734815001487732 0.07725598267580303 0.0690381472033522 -0.14294904101713762 -0.17850721668152877 0.11742304503217453 0.03244733518153706 0.16883326520336922 -0.17146575133395658 -0.15745986319831887 -0.011008592919562493
-2.9397289752960205 0.16207927465438843 -0.5664111375808716 0.11358564293108699 0.06278916930880904 -0.15060000761329478 -0.06774527046937383 0.13858986808129078 -0.16181618834911926 0.09161217975169683 -0.16166006477568398 -0.06090126121410552 0.14644138512740978
-1.7268704175949097 0.1864243894815445 -0.12536363303661346 0.09582174266661392 0.09009251854392361 0.11793185756298641 -0.007318555752771655 0.15978603576120184 0.17102215020798012 0.17491085423940073 -0.17231599075793658 -0.15869953184567068 0.028819126301295572
0.49845248460769653 0.5984595417976379 -0.7122355103492737 0.06001455374524349 0.037183353502561405 -0.03900608744777756 0.0024537119140672914 0.16501488140416976 -0.17011902529961873 -0.036685507691966435 -0.16555775183900392 0.09675727422131752 0.14915681207774728
-3.744180917739868 -0.07646455615758896 -0.655785322189331 0.11078645470220322 0.04219014578775938 -0.14988465581271784 -0.15668999961709262 0.13678794110287895 -0.10326057594064367 0.052850419186948855 -0.17624639627843658 -0.13374010363953137 -0.07901997786284566
-4.016994476318359 -0.7812775373458862 -0.7771168351173401 0.03374198692727306 0.0319949481227556 -0.13447573950047892 0.01021102570638624 0.1243593784148391 0.09003717078005824 -0.07203623447987417 -0.1484592207000611 0.10368454565201057 -0.10025627296917335
-3.0146493911743164 -0.01339987013489008 -0.7793527841567993 0.09269231943502307 0.049392724076418745 0.05624996582621811 -0.028564564968164924 0.10393866057856489 0.15278585692601004 0.031164986566507485 -0.10302543338563296 0.14161191984733407 0.0078028515159787315
0.6167387366294861 0.4656556248664856 -0.555274486541748 0.07805392029557906 0.06117269264979104 -0.08405487175209708 -0.03800400817801075 0.13674247496351732 0.02182898363161631 -0.08544083753724446 -0.1738176014198217 0.12688329393526193 -0.09636399991108009
-2.765131711959839 -0.6011180281639099 -0.7046108245849609 0.09633005366689898 0.08331899055142848 0.03893005617541201 -0.05186837455312354 0.13449793505572388 0.11507887899404312 -0.024864477511844008 -0.09696382966520706 0.07047161549225195 0.026894029272274023
-3.9817962646484375 -0.20799879729747772 -0.6144654154777527 0.11515395397896197 0.055789608812456135 -0.01933031274956598 0.17906435116369995 0.1710097044759948 -0.026341027604777356 0.09708558210525597 -0.11780124598714001 -0.11260151225442722 0.1594704233311403
-3.1589245796203613 -0.4733348488807678 -0.6737350821495056 0.06512825984316853 0.02813428919776339 -0.14601413963800244 -0.011637076076631697 0.11958484987472788 -0.14183153116833874 0.05395973772707116 -0.11771336727563744 -0.030486037136954858 0.05363130572716296
-4.022231578826904 -0.27053284645080566 -0.666844367980957 0.05220313020660186 0.029787706701778147 -0.12305143226018286 -0.07106482440486218 0.1706408458907215 -0.13648356576728557 -0.17612897129103772 -0.05600092611907297 0.03851423030121226 -0.026606409657341012
-2.4754981994628906 -0.6085689067840576 -0.63377845287323 0.09656033375426343 0.05265774324409982 0.16789309285736687 -0.06784256220869309 0.09912510236112337 -0.15522541025208886 -0.11226042789923735 -0.11440950436657772 -0.1005686383169796 -0.14877719636822476
-4.564840316772461 -0.45009350776672363 -0.5652132034301758 0.07914236841272787 0.04783627391951277 -0.1741227204613579 0.1261480739698665 0.13227092137264074 -0.05174256448237216 -0.08485917891355178 -0.17504864745832227 -0.030990168186018963 0.07441033509707395
-1.3025580644607544 -0.0058392914943397045 -0.06222475692629814 0.0871739541344595 0.05321905345053875 -0.15067768980160823 -0.14311561266398606 0.13470053226468667 0.09618212220138317 0.13513558163636186 -0.16913337176521215 -0.1684125418643444 0.00209029252952711
-1.724631905555725 -1.355251669883728 -0.7297106981277466 0.09367462479189552 0.07351022161979144 0.11184472233326659 -0.06897886354627514 0.12776640634509226 0.17064787684044114 -0.05900988516297952 -0.16201517214593314 -0.11643596548843851 -0.11789360483890976
-0.2530284821987152 -0.732463538646698 -0.788151741027832 0.11578764181308926 0.04744984786127826 0.01098384029818647 0.023937523520857873 0.1278602324462049 0.07634129212881346 0.011396167890459524 -0.16252112760677345 0.10773109714189988 0.1360041397643721
-4.472548007965088 -0.15767799317836761 -0.7231519222259521 0.11652168548013618 0.10425045501790205 0.14789544236637436 0.10008144109485023 0.12603154984937331 -0.06286762952251282 0.15919353211419085 -0.11745313583020199 -0.02671861557709651 -0.11716882598423053
-3.010126829147339 -2.139991283416748 -0.7780874371528625 0.0908793828929348 0.03036282768105001 -0.12736140774791882 -0.13827091594449442 0.15967591976618695 0.05302783136643058 0.09293110868448984 -0.100126825147661 0.11674715113324857 0.15132322987247177
0.1460871398448944 -0.5510281324386597 -0.780453085899353 0.09119652623516762 0.03100152806178122 0.11700062809477302 0.02678028882152017 0.10741989713451242 -0.046921371577745286 -0.10615015148946758 -0.17042917509292171 0.012588763790046475 -0.08838380464873571
-1.4672155380249023 -0.19140303134918213 -0.20253247022628784 0.042158661982546676 0.024712173242679113 0.08835710154930837 -0.16514067188279521 0.08395470242213637 -0.17324969933569917 -0.08752505832687198 -0.12444620963633105 0.15346304558322188 -0.17864546323718733
-1.4482336044311523 0.17497403919696808 -0.16017545759677887 0.06516094219840884 0.046596375986608984 -0.11001992775776821 0.16052282666573509 0.0793650257835529 -0.01107686476723349 -0.057787726682948404 -0.14847675438355173 -0.01308087159604246 0.08372925622495109
0.4829137921333313 -0.3211521506309509 -0.5263863205909729 0.11030197340309326 0.0960405413879772 0.030539560404303917 0.0816251978105344 0.12354023070889845 0.020022197500069144 0.048726460596604876 -0.17960027888581603 0.11801008802461371 -0.05657304314444493
-1.0179437398910522 -0.8158475756645203 -0.5448482036590576 0.11673692344705264 0.04502730545260825 0.113042897716638 0.11611834861684495 0.1564298275558802 -0.002954091215215615 0.1720947192665977 -0.1403649501160709 -0.047360346186587465 -0.010833085917790919
0.46025514602661133 1.0722159147262573 -0.5150774717330933 0.11332470918845856 0.028850029311938377 -0.018368804701173247 0.17938513284566837 0.13208354461319188 0.10324290080584403 0.11277423913526574 -0.14997676102423585 -0.049564268917939025 0.11024564762970929
-0.4695711135864258 0.6958987712860107 -0.03236033394932747 0.0796487297182025 0.030964339557162705 0.10387991541643415 0.09860181991110017 0.1586153780986504 0.17881664538603487 0.17494897568579126 -0.09804354641503507 0.0757536412019254 -0.0983775544577394
0.6188178062438965 -0.15671075880527496 -0.6139677166938782 0.08540831321339548 0.07865445780427624 0.07565093975500414 -0.07785414692376995 0.1380251661790898 0.10988647206437585 -0.13409985245408892 -0.17869942221113974 0.12908713121804827 0.14961896759333326
-1.7922992706298828 0.17632532119750977 -0.011120978742837906 0.06006967841492096 0.05355045538799823 -0.06663382156782713 0.01943670714295087 0.13309304366547992 -0.04306127869789528 0.16009666249740323 -0.13181050937026217 -0.05235257470587126 0.1595411358239402
-0.9258663058280945 1.025711178779602 -0.11121570318937302 0.07500985877363839 0.06349104341172258 -0.12973603810836223 0.060051781768777235 0.14865838827285754 -0.07592663032226275 0.08418747461940268 -0.14886395066998825 -0.06880297970429822 0.03264595250417024
0.36401617527008057 0.6159918904304504 -0.5580068826675415 0.09358634628414533 0.05347746594376729 0.006638311001023578 0.00012924963551927404 0.15578139874851735 -2.4958653507184403e-05 -0.1234162215350348 -0.10834308140637051 -0.08056684168433666 -0.05902865872907338
-1.1755921840667725 -1.1173102855682373 -0.5946856141090393 0.03356331626730249 0.024665842781970496 -0.014784875798489333 0.05844004159551791 0.1255716623094193 0.011177333908725745 -0.04554007735457527 -0.08702852995603651 0.16242713653157137 0.019149480844967204
-1.5058035850524902 -0.2509770691394806 -0.14284496009349823 0.0886595761883768 0.07357190606148252 0.07707661320689613 -0.006411702710854783 0.09468097470423985 0.1535806534940573 -0.16621462254484964 -0.1214435320570455 0.12737017703841763 -0.1615002961199686
-1.8159090280532837 0.2785574793815613 -0.10194796323776245 0.0683455911688686 0.047335370912898786 0.016964278093455687 0.12370160631647764 0.13190864032457625 0.14662946755442008 0.1027464934828537 -0.15076117103015554 -0.04010096626010923 0.07652139029676658
-4.3101630210876465 -0.06136643886566162 -0.6062971353530884 0.06289989108319302 0.021418904998414937 -0.10785034307250403 0.049387535992921255 0.07849357538255743 -0.13847462783610323 -0.07244523433495946 -0.1230969634637488 0.02600031019725324 -0.16719748778475643
-1.5186172723770142 -0.21745452284812927 -0.14907626807689667 0.11534499876104698 0.1056727287959251 0.15275169253788762 0.021067799649254065 0.1315390128726685 -0.13285777336742094 0.12382692499214121 -0.1648452405494275 -0.003432164475431043 0.06576941923363341
-0.24527974426746368 -0.8451948165893555 -0.5719804167747498 0.11439425367520918 0.08098185131920692 0.04342833710444932 -0.1579525785755932 0.17844190026826262 0.1080266023058033 0.17836588160883005 -0.14412590941920161 -0.12419162027934874 0.03194456411661206
-1.8030892610549927 0.309031218290329 -0.19988302886486053 0.08641320867593767 0.04093335343517175 -0.12318803149902383 -0.06474889226285896 0.1324273442722438 -0.11338401749990468 -0.17089575911476063 -0.11948970990674618 0.019358334907942365 -0.16280602549907566
-1.3190792798995972 0.16789960861206055 -0.18200834095478058 0.062139851091481194 0.04637260319496585 -0.16123067160544716 -0.00600972737875255 0.16988349603187247 0.03660720201342488 -0.044807300210439494 -0.08102468652625686 -0.09126743276459251 -0.024199758597535814
-4.7706804275512695 -0.2698133587837219 -0.6697468161582947 0.07126698658311126 0.030347108305957316 -0.1441862096310604 0.10358219027191945 0.17143783573962756 -0.13776927138019052 0.08866713773695395 -0.15486032902412297 -0.13763714388557874 -0.01728073252826373
-3.455824375152588 -0.786704957485199 -0.7701458930969238 0.08311153091765763 0.06870108978522141 0.08609840412451536 0.1555383873692282 0.14818061710649438 0.04504151501513337 0.12623232768602305 -0.16926074684126602 -0.01955028970889372 0.14609581659033716
0.6454132795333862 0.3592159152030945 -0.5463974475860596 0.11055551029848189 0.0891003330565158 -0.13167645685288615 -0.13925088376712277 0.14962747927655717 -0.0378960191486134 0.12833223244335185 -0.16073547725528425 -0.17483895022391938 0.13799430073791974
-2.7780425548553467 -1.7014963626861572 -0.644971489906311 0.06263195700767842 0.054708736600578164 0.04668709098863827 0.0717107528302744 0.10588721714302826 0.030469587785999314 0.03321647789377996 -0.1167593417339467 0.046989002934223895 -0.17131717052199946
-1.2350060939788818 -0.11310876905918121 0.08355415612459183 0.05023930509635517 0.04120282003118405 0.027636467990863722 0.048953068197883004 0.14405812337626106 0.17865165692077128 0.03664567310821687 -0.0698458419447033 -0.05124083945663027 0.009088361235816772
0.6925420761108398 0.4509640634059906 -0.6798684000968933 0.07716939950330634 0.04203554745942896 0.06398029207829048 -0.058561545512260074 0.14286762685464965 0.13460375095612526 0.06026116044272084 -0.15290135321359022 -0.025549456720812158 0.12154543261667478
-1.0676922798156738 -0.24081173539161682 -0.17907951772212982 0.03676302970090614 0.02766598662078269 0.10937440031314621 0.018915938774369978 0.08828657883052975 0.021901943669382556 -0.133007454158079 -0.1064324669056466 0.007781752972187139 -0.05101850926271098
-1.9674426317214966 0.4175244867801666 0.07345085591077805 0.11086408479851328 0.0934046320592755 0.1539867523517211 0.0866890571732215 0.11149523571889654 0.1597556492399797 0.09373636710153643 -0.12276933962250013 -0.030908939040342642 -0.013514138326222364
-4.644075393676758 -0.13378481566905975 -0.7339718341827393 0.08636754276794137 0.028696041347458668 -0.14406483400605447 -0.03420933537551202 0.13372427627510813 0.14464858851905704 0.022469344572203453 -0.12064322959224746 0.045581026696024485 -0.0010671769936395903
0.3974093794822693 0.3676268458366394 -0.7841119766235352 0.06388350556585004 0.033217192243270834 -0.16858298006257666 0.055396216511580554 0.13618985545466233 -0.01891885281464653 -0.02987610234742294 -0.12012088890680028 -0.15784939440884488 0.15599606066417082
-2.6128082275390625 -1.3416486978530884 -0.6126368641853333 0.1172597066204594 0.11400648563364087 -0.049434632911174614 0.14360899590034265 0.1617774645655131 0.12186805145647839 0.08030086945223558 -0.1666989383108714 -0.14674703706859893 0.0480249467411423
-4.959251403808594 -0.016428396105766296 -0.6450751423835754 0.09201321982394713 0.08509331949470415 -0.160220870292278 0.046824354877002344 0.15662927083899236 0.050723899535839584 -0.06858591151638037 -0.11669944515565589 -0.1602056645061595 0.1401430423350643
-2.731013774871826 -1.9579758644104004 -0.5954736471176147 0.06715498959462318 0.021327641133350377 -0.11756382765662282 -0.0910053573914479 0.08267449650049714 0.04945967775408158 0.010746809821540165 -0.0719118797124836 0.01541611638987661 0.020911761367490844
-0.3464200496673584 1.0864378213882446 -0.6288931369781494 0.07692407426345241 0.0706908650906997 -0.14338397878233516 0.1420423742375963 0.16557337888093582 0.1475070034184484 -0.03768233917815783 -0.14476933758886307 -0.09919240963299415 0.10598213670006001
-1.7577974796295166 -1.5209530591964722 -0.7587565183639526 0.10690601722456204 0.05873416523756014 -0.09398590237735248 0.15225819503511218 0.14191674540680188 -0.029253395564695583 -0.1643321407369969 -0.15135006222550615 -0.12461039086450787 -0.04053767380840692
-2.6357944011688232 -0.1847762018442154 -0.639010488986969 0.052465060446887944 0.04857410272322939 0.029676166457377084 -0.15395966773198155 0.08769829926602163 0.10092302308022882 0.15346405320299333 -0.12095508082322048 -0.13872267361491963 -0.04128540874994821
-4.470422744750977 0.20279492437839508 -0.613451361656189 0.034647917611497644 0.029880301501132092 0.008850544543389738 -0.15106029076835548 0.06460545763363537 -0.097046773607456 -0.11600936155567732 -0.08267470516188538 0.1411807408260462 -0.1252490593740207
-3.440077304840088 -0.43401238322257996 -0.6506873965263367 0.06495106645579614 0.03100682742550464 -0.017189594942546127 -0.09521770835179898 0.06916360128496397 0.13080631654751523 0.08470139004015326 -0.162763411200185 -0.026908483941024353 0.11310213238843142
-0.20752538740634918 0.8167015910148621 -0.7562580108642578 0.04045346742149527 0.0345108329516573 -0.09115434152779997 0.024162026855654634 0.13067698982663187 -0.010938213108023814 0.08283903416985156 -0.059697792530784805 -0.013849576017449822 0.057871621875779294
-4.397936820983887 0.07688246667385101 -0.5335158705711365 0.10326747274405933 0.025894243403952022 0.13031980005665134 -0.00685326478701348 0.1275977504411186 -0.15208284887384552 0.10154647455525889 -0.1793661938862539 -0.0738980428798437 -0.03528112244143192
-1.2109808921813965 -0.29798173904418945 -0.08130089938640594 0.04939631755253619 0.04855116859752978 -0.09433821232873003 0.1101024128385657 0.150642973776646 -0.016146091526661938 -0.051487556439931664 -0.17260860928147279 0.024536187799290066 -0.0495880354115773
0.3826724886894226 -0.18936936557292938 -0.5576243996620178 0.07916813068003022 0.04834404077777416 0.09408820633596926 0.11643535717939524 0.14546061580790767 0.03568689696184468 0.12763336538811387 -0.13794440489151588 0.055377765962833086 -0.09819581768956702
-4.158286094665527 -0.6959822773933411 -0.5214612483978271 0.06202009721647258 0.04369129088453799 -0.09733187756903566 0.16058538248486387 0.1057723523330428 -0.16384070250740396 0.14826730434721275 -0.14686023281032443 -0.11046808778649479 0.04891446696112803
-2.766937732696533 -0.392818421125412 -0.7718419432640076 0.03736708798157807 0.027102492817519516 0.09773290731830248 -0.08764845876551806 0.1471410793789698 0.09331002775753539 0.03622048024302166 -0.07462067440849801 0.1265418257409736 -0.15858602634046956
-1.723824143409729 -0.4817904233932495 -0.045432522892951965 0.041175799213617824 0.02298205382391856 -0.0014369605975469157 -0.08191189940488314 0.13327395120213498 -0.00018020504515059432 -0.09338585535971693 -0.1231109992414981 0.16440881598628648 0.17955054953119315
-4.2566118240356445 -0.7971843481063843 -0.770710825920105 0.11665860722021987 0.04853488768071283 0.16442447706438829 -0.058627398832320474 0.13303888487077986 0.016754734459911325 0.0814936693016255 -0.17115906546728382 -0.1612811980621817 -0.09336723682159073
-1.9129176139831543 -0.17781786620616913 0.08636273443698883 0.09992890126034193 0.07836770401328146 -0.0028361010339972847 -0.053049468859027976 0.14679545304699104 -0.0007588581121795168 0.13896570938633918 -0.1487478218331501 0.005215821736270859 -0.038391051134832876
-3.0930097103118896 -1.6834728717803955 -0.7572296857833862 0.059169096938064186 0.03471384484812202 0.11025563557453844 -0.13362813180768596 0.17613763471448057 0.1205536504867723 -0.13431434930453 -0.16151072491805163 0.08363125325180037 -0.17225209089067398
0.814978837966919 -0.09467483311891556 -0.8069027662277222 0.06853394762330789 0.0682110331803049 -0.12008501726857118 -0.040416179325472534 0.08814319794409657 -0.16221860951738326 0.04825530264758632 -0.10016446565152462 -0.07905858982215894 0.16123886142919058
-2.6619796752929688 -0.5774610042572021 -0.5434315204620361 0.10962281520049676 0.020104904175331104 0.08259246024293593 -0.11161254840814071 0.1446874589291086 0.115180224432341 -0.17445655137903443 -0.1521962102070732 0.04638283684335803 0.1376602224446819
-2.9454941749572754 -1.9512462615966797 -0.6067562699317932 0.059755221326409286 0.05116634252038804 -0.0301367135766773 0.046134851055803755 0.06739711891145873 0.17674056222536555 -0.13480276677730454 -0.14549078536061022 -0.057831757078896456 -0.09617754652052976
-3.195314884185791 -1.6039923429489136 -0.6045486927032471 0.058888888665126704 0.03002078571562819 -0.09619238143633839 -0.019515911515574608 0.14147238436841336 -0.08372622057987543 0.06860667558520722 -0.07709909591312125 0.11361532601812491 0.13620905392339322
-1.3124802112579346 0.4292992949485779 0.070008784532547 0.06151637160952207 0.02103989849151531 0.17475797392722936 0.05432384357978906 0.1237427590366787 0.16643314469490128 0.10459451793715802 -0.11691311055797712 -0.11385892369550082 -0.05504787379905003
0.3807601034641266 0.48519375920295715 -0.5848334431648254 0.11316809286049954 0.06234758959776783 0.00884432578300004 0.1517353670734483 0.15881221203687607 0.17104395290862429 -0.12088345685023424 -0.15048923854503843 -0.0797940980239175 -0.01657990648656496
-0.3797154426574707 -0.5339409708976746 -0.6315549612045288 0.1012186710868298 0.08312502548616646 0.006244170550956607 0.04420296115142702 0.13263316714300846 0.04755708300817321 0.06707922119441972 -0.17131040858199795 -0.10805027558267147 0.00036370509787003735
-2.261730432510376 -1.3779630661010742 -0.5252513289451599 0.09072381902321852 0.07872182060951807 0.10527171810526414 0.03417404818420927 0.14218318927101029 -0.16157773070220555 -0.13115148125728102 -0.1009231486599057 -0.1783000644041805 0.10941013881387435
-2.23616361618042 -1.413364291191101 -0.6052128076553345 0.0971632216514483 0.030067681516252706 -0.12384459851118582 -0.03630631235871526 0.17966382452631158 -0.05665955417294932 0.09691991103686082 -0.16782374742586154 0.038021739833207335 -0.11188736441937773
-3.7321999073028564 -1.6462293863296509 -0.7083102464675903 0.0885776279032798 0.07100793135760718 -0.1748021341461134 0.03457975201626878 0.1463848040036756 -0.10311218179166724 0.08975809907687676 -0.13740426705957845 0.13881301906812282 0.12649897542533672
-1.1556345224380493 0.3702062666416168 0.06316068768501282 0.10952786451573128 0.04234061573790897 -0.08004420742661376 0.06269401624832294 0.11834941149863978 -0.027341077430484084 0.07426890453107515 -0.13841788965035318 -0.07077770792228068 0.16327560141991293
-2.888975143432617 -0.059957168996334076 -0.5102071166038513 0.0671898624538122 0.025901001013110502 -0.08994794996069612 0.01761446195362651 0.1297345803038889 -0.034854180506804694 -0.06193766597120959 -0.177226848545947 -0.05123183842040399 -0.05488762277306422
-1.599603533744812 -0.9936508536338806 -0.7012575268745422 0.06001919686206891 0.040079607718546004 0.005668041378804917 -0.17235832154543354 0.1586119754669903 0.10246904634978293 -0.16044002721330083 -0.12006611158758176 -0.09841745942338667 -0.03588261378819432
-1.4720431566238403 0.08489776402711868 -0.07291723787784576 0.05191414284955466 0.03062910012323898 -0.06449925145932689 0.12330764688175483 0.14247056548917625 0.1659820182536882 0.13423111905775664 -0.17165165252061368 -0.06323747977364282 0.1090970376405444
-3.3852603435516357 -0.846136212348938 -0.5818495154380798 0.10573066484073643 0.0915483708382993 0.061209330938810064 0.1152534676382147 0.16055074207411715 0.0694025071003184 -0.09650273408482456 -0.1457417136900957 -0.12746307429428574 0.10405068690168695
-0.6146243810653687 -0.5456642508506775 -0.8011461496353149 0.0460989572674631 0.025832613556992175 0.0937809879087258 -0.03686589151750996 0.14688375689088157 -0.09282893153661378 0.04055300156104377 -0.11942610695825569 0.06426396138406798 -0.025016316216449924
-3.5761265754699707 -1.0297707319259644 -0.5331094264984131 0.09723899888808683 0.06693033506470142 0.17062328030982749 -0.09530250366344907 0.13688888635692842 0.1677975018504974 -0.07464595809204175 -0.1556785672454586 0.04989241972466357 -0.07735500062168428
-4.571920871734619 0.049634866416454315 -0.6257215738296509 0.0753751703439683 0.02359320738935853 0.09006600134360104 -0.07666591875317195 0.1047001802992881 0.16549812277450493 0.054836659424229994 -0.10786649677179844 0.09781579729072326 0.04074654276348674
-4.621567726135254 -0.1782027930021286 -0.5421063303947449 0.10210825935856394 0.023651178793766887 0.12086216220040291 -0.1041970634375999 0.11317869113813324 -0.02244259917165739 -0.01597886287858505 -0.15231205425861277 -0.04789365952576505 -0.14359581679251582
0.11820422857999802 1.6347054243087769 -0.7855628132820129 0.051796352061774464 0.03415369614456018 -0.15096895517602268 -0.09665473002621913 0.10518095288243545 -0.12036808233516279 0.013892251147714835 -0.06679505082996409 -0.09860081490617692 -0.08830328645833045
0.4643915295600891 -0.3916967809200287 -0.5437020063400269 0.05627140084649154 0.04811317422661825 0.10065408734491865 0.033476239733599505 0.14723355033475855 -0.0963863103580046 0.13071240037085474 -0.060424389893589066 0.15260564064145482 -0.09509974671506781
0.057036831974983215 1.843857765197754 -0.6057413816452026 0.08282013914223468 0.04982475494634729 0.17812864130943734 -0.0130106459020575 0.15750798170795882 0.13616590959098446 0.16056216250471517 -0.0882882279393846 0.1118450065626892 0.06074774474600475
-1.5335863828659058 -1.2726274728775024 -0.5284906029701233 0.09128995514585012 0.04472363360302955 0.160083795100799 -0.09840045996873421 0.10806499666243277 0.15569736923964217 0.13199670382239437 -0.09258999415711011 -0.05631228914800558 -0.04741882533587896
-0.15822236239910126 -0.6669602990150452 -0.5603063702583313 0.08395752399416964 0.03270305726506185 0.11078888043743801 0.0656171285218729 0.12640415470813096 -0.15715926125788843 0.15615998721316476 -0.1406945220275821 0.06618721197914582 0.032682052005657575
-1.017075777053833 0.11567103862762451 -0.036664944142103195 0.11659610266227537 0.06748088957686588 -0.022103538740606554 -0.10645620787977636 0.16658446783932784 0.10073587985957771 0.013132966315415912 -0.17437754248790874 -0.1149950646890655 -0.03961503301005859
-3.2706756591796875 -0.30337774753570557 -0.5556321144104004 0.038691230121321585 0.030415606542153015 -0.17711624986543667 0.035862383375019985 0.1130471030937841 0.11267938152824603 -0.1255161669248298 -0.13977877339001807 -0.14073222626102405 -0.15808143742843092
-3.960536479949951 -1.3129634857177734 -0.6341959238052368 0.09376520682755865 0.053724980614784146 -0.08545846531661318 0.0554125302251528 0.16099941254864877 -0.05298346816032873 -0.14221669396418074 -0.16369224288407097 -0.07198891946534308 0.17525349790764744
-0.5171607136726379 -0.6827249526977539 -0.6173791289329529 0.11988988214667387 0.09478817923542296 -0.11373796264266696 -0.029741091735841746 0.14888991483560174 0.12429500053797882 -0.04240472107876617 -0.16852249457017898 0.06666815094576423 -0.09392157492795239
-1.4144718647003174 0.3747006058692932 0.00022786672343499959 0.11444960885714536 0.0977142603972661 -0.045063197378103964 0.1690790121075429 0.15440375909011644 0.023433639092030695 -0.07503896317743147 -0.12051738243055224 -0.11340803739152519 -0.04080714471998362
-0.4293688237667084 1.4561412334442139 -0.6194674968719482 0.059767887093346704 0.03691534563677208 -0.0629954312052598 0.07008911688241437 0.11177724835861527 -0.08077457226225888 0.16902646545200595 -0.13113468775908493 0.1572195833218456 0.09657882998657402
-1.7204546928405762 -0.39488279819488525 0.08873368054628372 0.09135962479480766 0.04218861131754323 -0.07998923118781154 0.03820327224990516 0.14616566892052857 0.0934208099030886 0.14441273360593793 -0.1362558146967761 0.1644427817224039 -0.032389140459436805
-1.1880860328674316 -1.132387638092041 -0.584752082824707 0.09110875800349538 0.023293304760665247 0.006309631631701534 -0.17090937644068455 0.13692118125836222 -0.10792260541535259 0.1169342318628796 -0.09318942238750812 -0.04827493779033412 -0.11496022244308164
-2.9665634632110596 -0.9187148809432983 -0.5153361558914185 0.09674885989879724 0.06194974030999588 -0.02046024547055994 -0.06990823506185936 0.16262765842197596 0.0227176991524225 0.13364061379374326 -0.16355783105145205 -0.010845120916333661 -0.025149212615635935
-2.55305814743042 -0.9494390487670898 -0.5278606414794922 0.05953110566977078 0.022450840248714903 -0.02815310993092901 0.02662228700379235 0.09774155187579131 0.026497104211852862 -0.08041840146242939 -0.13692698020278943 -0.12606947897440152 -0.12894002230166018
-4.191296577453613 -0.7994255423545837 -0.7760879397392273 0.050104361166535744 0.039792393192607176 -0.13302446135663792 0.05213542976476196 0.055129637034975885 -0.010028256003523889 0.003126720253447568 -0.06920711762189101 -0.007692350680114368 0.09216196959093392
-0.13364948332309723 1.165902018547058 -0.7501056790351868 0.06182520288829897 0.033756395405248815 0.006308273033066469 -0.1020292601771132 0.17979959636836695 0.1722837128868741 -0.012966831996946537 -0.14458638403901813 0.04372474395092213 -0.009788742327216438
-3.045879602432251 -0.8355286121368408 -0.5442710518836975 0.055120269865865656 0.0298580128043016 0.14074503748357708 -0.16354319046220314 0.17878637688463772 -0.022943673459186853 -0.17484685654703577 -0.16205366453668474 0.16856362527458646 -0.17930706989277082
-2.447516441345215 -1.500695824623108 -0.5910612344741821 0.07129146941676326 0.022175257158738654 -0.00014200021773391747 0.16647214563335377 0.10537111960421525 0.12854412691433814 -0.07031557674407643 -0.1281050174612167 -0.1093722222541212 0.1623723501228238
-0.7150072455406189 -1.0630160570144653 -0.7419536709785461 0.09024796132508825 0.021639609592659422 -0.049748272191961346 0.17139948167228303 0.153808977594025 -0.1574698207351255 -0.07265546752656538 -0.17500906298181057 0.1681205160280259 0.1784406526957819
-2.8193018436431885 -0.30361804366111755 -0.5565112233161926 0.06143417816029133 0.04571991609021196 0.05216826304751285 -0.0958355606727413 0.1135331389567264 -0.15150993387891457 -0.035539241097713725 -0.09105521036575735 -0.0670842083611763 0.07851247206502165
-1.4862152338027954 -1.4565669298171997 -0.748044490814209 0.06807489717850643 0.03319447025899133 0.132583930350326 0.1586429607196192 0.17555064941477405 -0.019688318130182125 -0.15073032873577788 -0.14880946076437895 -0.07889133846024587 0.14076213672317633
-2.462738037109375 -1.8930580615997314 -0.5615686178207397 0.1179112613510938 0.055168511623301705 0.150953632832105 0.09092645497053709 0.12072943576903833 0.09884506233359214 0.1174231447585819 -0.17607840974024835 -0.014599143876520587 0.13054911346201153
0.34479212760925293 0.1599658578634262 -0.6766229867935181 0.08684501120513537 0.03426873985428546 -0.022820572462524086 -0.17407745138571468 0.11219991037842607 -0.16079837613880957 0.16694914135155503 -0.1696065379717719 -0.13751109564014127 0.0612065070352954
-2.4931485652923584 -0.29218003153800964 -0.7622641324996948 0.05657225043031723 0.030592412245927063 0.16304023463609735 0.11600588126583933 0.09167648545089861 -0.12703229985598555 0.10004638393506204 -0.09939329982445662 -0.08759967145217908 0.042672934682760455
-2.9094886779785156 0.02333121746778488 -0.639390766620636 0.08518731740638635 0.05871837038841371 -0.07263806251685945 -0.07239053747890288 0.17916941828447666 0.13312875722110823 0.13499498653319786 -0.16959334577278656 -0.13933636040656758 -0.16216085049269158
-3.879662275314331 -1.5936596393585205 -0.5756009817123413 0.06602431622874255 0.050988833085036864 0.07859978981470567 0.17756453463935207 0.1559382488899232 -0.07256392247721988 0.1345372348072133 -0.10980097549091047 0.17719232968188653 -0.16265894647232496
-0.2683320641517639 -0.4897955656051636 -0.6013162136077881 0.0372698709417015 0.02634060149372606 0.1384858377917788 0.012799186093272075 0.14858137941126362 0.012123522824124044 0.1184386401060391 -0.13997274081723154 -0.03377659217059356 -0.1232043083247109
-1.4616055488586426 0.5718772411346436 -0.05206261947751045 0.08912418246036301 0.02149263884572595 -0.046779093089186374 -0.008458818506257543 0.12059828699632659 -0.1140496151051076 -0.17251110199858102 -0.14446209851753022 -0.15642060781916184 0.005422839984613043
-3.1571664810180664 -0.03511175513267517 -0.6568012833595276 0.07476966494320317 0.0228840537466175 0.06294594582668561 -0.06209271096967775 0.17284722886425946 0.08627170188813277 -0.03166239277399055 -0.14517295569363192 0.12443044697149108 -0.07628106139479786
-3.0273990631103516 -1.212844729423523 -0.59414142370224 0.047456030139128115 0.042976091963804065 0.08267464137202507 0.04113934623761514 0.1480049288195603 -0.1603712243718828 -0.15925570675075518 -0.12316143009576239 -0.06794740552591685 -0.008451817762690744
-1.9940240383148193 0.12811700999736786 -0.1985902488231659 0.09201131289856133 0.05723564410744984 0.050188200076334955 0.07217894272422792 0.17214884473163905 0.0020082597937154667 -0.1769413320569942 -0.11171647648348451 0.1689465811497473 0.14291706070365495
-0.5239691138267517 0.7656962275505066 -0.1235685721039772 0.09660266736098916 0.04150149674339034 -0.05127412199081957 0.1526231743255596 0.1616336648103695 -0.12763645766453274 0.17210789587039038 -0.1445396435414686 -0.02013422538161505 0.022766874319712083
-2.045135021209717 -0.07858908176422119 0.03565216436982155 0.10911855663015482 0.02232916697022219 -0.11854462397985788 -0.009705054725349882 0.17896944072499113 -0.010609848011522233 -0.1798497970180263 -0.14278844085599485 -0.10244460854848603 -0.04586521744249092
-2.7761895656585693 -1.8028736114501953 -0.622774064540863 0.03665112784981692 0.023446911798391267 0.00891189917270277 0.15653384757855454 0.17501350997409143 0.04655204649049366 0.13290752881081191 -0.16033676618726683 -0.08880801114202261 0.17792044595020556
-0.0441298745572567 -0.23661111295223236 -0.5331693887710571 0.05237185443408967 0.023827825851899576 0.04218284506945966 0.013131894868802757 0.07301064106472843 0.10746197916909594 0.14543341975028745 -0.1320804925046217 -0.12572963969281506 0.15903991711633492
-2.364671230316162 -1.44422447681427 -0.7802271842956543 0.08232775494406464 0.043368835015064916 0.0652413696175971 -0.17930663002189182 0.13970988016297264 0.027287423541374672 0.10878802696691259 -0.10993469270005365 -0.028631948075574926 -0.1756842293421405
-2.93624210357666 -0.6745219826698303 -0.65590900182724 0.03846799601947177 0.0357434864312334 -0.1462133673387592 0.13009486080363358 0.0923659931602873 -0.014451954123029048 -0.11423084301400119 -0.05055886362426839 0.14295264006313235 0.10217274896379491
0.5079411864280701 -0.4638790190219879 -0.792843759059906 0.05984437970992262 0.032140416742534594 0.09652352744550557 -0.08419909843423956 0.08953192052725197 0.10519233159328173 0.07660897019604512 -0.13937719513400298 -0.050786756522723714 -0.1671942812351077
-0.19552989304065704 0.9932546019554138 -0.6415586471557617 0.0479057787967635 0.039600820899953974 -0.010488553260849742 -0.15819586777476555 0.10821111623159818 -0.12923737055305354 0.0681835837127544 -0.17167717885087141 0.14077623798578165 -0.12345880406321658
-4.859274864196777 -0.4309436082839966 -0.7130143046379089 0.08574238370940623 0.07643978633695835 -0.09018686517421373 -0.0022878104445858694 0.14458551342306591 -0.14077737815820524 0.1501741479953268 -0.10108171989330006 0.14906489681529883 -0.1504521334222183
-2.903890609741211 0.25392022728919983 -0.6228672862052917 0.11819778937303779 0.07225011683008925 0.158446957459286 0.058973764282702734 0.15900107801689112 0.02386700478117182 -0.10854794609746377 -0.16223188051172313 -0.015996713110621508 -0.178858291212867
-3.9671192169189453 -1.2970250844955444 -0.7487401962280273 0.08050393024934731 0.05895972883260907 0.02133575224245901 -0.17665132007797085 0.10021788729222918 0.06096369757956677 -0.04926602325319282 -0.16128517464898043 0.08379906429063955 -0.14491794720676585
0.013477357104420662 2.0594751834869385 -0.6910797357559204 0.08742159386813345 0.07296293191196261 0.13481078465040458 0.026110564744033726 0.1215800421890235 -0.09597541943206121 -0.08225751594371702 -0.10372692130120424 -0.1001614381160505 0.10075911043147084
-4.113920211791992 0.38823696970939636 -0.5787028074264526 0.05776546982312354 0.03966836834709395 -0.06444835083589376 -0.17321975879749676 0.1409426066650603 0.09614622973393805 0.16490873654106752 -0.09609565595766781 -0.009364240458998224 0.06508714154867237
-3.157423973083496 -1.1856119632720947 -0.686093807220459 0.06599556089492548 0.04303400938180463 -0.13908831761267265 0.018072832009670914 0.09386789300781637 -0.08527069545171369 0.04071971281369771 -0.17963238858392772 0.0117646345581498 0.008212339642494487
-2.187859535217285 -1.5133180618286133 -0.6756131649017334 0.06832223815281646 0.02168671663058932 0.11777516231667418 0.06866027632509691 0.07797852415974285 0.022075540330055682 -0.08217700632414243 -0.1569075775859234 0.015231858083095046 -0.11232373782145533
-0.9085413813591003 1.0242143869400024 -0.13654279708862305 0.11692029935581698 0.06639108319711726 -0.10276626804714449 0.013160250941173873 0.12790138890069586 -0.029853650436285767 0.024331878567676185 -0.15220769315572674 -0.04595412583856137 -0.10066852120638375
-2.8639373779296875 -0.5497796535491943 -0.7906542420387268 0.10750710226942864 0.10586919596282006 0.058776362408195226 -0.006815541970901229 0.12281881453056959 -0.060439592332778735 -0.14213094770441637 -0.16306600902130963 -0.0788751362950547 0.09393869128333593
-3.6389734745025635 -1.5109742879867554 -0.6919259428977966 0.05200684463226983 0.02956307586622457 0.11740494622024389 -0.13681262339218786 0.056757374257637175 -0.17826207267623115 -0.16089682651237444 -0.10197203441885025 -0.054190692202724794 0.10694550988691592
-2.0572266578674316 -0.496564656496048 0.072255939245224 0.061741687042769125 0.05456926043779402 -0.1485552562141751 0.06485925247275115 0.12070262380717509 0.11893276168283151 -0.0781296583771102 -0.14133538235256418 0.11117906843479203 0.038859997753464715
0.6741282343864441 0.1053294688463211 -0.6764581203460693 0.042943148099513336 0.033586389746550926 0.11900418232399296 0.07827983413486339 0.12500926416724306 -0.03800699480067918 -0.14640442576902968 -0.14251505322750554 -0.12105937076202147 -0.040988951449609845
-0.17756445705890656 1.6250720024108887 -0.788008987903595 0.0438853418762899 0.02895402303457611 0.02504320970223642 -0.0808512105890809 0.0647381183172883 -0.0949637664290656 0.061751033047905024 -0.12187067549178238 -0.16271409585651986 0.028911458732877593
-3.9289262294769287 -1.3993449211120605 -0.7380532622337341 0.03854849236871523 0.030280094141979626 -0.17489147037877184 -0.1456145758795624 0.1503319087980748 -0.001702722403860324 -0.14018637672174655 -0.05835630856220738 0.11966450292814124 -0.17608028896604064
-3.979177951812744 -1.0818791389465332 -0.6563316583633423 0.11787323713982807 0.04192567477570364 -0.029864634191247158 -0.07215239272353231 0.12238342836337963 -0.09988552871115122 0.08745516971813139 -0.14166556996351762 -0.09573806175020373 0.16649810971394713
-0.1034965068101883 -0.5366509556770325 -0.5864318609237671 0.05442246212820735 0.022643625760862606 0.17179586255462626 0.13522339976418607 0.08041379486968009 0.08828879359587877 -0.1636885727996299 -0.12394457066037647 -0.15613121110063738 0.16004024625548496
-2.339755058288574 -0.9908973574638367 -0.6925531625747681 0.04574744260209666 0.03189941601222312 -0.16300747432519042 -0.13903145764622474 0.10444715518531394 -0.16879323031311258 0.04377612400416339 -0.05016633202979531 0.1128309562524632 0.04969619216223356
-2.7983038425445557 -0.5617861747741699 -0.5528453588485718 0.08149372476379435 0.03229101332481452 -0.022486803108574177 -0.005909672197574878 0.17176531308038573 -0.13078629705404915 0.09454007116057517 -0.1480612588684242 0.12380442760838967 -0.1776677664402984
0.44381025433540344 -0.1203487366437912 -0.5142648220062256 0.043415717223535606 0.025972981640285796 0.08154453142090062 0.1101464127823405 0.10896631112693406 0.09297364610566161 0.09396150828161554 -0.16494717909458662 -0.1071751708927595 -0.13202863374898383
-4.11302375793457 -1.074601650238037 -0.7149946689605713 0.0991740961326888 0.06996868671696899 -0.04054518659270909 -0.11550715161350446 0.10266676967853992 0.09537810457694279 0.11086866553950303 -0.13923582111824312 0.1349711622444572 -0.11465272743838195
-3.4370670318603516 -2.047172784805298 -0.5885642170906067 0.08124540226376524 0.058814996398082464 0.12986541045957228 0.11479239029337474 0.14262626864285322 0.15028059023792134 0.11786137848765987 -0.12628736382520306 -0.07281397087724363 -0.09523270231924298
0.2655143737792969 0.08491352945566177 -0.7817910313606262 0.10609294891817322 0.09722232953737442 0.060303180586482624 -0.1484049401266057 0.17117662590424446 -0.14374414785574494 0.009109995283324013 -0.10675465737428015 -0.06670576095889012 0.04889998670877438
-0.09887667745351791 1.5277172327041626 -0.5479052066802979 0.11100140861706233 0.052055630901163996 -0.06017046595350915 -0.03459736615782752 0.15997054227058427 0.04223814348321267 -0.13397468239618246 -0.11915700826187564 0.0612353804224631 -0.09536810060428785
-1.0842924118041992 0.05925963073968887 -0.11248753219842911 0.09734276540596891 0.03935223379316367 -0.1408004690953709 0.15001419343816286 0.09879839433058352 -0.01827443456388969 -0.15673778375282477 -0.12072414974147734 0.048769622179671124 -0.0676438821743312
0.2444840520620346 0.5316677093505859 -0.7072232961654663 0.05737713203649869 0.0510338265387494 0.005924497254584549 -0.15487340353154946 0.060877011537700296 -0.0030352065715657517 0.16763758431262077 -0.17531023546405766 0.07104683101719489 -0.16718514336407925
-3.288823366165161 0.26100242137908936 -0.5308505296707153 0.0757306174156049 0.04846494405613405 0.06049225822620946 -0.10208373121756895 0.15923070980871196 -0.08572102905050782 -0.16639269418155186 -0.08108858113834311 0.047517095073890736 -0.1655629169787475
-3.8775391578674316 -0.4201463460922241 -0.6009696125984192 0.10494924667228028 0.09602544881362658 -0.10662394823031848 -0.06583504629648944 0.16031204487204198 0.15940730913894602 -0.0696802160895085 -0.13844271596351165 -0.11232238938515211 0.15514110283299798
-0.8868085145950317 -0.11048717796802521 -0.021395700052380562 0.06356620293133057 0.038736623012605165 -0.08229732634674627 0.12283548022029556 0.17746096227685434 0.1744603214224243 -0.0653117402507661 -0.15456136490285413 -0.1093488204063806 0.1365557833091432
-0.5798637866973877 1.4890722036361694 -0.5565555095672607 0.07290634896633141 0.05541054615085167 0.15084795849139515 0.0418064846072185 0.10502843709286523 -0.104400594704976 -0.016852405992636876 -0.09924032042478628 0.07296596956423679 0.06297801193389146
-2.425835609436035 -0.7658470869064331 -0.6987936496734619 0.04267880096551259 0.032452419971700217 0.008588359038719184 0.08015255327952892 0.16946888537086013 0.15073573124375111 -0.10422479974126586 -0.08212330377595439 0.07652299888608705 -0.07123081633836052
-3.0710809230804443 -0.3948230743408203 -0.7033267021179199 0.07425509217596046 0.037016077839924805 -0.14328911016228088 -0.0003414169694266611 0.1138551157382114 0.10157246115117718 -0.11030694958633358 -0.09550310513466878 -0.15169830337503484 0.16560034656378264
-4.512372970581055 -0.25858181715011597 -0.7485265731811523 0.050564005573352284 0.032365576736995964 0.03318176194392411 0.10075949735225409 0.17883616320990953 0.14161802468628015 -0.047186253751094226 -0.11534921243418897 0.14020314374898646 -0.1794027747166182
-1.1976532936096191 -1.0044312477111816 -0.5698245763778687 0.04324259243147339 0.02100670021979228 -0.042551582995211 0.061907017542368575 0.05666618758099809 0.10729812056454102 -0.044017544262767716 -0.13701009536584574 -0.17224101991773422 -0.07807672027884119
-4.78516960144043 -0.1460496038198471 -0.7862328290939331 0.07329692852355976 0.020353294706178447 0.14715727235891984 -0.07224409097128284 0.08900460827277487 0.1097389130068463 0.08892829443077188 -0.131408074748384 -0.06126886256868626 0.023051675863936416
-3.465423345565796 -0.0005603719037026167 -0.7090932726860046 0.0397421528708633 0.03558531442210774 -0.04166043710432779 0.12070200432370964 0.08364007129976714 -0.05577599029081455 0.044326744256759254 -0.09612758231907599 -0.009651957546734646 -0.17014223725097885
-2.8162009716033936 -0.994429349899292 -0.8009836673736572 0.052390005723363914 0.048642801701639655 0.11941786076472283 -0.08470125408047983 0.05390710054634468 0.15901216239689392 0.011551589187060701 -0.14375767443533016 -0.0704468049909742 -0.041202969286628005
0.36142170429229736 0.6692878603935242 -0.7142888903617859 0.07372501163502115 0.052221152106686375 0.05786526443279286 -0.011715138294723482 0.14499009300634627 0.06337140828422044 -0.14964340606422724 -0.14164003582528253 0.03040248726989092 0.051213269573291476
-4.9801483154296875 -0.17779232561588287 -0.7185562252998352 0.06395211963038266 0.05926317550215035 -0.0477110820551882 0.16445105949416022 0.1335844374912729 0.12465918346003024 0.1540321898257408 -0.1058294025124917 -0.11500070340429332 -0.17411672445136778
-2.458893060684204 -1.178609013557434 -0.7816769480705261 0.04530460428373302 0.0417298031042445 0.12997634915863054 0.13901705334289166 0.061082735370898755 0.14104978793266937 0.008248837344813964 -0.1709697583820372 -0.013189387828604349 0.11525356940763759
0.7902327179908752 0.02151552587747574 -0.6667701005935669 0.10828387897637559 0.06593942064221629 -0.16808859177207564 -0.08897805780300763 0.12074352055747437 -0.1194787610891056 -0.138997425656352 -0.13553010742591753 -0.13736405071075725 -0.036040324807489865
-4.089685440063477 -0.9530317187309265 -0.647117555141449 0.08292755699937339 0.049287753933144544 0.01612422067270794 -0.11289765437799296 0.14137275624465107 -0.025592075794706376 -0.009724275220658468 -0.09184355244730236 -0.07462387574579614 0.005572280176147082
-2.988068103790283 -0.9359731078147888 -0.5501869916915894 0.08052060602731231 0.02271743576683071 -0.008276862161199411 0.13603657245539025 0.09945560878166987 0.14597344949329205 -0.09452008582778927 -0.10440210702547024 0.07582388101473247 0.05426003566730833
-1.7486884593963623 -1.1708528995513916 -0.6525644659996033 0.11221284464390993 0.07477085388363483 -0.13844704417792375 -0.17536321888846462 0.13729340338161286 -0.011457576451944645 0.072720973713845 -0.1693111001398031 0.06595141140799488 0.17072902191089873
-2.557664155960083 -0.4088993966579437 -0.7920167446136475 0.049651614907345404 0.04591973358976341 0.16836947683471337 -0.17472400788319997 0.08614881337124942 0.049701106929921496 0.13386344170972758 -0.08067457401276341 -0.033377177319107915 0.1712353469431186
-0.5586321353912354 0.7247083187103271 0.04655615612864494 0.11929437624521709 0.11567938274172875 -0.12957597152980782 -0.11710505950705619 0.1782732160228232 -0.17194824646026555 0.0280759796209277 -0.15577873091625982 -0.07212257322772254 -0.16997224185184565
-3.00583815574646 -1.7294518947601318 -0.7976837158203125 0.07227335328586877 0.05082954508070994 0.11846169416766328 -0.17564003901286954 0.0901810567476113 0.15010535426499155 -0.16734299884212417 -0.09141174962311417 0.14282438658794477 -0.026619150754189747
-4.872337818145752 -0.42182546854019165 -0.6314091086387634 0.042434337359421946 0.02064966777429522 -0.1772864581300772 -0.0842196675460381 0.17407319235746677 0.029925127166548382 0.05738643273634017 -0.17996875675023669 -0.008100268652427856 -0.07971403997777073
-1.8860129117965698 0.5496430993080139 -0.07876349240541458 0.10706033667663795 0.05557312329182258 -0.051932899196195065 0.04545681941165847 0.1515332963186976 -0.15944156661509956 0.028930241184135452 -0.16092716922564398 -0.07501253397173692 0.06907162157448371
-3.1749675273895264 0.02183295413851738 -0.7629796862602234 0.07247816591479843 0.07053388223597665 0.06955570759605462 0.009880090916731032 0.08202890420456256 -0.053024214088520705 -0.09007343036434504 -0.17565065738089886 0.16774809668641516 -0.09181260380247609
-3.608759880065918 0.24068786203861237 -0.6085659265518188 0.07785017648460693 0.039116258320647385 -0.03289293841274843 -0.1166180511890882 0.17510215792150335 0.04574132056320296 -0.15238266840482154 -0.08114030817541343 0.014691990026679591 -0.06039593146977505
-0.307567834854126 -0.7018487453460693 -0.6756142973899841 0.1060238306711087 0.06650680968002182 -0.026125124191861887 -0.09587145756137432 0.11146164979111685 0.001207549789651069 -0.031101506591075412 -0.16305354819099122 -0.031387666484235466 0.13563887534398378
-4.03018045425415 -0.42594900727272034 -0.6939715147018433 0.06534858471365494 0.05142863667878329 -0.015383644388562046 -0.020236646551272275 0.07869751974231974 0.13186246819545694 -0.170145827898631 -0.10021578135280498 0.06311219680203126 0.02708106063002011
-1.3445969820022583 0.4628816843032837 -0.06512904912233353 0.0884642377953155 0.04935444494477391 -0.07490044346566027 0.03906498912718345 0.11527468448886108 0.11100960253230308 0.02688251859666374 -0.14893664438248688 0.005430948111430078 0.09187975480668414
-1.128021240234375 -0.08539567142724991 0.05978614464402199 0.11455830491781882 0.08247485437556003 0.03756380640280357 0.008338532072389382 0.17926596804866055 0.07688635365542379 0.012279538441319515 -0.16817908143266702 -0.1288932520843974 -0.049397956841009616
-1.867660403251648 -0.6064993739128113 -0.10845166444778442 0.114652779652782 0.027187698828194575 -0.03881022513963456 0.003527077020869407 0.16574437919578563 0.06369521664618913 0.13322554095640426 -0.1254554311356862 0.07599436944521565 0.09833233526838214
-3.8261940479278564 -0.6595365405082703 -0.6587396860122681 0.050612750828315456 0.03444516160767995 0.043538884610605816 0.04702279805822235 0.17196380717155918 -0.17299243920063412 0.1563990595699294 -0.06486922992905222 -0.05562468709531258 0.13851948396723157
0.371953547000885 0.6028823256492615 -0.784848690032959 0.05581075908073164 0.04715948991268601 0.06583756084046488 -0.09185527813419564 0.1472486393532159 -0.1799898119226415 -0.07091374566621535 -0.12198922838576759 -0.03800603590815163 0.159123950329346
-3.102123975753784 0.06827963888645172 -0.6766859889030457 0.10425646090619872 0.04230225238210626 0.0042484340839500645 -0.15846208391569186 0.17599617673580248 0.13953743221433218 0.1229266387272831 -0.1748466483596755 0.13754872958473247 -0.14387777794349943
-0.8915865421295166 0.25219786167144775 -0.14906130731105804 0.10424650938576906 0.03434778867144818 -0.022547401963242925 -0.16182291599621612 0.14836860428115328 -0.17682547038507132 0.16750842021585083 -0.15145962388360254 -0.15412081918636542 -0.122125180480999
-0.2538517117500305 1.1159417629241943 -0.641910970211029 0.035038858785466656 0.029293672709361774 -0.15628192840973998 0.01350659966493778 0.08078872332560763 0.051549490219124 0.029624022949299528 -0.09001834378452996 -0.09641437963815552 0.12498530739042024
0.16016319394111633 0.46601933240890503 -0.5112695693969727 0.08188219927150364 0.057631700734858016 -0.16881603640161244 0.1555017962578083 0.1726499848608493 -0.002630414591916208 -0.11510829130415641 -0.15027719043486648 -0.14942616478007056 -0.07458635332853249
0.09451073408126831 -0.5502539873123169 -0.7926338315010071 0.0526940094971449 0.028362296590738814 0.0046333871057451514 -0.07692437396521477 0.13617214660677723 -0.09628140701389676 0.09470993189368943 -0.08147917934575939 -0.06136072964639505 0.0018145309819054267
-2.754091739654541 -0.7865263223648071 -0.6613958477973938 0.07517567478951573 0.047104030029200106 0.053935481648226646 -0.1685030323866857 0.1760471090684756 -0.05254462231838447 -0.11086241699251294 -0.15362098234212884 -0.031189998198145358 -0.07624038022041661
-4.800991535186768 -0.4786415696144104 -0.7644950747489929 0.0535948779755089 0.04294206973276926 -0.06794394343877276 0.1018595357363784 0.1107857590021234 -0.08073983182378461 -0.15148388879914781 -0.12310904215851987 -0.012207980530919621 0.1451578434526526
0.6195273399353027 -0.41325312852859497 -0.5143663287162781 0.1183599361509506 0.0863330313336719 0.1600252464168586 -0.012325289633321967 0.14427620414656192 -0.06008471321078904 -0.0673957974924916 -0.1263447861276555 0.08724254301556261 -0.041240750674794324
-4.389984130859375 -0.5045293569564819 -0.5355844497680664 0.09469974133150914 0.06642090723891114 0.10857919998746512 -0.11517860344832155 0.12456495590253064 0.000812602405217161 -0.015954364533622922 -0.14237411630284674 0.0030796016230855705 -0.14760718676361406
-1.0377697944641113 0.1433841437101364 -0.1873760223388672 0.0727251766853178 0.05520896008882202 -0.1759884548088702 0.03387602047788657 0.0882518158173461 0.16959691917395447 0.15592615450130842 -0.17420866194904133 0.1239513777480648 0.021218389601654897
-2.8584299087524414 -1.3236606121063232 -0.77718585729599 0.054542378721440354 0.0387970138549202 -0.010223701462116347 -0.08194540259160804 0.17338047836996856 -0.05039965777353836 0.037744814236692265 -0.1356295565114956 0.17037019051593655 0.0026676441959680164
-2.329676628112793 -1.6020500659942627 -0.5090721249580383 0.040951932486655206 0.03715696929681271 -0.015400261585881758 0.06073416643484897 0.04883365047625063 -0.15929930085714414 -0.10822286620301894 -0.14493285549407878 0.08436605458281865 0.019161607679155312
-5.017659664154053 -0.19008852541446686 -0.5303840041160583 0.04551036011460029 0.02977687764964295 -0.021264527444305237 0.15727978351485272 0.07148246498875561 0.1569130714348837 -0.15714965276770845 -0.162160582183679 -0.12698231272582994 -0.06478564593591171
-2.9981272220611572 -1.6383678913116455 -0.6487727761268616 0.10095981258598971 0.08093832153980958 -0.06935326801817804 -0.032091152907222975 0.1363240327421149 -0.06462327837294862 0.1681011234178405 -0.14295371070503782 0.015973813399171616 -0.0006101498726935051
-1.7342528104782104 -1.2768661975860596 -0.7385226488113403 0.0593614449246951 0.04019620492826648 0.17769292157072475 0.08771681673604959 0.1067462815620388 -0.09041400350100263 0.05701549983903992 -0.10194442238076523 0.1257080538117974 -0.14358270030674147
-3.2999751567840576 0.14603546261787415 -0.7267246842384338 0.0538845281269541 0.048570341975548034 0.10815375702782559 0.008273706653428137 0.10558709788757162 0.12564098232298898 -0.07639876352916075 -0.11761042643138206 0.0434202464554046 -0.1243325273323805
-2.8708534240722656 -0.9214175939559937 -0.7458158731460571 0.048329551230592044 0.0458347589706769 -0.1670156185357209 -0.1186864820534492 0.17636839405710716 -0.07767625306409887 0.10369323763828264 -0.10804568000513168 0.02354164778588691 0.07588217286798293
-0.1384960412979126 1.324096918106079 -0.5639733672142029 0.0419431434076753 0.02862785558371054 0.06103719686838974 0.07005380574251302 0.14607490591790648 -0.04298158072200764 -0.02140925670355079 -0.09190693739623751 0.1270763481967116 0.015625709317410502
-0.23924466967582703 1.337111234664917 -0.7527644038200378 0.11562857586299903 0.06694522945538335 0.16243424492749864 0.12285573393971755 0.1499166394696953 0.0114665139869361 0.14230883600969363 -0.13267547905498617 0.059305244380318284 0.033770633147063495
-0.2186414897441864 1.6128714084625244 -0.6421138644218445 0.0679875460606004 0.04294796286183285 0.10882857844274313 0.04449379105993967 0.14028643740995633 -0.17913740358682637 0.11562700435310275 -0.10258174841599142 0.12596264257459977 0.10962322030581978
-0.6719083189964294 0.6121018528938293 -0.1318468302488327 0.04614133094885585 0.025192632054216495 0.005144345032352643 0.12917622148217406 0.0999829525549558 -0.03414004847448052 -0.04578063776626262 -0.059664097503338384 -0.17078896516890543 0.0589700026855241
0.5770788788795471 0.3555559813976288 -0.6051672101020813 0.08896313021759225 0.03140122512792217 0.15318579601527516 0.027397877730376247 0.17801195737706368 -0.027781077783747693 0.15078013124649875 -0.1585473199528561 0.0967661846693127 0.1455485212222758
-1.2852203845977783 0.37382617592811584 0.08520020544528961 0.034946184342068136 0.020254338731579512 0.1674414714602212 0.1485997291110711 0.08801495659074818 0.07907213576326788 0.072215927881908 -0.07798075088236195 -0.04544121361795486 0.11692078083137875
-3.102166175842285 -1.521083116531372 -0.7599146962165833 0.035546540810875674 0.027916748516794487 0.16071994072731488 -0.02929269460673653 0.047615163150554835 0.03528946153933471 0.07302883893421253 -0.08344688774023812 -0.029032937785420793 -0.020327325637144428
-1.6819324493408203 -1.4533814191818237 -0.577242910861969 0.05817310100975279 0.030354653435829704 -0.0441771171647348 0.15749444796699447 0.10584000335326411 -0.14399897444582502 0.13989827287500078 -0.13547834323492314 -0.07112951273128681 0.13675087036658973
-3.249403953552246 -0.403451532125473 -0.5192444920539856 0.03823457383275475 0.031044734127241323 0.09773241992839737 0.1222177957253236 0.13578140453866952 -0.17628176197920717 0.051192462313450315 -0.08938051427833214 -0.1619179124910764 0.07048965164068033
-5.036992073059082 -0.2560265362262726 -0.6873637437820435 0.07407537154853665 0.06496769638667534 0.02594415772173206 0.04772840134612255 0.14638889338460215 -0.14947556530009543 -0.06558098452209374 -0.1674201316961022 -0.13241144842905775 -0.10790521157860083
-0.43505600094795227 -0.6642931699752808 -0.5459958910942078 0.11054816320475222 0.02104550822526779 0.022706506366687085 -0.15961662967762466 0.11321639496997728 -0.1686420972720322 0.014290429239328745 -0.15528095796701985 0.06070004968706269 0.06541799854802444
-2.0504701137542725 0.3568972945213318 -0.16503147780895233 0.0880386130212699 0.026998639795870107 -0.13439422858579403 -0.01156538711209748 0.11010528273412025 -0.008884079183598154 -0.05484880162609998 -0.17882232400280257 0.012040035376010033 0.046204558007337304
-1.3512179851531982 -0.06409578025341034 -0.05112515762448311 0.038953977068451134 0.024189970817518974 0.08806142135925787 -0.018919365598289856 0.16145845633203992 -0.1120343071668915 -0.07654310403101473 -0.1280764511693745 -0.031695314668584385 0.02367931224464556
-2.2661116123199463 -0.9713594317436218 -0.6644876599311829 0.04192252637288037 0.03984412131518574 0.1142042608857804 0.1411175968355911 0.1604106910705788 0.015599599402577657 -0.15033407386879077 -0.13429897662600437 -0.1379882689265774 -0.025213303251424513
-3.604058265686035 -1.1514064073562622 -0.5465580821037292 0.043949194361900853 0.03955967253336244 0.12295296518008764 0.09351295736648402 0.04408351502096815 -0.1717229839891741 -0.11374066258267365 -0.14718243648680485 -0.05569630886893055 0.005677198931967081
-3.104825258255005 -1.8916724920272827 -0.5238375663757324 0.034157215005919624 0.024709715426506615 -0.09074037656767149 -0.14433438729908996 0.04504629950693092 -0.11994009966901542 -0.011073299904425488 -0.07151706278817399 -0.1390355213261009 -0.15246691526387612
-3.9579110145568848 0.2004377543926239 -0.5390107035636902 0.09283530710652473 0.056663512511532316 0.01596701222296054 -0.028993556406109428 0.16652168648831422 -0.03801190154238193 0.13595109242385384 -0.13916703177649561 -0.0650782227333492 0.07578213018284352
-2.759744644165039 -2.0642874240875244 -0.6769517064094543 0.057107641686193325 0.05057314820475683 -0.08115575769527104 0.03812593722112498 0.1646327045526938 0.06011817261139901 0.05459711481136506 -0.15789202803573282 -0.14521393252916004 0.1587761539716478
-2.5793886184692383 -1.7456860542297363 -0.8039439916610718 0.07638249165907016 0.03671484919996712 0.141763207566259 -0.13368152585596893 0.14376601508085224 0.13147030038372642 -0.04946531846168681 -0.1623835287756005 -0.11124020328928239 0.009532302979409046
0.2143196314573288 1.4984941482543945 -0.8034052848815918 0.07004977962414091 0.0619332102558819 0.12889201248827264 0.12084011907443754 0.10400233663298986 0.10485455034372015 0.11941794011071288 -0.1588294102381108 0.15011879375149334 0.10379654492677837
-3.7671141624450684 -0.6718663573265076 -0.5394883751869202 0.06453816771618312 0.029132704178113263 -0.03399569317263021 0.1266390290901646 0.16340149511783675 -0.07341477484283403 0.009812992837285761 -0.1277346175132424 0.03530506520040372 0.12484421115284439
0.3239293694496155 0.4223307967185974 -0.6203967928886414 0.06540748371544576 0.03769554720250836 -0.08976975776357737 0.0244741774918322 0.0911975670945746 0.09037087964298285 0.09912613181559021 -0.08211438444893668 -0.11822724879269043 0.09249374060622823
-2.7952897548675537 -1.5202300548553467 -0.7560421228408813 0.09134554351615339 0.05202841604885611 0.07404205349857956 -0.17025262743931674 0.1411002233429663 -0.0552824682898717 -0.05785258355857169 -0.16267960883077254 0.13419183419795944 0.07799658718170666
-2.0465779304504395 -1.1184121370315552 -0.7443739175796509 0.10337061507366276 0.030536906969141974 0.11694882564292636 -0.06998392437228247 0.16998314065315712 0.10807705030863757 -0.08419288642877402 -0.1662534940483285 -0.04397795395086304 0.058652658773421046
-3.290365219116211 -0.3948242962360382 -0.5628457069396973 0.06128158685218048 0.04135121688812971 0.14648210222110053 -0.1529228208033311 0.1465830726959066 -0.1287983946575495 -0.010674119134282956 -0.08240137765461233 0.02539873437353371 -0.0723497350334678
-4.313218593597412 0.005428073462098837 -0.6297345757484436 0.08584500492923364 0.0660323538551361 0.06269846615008173 -0.10979795290532496 0.09302196258947337 -0.02649700561249152 0.07595153668099008 -0.15001719126228044 -0.08447067196340817 -0.11299927588417397
-2.331594944000244 0.40906405448913574 0.05112471804022789 0.05692425690737623 0.020322745908819356 -0.01818362958542938 0.1493519903681279 0.1039702866796247 0.018981262250589576 -0.11751441918348747 -0.09037119296674942 0.07942600006046452 0.11404825900395354
-2.3441531658172607 -1.247712254524231 -0.706268310546875 0.1132286586461668 0.05920207522744467 0.17457363388720432 -0.10759827333045117 0.1276019058998976 -0.08981189546690042 -0.11109052170170107 -0.15408427235378572 0.003471355682851396 0.06707686734286814
-1.2776076793670654 -0.01405375637114048 -0.07802931219339371 0.07214389556538953 0.04003311083832093 0.10978891780997752 -0.01957158411645496 0.0971002491530985 -0.12087968787785869 0.05607582424111901 -0.12833965708944509 0.1175442272820435 -0.1480868953951068
-2.9537510871887207 0.40042704343795776 -0.7453792095184326 0.10784486612568486 0.05823750573236412 0.06987620247178752 0.13852187605351307 0.13768436874561832 0.06744333097184432 0.1454970881225533 -0.1485463838418372 0.10434920066080638 -0.0007686736872723754
-2.759726047515869 -0.6268283128738403 -0.7961665391921997 0.09754967294548508 0.07134739977588568 -0.07357833675653783 0.08307377134716881 0.1517041917971883 -0.03244273819761179 0.01810945477343201 -0.1304010631835485 -0.1283599662688538 0.12354509093721311
-3.387158155441284 -1.6732312440872192 -0.7619914412498474 0.05788316100038378 0.04592513632973618 -0.09346589655244664 0.02366015399330315 0.10685393653178621 0.0233692103768115 0.03238637683281129 -0.16449497964924756 -0.12428196808924241 0.07863049610971024
0.6584627032279968 -0.44641438126564026 -0.6817524433135986 0.11641840745853937 0.04270609696965927 0.029634920638126533 0.08292377530863537 0.14642278675594003 0.07153711794012191 0.0650400645543586 -0.12364520159835131 -0.13335481328105125 -0.10399419645969438
0.09587571769952774 0.7971602082252502 -0.7638483047485352 0.10681757404661434 0.10068637860987413 0.09069046258307767 0.16075328513273918 0.1470460693365559 -0.0047430884807708185 -0.05058265746831431 -0.11152879550976844 -0.061348299826503846 -0.13038119182248498
-3.4420273303985596 -1.8498326539993286 -0.7811534404754639 0.08710124897233663 0.08213687264213475 0.0015378695832397316 -0.08120704966205741 0.17438369933282422 -0.13190009943384196 -0.09645546814420132 -0.1161536444732943 0.17539587094896097 0.09854856277689977
-3.8766703605651855 -1.0037715435028076 -0.6708521842956543 0.07301727332642427 0.028120665942774806 -0.06009468414074802 -0.045723265643877076 0.16784515848260975 0.09711373392616446 0.00541186644439734 -0.1391641749731848 0.11770243930517676 -0.05240540378735434
-4.773664474487305 -0.6318297982215881 -0.7738210558891296 0.08367688827416087 0.05361925980635816 0.08994929093389287 -0.0705417478605379 0.17730819199917333 -0.15613024787115806 0.016589962334266434 -0.09642094417135798 0.10840284112629639 -0.07096036517219764
-3.912170171737671 0.3451100289821625 -0.5391006469726562 0.06442836298981955 0.042639839859969726 -0.08823314442694377 0.12260454796585935 0.15512315919285485 -0.1393978820376177 -0.11920699028047807 -0.08307202223938698 -0.014737961199716237 0.028419911157713723
-3.6994919776916504 0.2996850311756134 -0.6070985794067383 0.06790690661013764 0.0625628138778265 0.13277015748455606 0.14616943097020946 0.10701900341670662 0.013335360977983268 -0.13618512659959406 -0.08739656543767817 0.13313749782734097 0.0683646323088953
-3.798387289047241 0.4471510350704193 -0.6434620022773743 0.09309073677885091 0.06771440842522805 -0.10406517003484154 -0.16684540610787482 0.1081338261326141 0.1471986479328532 -0.1483244345784478 -0.14651298041023791 -0.083130005699922 0.0763371655114739
-1.7542951107025146 -1.351378321647644 -0.6346836090087891 0.10604505162676377 0.02625134944692782 -0.14150313606723872 0.006746051859811308 0.13723965322099785 -0.0629192801203888 0.15605068355042 -0.1319009720379285 -0.12243302672330889 -0.023365247891535684
-0.42522087693214417 0.09547695517539978 -0.0813954621553421 0.0862611697050309 0.05970968107875191 0.164486346496989 -0.10477866958430057 0.10432391701956359 -0.05615023994473946 -0.13201772482338478 -0.16530395136671427 0.028043483231221966 -0.08777146867359607
-0.009340930730104446 0.5807376503944397 -0.6966916918754578 0.089584276367522 0.0659231345941941 0.06123775755840011 -0.04527431637316545 0.12592455549448278 -0.046789909021422216 -0.03121557790711693 -0.11478772027920349 0.017616938333987003 0.009656541756947079
-1.00636887550354 0.050030313432216644 0.09124282002449036 0.0366966309318235 0.02448389900808858 -0.07105970284633431 0.11464902840093533 0.10565780371729969 -0.15088347526175624 -0.06521933075135711 -0.05120380931204744 0.07925512571284882 0.1451337760497869
-2.6703217029571533 0.3974001109600067 -0.5249924063682556 0.059287025250133484 0.055843257848204264 -0.008983783436320864 -0.08090964008029164 0.162389839666607 -0.06676954749898788 -0.08192956425775656 -0.09812439515826676 -0.009091781797770399 -0.06828389613272308
0.00939278956502676 -0.37831684947013855 -0.5467070937156677 0.11271212793513996 0.07375567310909091 -0.13297179750006005 -0.1066038084478725 0.1228295715695803 -0.15231556183849554 -0.03513956070679533 -0.160102156890742 0.12375543673110195 -0.06354886281314226
-0.46188363432884216 1.370227575302124 -0.6137655973434448 0.05734903709243948 0.04290992998833616 -0.1652123400514787 -0.039263849353971786 0.13256998390890795 0.07272733442211304 -0.10088057534962751 -0.0949660773991971 -0.015624629979376664 -0.14897420993488664
-2.0674757957458496 0.23192685842514038 -0.03388536348938942 0.10007460028564923 0.08383610828068137 -0.011540732670108161 0.06778659237720397 0.13516830445842187 0.0761478457423812 -0.08253163606213947 -0.177309805107842 -0.13022610110784927 0.019560018281028185
-4.3466668128967285 -0.17169398069381714 -0.7147612571716309 0.06704125379371872 0.03330016201476032 0.02512544662464855 -0.056588345947113414 0.14540400539842002 0.01523352127521957 0.06927610423470215 -0.10094292724018969 0.136355396117951 -0.15390769403601107
-2.224553346633911 0.09279805421829224 -0.010362253524363041 0.08188863384235524 0.024896822679864223 -0.0503661114786437 0.15232913537490123 0.13178195985675872 -0.1442032947453728 -0.16705657551759348 -0.14536163980995706 -0.10342296023205715 -0.11200598400721358
-1.7110414505004883 0.37297409772872925 -0.08655573427677155 0.04614592189729821 0.03537028013804364 0.07752127100926692 0.04926451683502264 0.07603158985345167 -0.009740455843047086 0.1243574467766656 -0.1786980379260329 0.1081334199906277 -0.09860067143681009
-2.76255202293396 -1.5653607845306396 -0.7561272382736206 0.06430372601543258 0.06128889433308661 0.07273259162011009 -0.009813715146938767 0.159600490632186 0.026766692696223338 -0.1559969464732236 -0.08835397739101325 -0.015243539905651554 0.1498186670565279
-1.6724082231521606 0.6164128184318542 -0.0010121938539668918 0.08669650502515452 0.04259458311816784 -0.093284512585425 -0.08444524946748337 0.15869866193339013 -0.13310852149860636 -0.15993371718281557 -0.14892456062360784 0.02203635530025494 0.004605978679889655
-3.28220272064209 -1.7254711389541626 -0.5872447490692139 0.09241239949473777 0.059109977452371495 0.13163547875805087 0.0064148699562334155 0.1082108189305434 -0.17407693644616556 0.17227072928682902 -0.1126901415875286 -0.03394537973493533 -0.10409209860828597
-3.7401890754699707 -1.060636043548584 -0.5159792304039001 0.058548174796613936 0.02698170494443422 0.1475544464695383 -0.13566788746158398 0.1230649225156614 -0.08810045544461988 0.12130598265546222 -0.16261230201625143 0.14405627915243724 0.0040308609096940395
0.7809332609176636 0.36501118540763855 -0.6992586851119995 0.11459683061292741 0.049897263735002695 -0.057291202484579 -0.029147759119813016 0.1796383954310269 0.034888198262529646 0.08560589738087848 -0.16663936061505222 0.10265253519975515 0.15236474197509686
-4.349207878112793 0.241815984249115 -0.5209079384803772 0.06551185899630456 0.05331969940151504 -0.037943290734196194 0.09616977576444646 0.14604870705697315 -0.05823117024518541 0.1653315042564974 -0.08616151065034641 -0.1709849532031604 -0.06360854431541986
-4.005370140075684 -0.9288851618766785 -0.6014177203178406 0.059979828438620666 0.03584925699831832 -0.012460559321596343 -0.09756689297042216 0.1065340124719576 -0.004406486953241889 0.06751884824876667 -0.08535049557886709 -0.14531490787483 0.11189270011524222
-1.2035655975341797 -0.27069494128227234 0.064140185713768 0.05543106188220753 0.04020523456256518 0.09654644956552239 0.003007702057597761 0.06810948562770938 -0.013761537908395849 -0.003999212817132947 -0.14858553608959207 -0.07986119733267696 -0.15662278877018188
0.004977398086339235 1.5538688898086548 -0.7362114191055298 0.08593718955292734 0.06221031061400109 0.008888194779537811 0.04090629628405301 0.1642553875447186 -0.1267163192611725 0.16981052475971958 -0.12607517597766837 0.0701140475116166 0.17491113106991996
0.29478907585144043 1.2837400436401367 -0.6937193274497986 0.08757429709158546 0.022198295424080597 0.13300055104088127 -0.018306053436097924 0.1116448658169544 1.1979616150431527e-05 0.1560985690710292 -0.11136210731860756 0.08569969601060906 0.04874003552008363
0.04687194526195526 0.5670746564865112 -0.6820772886276245 0.05342866514706204 0.043842247732508006 -0.04957804768190405 -0.11262020630952205 0.15175365943827562 -0.07335904625426459 -0.12079194250565879 -0.11561516025593563 -0.14711496995493867 -0.13631701665992627
-2.915428638458252 -0.5324081778526306 -0.5362076163291931 0.03522966714627355 0.020765297905879252 0.12899514624432407 -0.06818974585392658 0.0380963133255013 -0.1060122193797198 -0.07567369083492492 -0.16853834350348273 0.0535189367568282 0.054190785649267686
-3.2570607662200928 -0.4908069968223572 -0.6255172491073608 0.061635946848673226 0.0400396540982578 0.11953425710824139 0.0548050630473646 0.17256458824022103 0.16527722669795541 -0.12329856306410769 -0.10634861904387197 0.10911188474158212 0.03405823291538365
-2.434295177459717 -0.9910687208175659 -0.5604801177978516 0.06013351125571531 0.05686571146380924 -0.07437260777676669 0.061867995752956234 0.07423307057598554 0.11503711580552162 0.0673992794769614 -0.16867010655947495 0.03225169341096387 -0.15908617587868934
-1.8955614566802979 0.33029210567474365 -0.189890056848526 0.08510807109032203 0.04902494117208256 -0.046759299349771466 -0.17460998340356587 0.14511591786380038 0.006452562694108599 -0.10125078170346731 -0.10035782012925204 0.16067913659781163 0.020599994476412864
-2.1720197200775146 -0.015430282801389694 -0.06394681334495544 0.07358041605356858 0.05099223995192091 0.11853920605934115 -0.16238935031755686 0.130324660646653 -0.14344437556464815 -0.07827658082423827 -0.17326166476371116 -0.01904191735206026 0.11086222981688632
0.49278417229652405 -0.32730889320373535 -0.7211623787879944 0.06462478489939846 0.057522659933935516 0.07551077007463053 0.07723711768732083 0.10393099030699116 0.05212876769252636 -0.17247406861767414 -0.14342300941288189 0.143473824959375 -0.018697507775080363
0.4375993311405182 1.2386449575424194 -0.7125169634819031 0.04902754752206788 0.036077961774034675 0.11728868999772146 0.1386942658476888 0.07298181466330783 -0.17662285874470987 -0.09014878772844268 -0.1392588115179972 0.051079436137774825 -0.11525149512476082
-3.6607730388641357 -0.209615558385849 -0.5094591975212097 0.09336595214986862 0.08028546266758864 0.10639384316151951 0.14223647447154586 0.14005252977301996 0.020989341295647806 -0.17518977626976845 -0.11212407924214213 -0.15153763888743646 -0.10997547056008414
-2.9299473762512207 0.33774837851524353 -0.6063603758811951 0.04472941744856746 0.04245649671722819 -0.16884243027046641 0.008053287075294097 0.17622172456426186 -0.0444620846592827 0.1228573188043473 -0.07026336425079989 0.07582450813728558 0.12959222259382402
-2.06282639503479 -0.25403738021850586 -0.08081511408090591 0.06634236604729819 0.02137528229805143 -0.016593653314806917 -0.15858485416815987 0.12211926344395962 0.0903177318209274 0.1538344075701949 -0.14891892852406974 -0.12451932104938176 -0.06580775375343581
