0 1.927 0.7831 0.0915999 0.428028 -0.538067 0.165158 0.707107
1 1.9242 0.7841 0.0918 0.428347 -0.537728 0.16543 0.707107
2 1.9213 0.7849 0.0921 0.429028 -0.537131 0.165603 0.707106
3 1.9185 0.7861 0.0922 0.429532 -0.536654 0.165846 0.707107
4 1.9155 0.7869 0.0926 0.430031 -0.536294 0.165716 0.707106
5 1.9124 0.7878 0.0930001 0.430717 -0.535771 0.165621 0.707106
6 1.9093 0.7888 0.0934 0.430954 -0.535548 0.165731 0.707107
7 1.9064 0.7899 0.0937001 0.430222 -0.536184 0.165574 0.707106
8 1.9031 0.7909 0.0941 0.430689 -0.535849 0.165448 0.707107
9 1.9 0.7921 0.0944999 0.430521 -0.53595 0.165552 0.707106
10 1.8967 0.7931 0.0949 0.430681 -0.535837 0.165507 0.707107
11 1.8935 0.794 0.0954 0.430431 -0.53603 0.165538 0.707108
12 1.8903 0.7952 0.0958 0.429832 -0.536362 0.16602 0.707108
13 1.8871 0.7962 0.0962 0.429651 -0.536521 0.165965 0.707106
14 1.8838 0.7972 0.0968 0.428906 -0.537097 0.166035 0.707107
15 1.8803 0.7983 0.0971 0.428166 -0.537692 0.166018 0.707107
16 1.8771 0.7994 0.0975 0.427954 -0.537877 0.165961 0.707107
17 1.8737 0.8003 0.098 0.426914 -0.538572 0.166392 0.707108
18 1.8703 0.8014 0.0982 0.426713 -0.538793 0.166181 0.707106
19 1.8671 0.8026 0.0986 0.426388 -0.538924 0.166593 0.707107
20 1.8638 0.8036 0.0989 0.425639 -0.539282 0.167348 0.707106
21 1.8605 0.8047 0.0992 0.425142 -0.539371 0.168328 0.707107
22 1.8571 0.8058 0.0994999 0.425173 -0.539012 0.16939 0.707106
23 1.8538 0.8071 0.0996 0.424537 -0.539053 0.17085 0.707107
24 1.8506 0.8083 0.0998 0.424518 -0.538822 0.171623 0.707107
25 1.8472 0.8095 0.1002 0.424118 -0.538648 0.173162 0.707108
26 1.8439 0.8107 0.1003 0.424212 -0.538293 0.174018 0.707106
27 1.8406 0.8119 0.1004 0.424126 -0.537949 0.1753 0.707108
28 1.8373 0.8133 0.1004 0.424307 -0.537434 0.176428 0.707106
29 1.8341 0.8147 0.1004 0.424321 -0.536964 0.17783 0.707108
30 1.8307 0.8159 0.1004 0.424408 -0.536433 0.17921 0.707106
31 1.8273 0.8174 0.1004 0.42483 -0.535616 0.180653 0.707107
32 1.8241 0.819 0.1002 0.42457 -0.535238 0.182373 0.707106
33 1.8207 0.8204 0.1001 0.424137 -0.53459 0.185266 0.707108
34 1.8175 0.822 0.1 0.423639 -0.534177 0.187578 0.707107
35 1.8142 0.8235 0.0998 0.423266 -0.533572 0.19013 0.707108
36 1.8106 0.8252 0.0994 0.423059 -0.532509 0.193536 0.707107
37 1.8071 0.827 0.0991 0.422999 -0.53128 0.197008 0.707106
38 1.8037 0.8287 0.0986 0.423065 -0.529789 0.200848 0.707107
39 1.8003 0.8306 0.0979 0.423214 -0.528114 0.204904 0.707107
40 1.7965 0.8325 0.0973001 0.423419 -0.526578 0.208397 0.707106
41 1.7932 0.8345 0.0965 0.422558 -0.526086 0.211368 0.707106
42 1.7897 0.8365 0.0957 0.422078 -0.525316 0.21422 0.707106
43 1.786 0.8384 0.0948 0.422064 -0.524241 0.216874 0.707107
44 1.7824 0.8405 0.0939 0.421298 -0.523878 0.219221 0.707106
45 1.7787 0.8426 0.0929 0.420718 -0.523523 0.221179 0.707107
46 1.7749 0.8446 0.092 0.420117 -0.523182 0.223119 0.707107
47 1.7711 0.8468 0.091 0.419718 -0.522784 0.224793 0.707106
48 1.7672 0.8489 0.0899 0.419228 -0.522467 0.226438 0.707106
49 1.7635 0.851 0.0889 0.41874 -0.522468 0.227344 0.707107
50 1.7596 0.8532 0.0878 0.418647 -0.522297 0.227907 0.707107
51 1.7558 0.8551 0.0868 0.418343 -0.521972 0.229204 0.707107
52 1.7519 0.8574 0.0857 0.417682 -0.522343 0.229572 0.707108
53 1.7481 0.8593 0.0847 0.417205 -0.522212 0.230731 0.707107
54 1.7443 0.8613 0.0836999 0.416103 -0.522788 0.231405 0.707105
55 1.7406 0.8632 0.0827 0.415419 -0.522831 0.232544 0.707108
56 1.7366 0.8653 0.0816 0.414491 -0.523214 0.233339 0.707108
57 1.7328 0.8673 0.0805 0.413628 -0.523725 0.233717 0.707107
58 1.7292 0.869 0.0795 0.413302 -0.523651 0.234451 0.707105
59 1.7254 0.871 0.0785 0.413172 -0.523815 0.234332 0.707109
60 1.7215 0.8731 0.0775 0.412516 -0.524216 0.234585 0.707107
61 1.718 0.875 0.0766 0.412448 -0.524573 0.233896 0.707105
62 1.7142 0.8768 0.0756 0.412114 -0.524418 0.23484 0.707108
63 1.7106 0.8788 0.0745 0.41255 -0.523893 0.23525 0.707109
64 1.7072 0.8807 0.0734 0.412496 -0.523075 0.23715 0.707107
65 1.7036 0.8827 0.0725 0.412574 -0.521702 0.240015 0.707105
66 1.7001 0.8846 0.0714999 0.413109 -0.519901 0.242992 0.707107
67 1.6967 0.8864 0.0705 0.414205 -0.517605 0.246003 0.707106
68 1.6933 0.8886 0.0696 0.4142 -0.515999 0.249365 0.707107
69 1.6899 0.8907 0.0687 0.414722 -0.514162 0.252266 0.707105
70 1.6866 0.8927 0.0677 0.41538 -0.512283 0.254999 0.707107
71 1.6834 0.895 0.0668 0.4154 -0.510815 0.257888 0.707105
72 1.6801 0.897 0.0659 0.415726 -0.5093 0.260345 0.707104
73 1.6769 0.8992 0.0652 0.415012 -0.508217 0.263586 0.707106
74 1.6737 0.901 0.0642 0.414864 -0.506449 0.267201 0.707106
75 1.6706 0.9031 0.0635999 0.414014 -0.505662 0.269997 0.707107
76 1.6676 0.9054 0.0628999 0.412452 -0.505147 0.273323 0.707105
77 1.6645 0.9075 0.0622 0.410282 -0.505388 0.276142 0.707108
78 1.6614 0.9095 0.0616 0.408147 -0.505414 0.279228 0.707105
79 1.6584 0.9116 0.061 0.406428 -0.505509 0.281554 0.707105
80 1.6554 0.9139 0.0604 0.403721 -0.506159 0.284266 0.707105
81 1.6524 0.9159 0.0598 0.401146 -0.506207 0.287821 0.707109
82 1.6494 0.9181 0.0592999 0.398625 -0.506591 0.290628 0.707107
83 1.6465 0.9204 0.0585999 0.395632 -0.507091 0.293824 0.707106
84 1.6434 0.9226 0.058 0.393685 -0.506913 0.296729 0.707106
85 1.6405 0.9248 0.0573 0.391035 -0.507297 0.299557 0.707104
86 1.6376 0.927 0.0566 0.388316 -0.508071 0.30178 0.707105
87 1.6346 0.9292 0.056 0.386012 -0.508408 0.304162 0.707106
88 1.6316 0.9315 0.0552 0.383392 -0.509075 0.306356 0.707107
89 1.6287 0.9339 0.0545 0.381493 -0.509651 0.307755 0.707104
90 1.6256 0.936 0.0538 0.379729 -0.509885 0.309554 0.707107
91 1.6225 0.9387 0.053 0.3771 -0.510986 0.310936 0.707103
92 1.6194 0.9409 0.0523 0.375736 -0.511285 0.312114 0.707109
93 1.6163 0.9433 0.0513999 0.372854 -0.512349 0.313809 0.707106
94 1.6133 0.946 0.0505 0.369833 -0.513589 0.315357 0.707107
95 1.6102 0.9484 0.0496 0.367414 -0.514266 0.317081 0.707108
96 1.6072 0.951 0.0486 0.364695 -0.515095 0.31887 0.707108
97 1.6042 0.9537 0.0474 0.361963 -0.515414 0.321451 0.707107
98 1.6011 0.9563 0.0462 0.359987 -0.514952 0.324411 0.707111
99 1.5982 0.9588 0.0448999 0.358339 -0.513838 0.32797 0.707107
100 1.5952 0.9615 0.0434999 0.356616 -0.512787 0.331478 0.707108
101 1.5924 0.9643 0.0421 0.354359 -0.512493 0.334337 0.707107
102 1.5895 0.9672 0.0405999 0.351978 -0.512106 0.337433 0.707108
103 1.5865 0.9698 0.0391999 0.351276 -0.511013 0.339807 0.707106
104 1.5835 0.9725 0.0377001 0.349433 -0.510518 0.342449 0.707108
105 1.5806 0.9753 0.0362 0.347236 -0.510514 0.344669 0.707104
106 1.5778 0.9783 0.0347 0.345803 -0.510058 0.346787 0.707107
107 1.575 0.9811 0.0332 0.343935 -0.509749 0.349085 0.707105
108 1.5723 0.9843 0.0317 0.341953 -0.509556 0.351314 0.707107
109 1.5694 0.9871 0.0301 0.341758 -0.507503 0.354451 0.707103
110 1.5668 0.9901 0.0285 0.340504 -0.506374 0.357279 0.70711
111 1.564 0.9933 0.0267 0.34001 -0.504275 0.360694 0.707107
112 1.5612 0.9964 0.025 0.339653 -0.50211 0.364027 0.707104
113 1.5586 0.9996 0.0233001 0.339284 -0.499975 0.367312 0.70711
114 1.5559 1.0027 0.0215 0.338988 -0.497971 0.370275 0.707102
115 1.5534 1.0059 0.0199 0.33882 -0.495861 0.373255 0.707105
116 1.5509 1.0092 0.018 0.338742 -0.493844 0.375996 0.707107
117 1.5482 1.0121 0.0164 0.33934 -0.490933 0.379266 0.707111
118 1.5459 1.0154 0.0145 0.339503 -0.488253 0.382557 0.707108
119 1.5435 1.0188 0.0125 0.339573 -0.485356 0.386159 0.707106
120 1.541 1.0219 0.011 0.340942 -0.480944 0.390459 0.70711
121 1.5389 1.0253 0.00909996 0.340149 -0.478102 0.394618 0.707109
122 1.5367 1.0285 0.00740004 0.340305 -0.47448 0.39883 0.707109
123 1.5345 1.032 0.00580001 0.339876 -0.471301 0.40294 0.707107
124 1.5324 1.0353 0.00419998 0.339927 -0.467416 0.407382 0.707102
125 1.5302 1.0387 0.00240004 0.33967 -0.463737 0.411785 0.707105
126 1.5281 1.042 0.000800014 0.340633 -0.458772 0.416532 0.707107
127 1.5263 1.0456 -0.00059998 0.33955 -0.455049 0.421474 0.707109
128 1.5242 1.0491 -0.00199997 0.338703 -0.451132 0.426346 0.707111
129 1.5223 1.0528 -0.00339997 0.337183 -0.447499 0.431343 0.707109
130 1.5203 1.0564 -0.00440001 0.335567 -0.4437 0.436509 0.707112
131 1.5185 1.06 -0.00549996 0.333444 -0.439641 0.442191 0.707108
132 1.5166 1.0636 -0.00650001 0.330813 -0.435816 0.447914 0.707107
133 1.5149 1.0673 -0.00750005 0.327527 -0.431963 0.454016 0.707106
134 1.5131 1.0709 -0.00829995 0.323955 -0.427531 0.460742 0.707111
135 1.5112 1.0744 -0.00899994 0.319245 -0.423527 0.467665 0.707108
136 1.5092 1.0779 -0.00960004 0.315271 -0.419431 0.473986 0.7071
137 1.5074 1.0815 -0.00999999 0.308501 -0.417486 0.480136 0.707106
138 1.5056 1.085 -0.0101 0.302249 -0.415579 0.48572 0.707101
139 1.5038 1.0887 -0.0104001 0.294047 -0.414947 0.491292 0.707111
140 1.5019 1.0923 -0.0104001 0.286551 -0.413987 0.496487 0.707105
141 1.5001 1.0961 -0.0104001 0.278774 -0.413687 0.50116 0.707112
142 1.4981 1.0996 -0.0105 0.271375 -0.412939 0.505817 0.707112
143 1.4961 1.1034 -0.0104001 0.265081 -0.411448 0.510357 0.707115
144 1.4941 1.1071 -0.0104001 0.259013 -0.409984 0.51462 0.70711
145 1.4921 1.111 -0.0103 0.253623 -0.408704 0.518297 0.707105
146 1.4899 1.1146 -0.00999999 0.250555 -0.406617 0.521426 0.707107
147 1.4878 1.1186 -0.00979996 0.246836 -0.40582 0.52382 0.707109
148 1.4856 1.1225 -0.00950003 0.244204 -0.404942 0.52573 0.707109
149 1.4832 1.1265 -0.00880003 0.2428 -0.404219 0.526903 0.707096
150 1.4807 1.1305 -0.00829995 0.241893 -0.403444 0.52795 0.707111
151 1.4783 1.1348 -0.00759995 0.241201 -0.403321 0.528338 0.707102
152 1.4757 1.1389 -0.00680006 0.242071 -0.402587 0.528523 0.707111
153 1.473 1.1431 -0.00600004 0.244622 -0.40191 0.527844 0.707103
154 1.4704 1.1473 -0.005 0.246774 -0.401607 0.527073 0.707104
155 1.4676 1.1516 -0.00390005 0.249934 -0.401413 0.525724 0.707101
156 1.4647 1.1558 -0.00269997 0.253484 -0.40092 0.524422 0.70711
157 1.4619 1.1599 -0.00139999 0.256964 -0.400706 0.522881 0.707107
158 1.459 1.164 0.00030005 0.259234 -0.400521 0.521898 0.707105
159 1.456 1.1679 0.00179994 0.261266 -0.40024 0.5211 0.707106
160 1.4531 1.1719 0.0036 0.262272 -0.399617 0.521066 0.707103
161 1.45 1.1757 0.00559998 0.263803 -0.398774 0.520957 0.70711
162 1.4471 1.1795 0.00750005 0.263407 -0.398411 0.52144 0.707112
163 1.4441 1.1832 0.00950003 0.26249 -0.398264 0.522005 0.707108
164 1.4409 1.187 0.0116 0.261058 -0.398296 0.522664 0.707096
165 1.4379 1.1906 0.0137 0.259126 -0.398884 0.523203 0.707106
166 1.4348 1.1943 0.0159 0.257337 -0.398853 0.524129 0.707113
167 1.4315 1.1979 0.018 0.255006 -0.398796 0.525296 0.707107
168 1.4284 1.2015 0.0202 0.25267 -0.398774 0.526432 0.707104
169 1.4252 1.2052 0.0222 0.250448 -0.39887 0.527427 0.707107
170 1.422 1.2088 0.0244 0.247706 -0.399217 0.528455 0.707106
171 1.4186 1.2125 0.0264 0.245123 -0.399263 0.529648 0.707115
172 1.4154 1.2161 0.0285 0.242571 -0.399334 0.530743 0.707105
173 1.4121 1.2199 0.0304 0.240685 -0.399485 0.531474 0.7071
174 1.4086 1.2236 0.0325 0.239133 -0.398968 0.532583 0.707108
175 1.4052 1.2274 0.0344 0.237808 -0.399143 0.533035 0.707105
176 1.4015 1.231 0.0364 0.237668 -0.398396 0.533673 0.707111
177 1.3981 1.2349 0.0381 0.23664 -0.399705 0.533138 0.707106
178 1.3944 1.2387 0.04 0.237048 -0.400204 0.532579 0.707105
179 1.3908 1.2426 0.0419 0.237393 -0.401033 0.531816 0.707111
180 1.3872 1.2464 0.0436 0.239122 -0.401417 0.530756 0.707112
181 1.3837 1.2503 0.0453 0.240843 -0.401619 0.529796 0.707102
182 1.3798 1.2541 0.0470001 0.243982 -0.401077 0.528768 0.707102
183 1.376 1.2578 0.0486 0.247302 -0.401007 0.527305 0.707112
184 1.3723 1.2616 0.0504 0.249986 -0.402819 0.524625 0.707103
185 1.3685 1.2656 0.0523 0.251959 -0.405568 0.521562 0.707105
186 1.3648 1.2693 0.0542001 0.254518 -0.408416 0.518096 0.707109
187 1.3611 1.2732 0.056 0.256576 -0.411345 0.514744 0.707106
188 1.3573 1.2768 0.0577 0.259749 -0.413124 0.511705 0.707101
189 1.3536 1.2804 0.0595 0.261975 -0.415113 0.508969 0.707107
190 1.35 1.2841 0.0611 0.264385 -0.415797 0.507159 0.707106
191 1.3461 1.2877 0.0628 0.267485 -0.416411 0.505013 0.707102
192 1.3424 1.2911 0.0647 0.269968 -0.417872 0.502499 0.707108
193 1.3387 1.2946 0.0666 0.271702 -0.42039 0.499442 0.707104
194 1.3351 1.298 0.0685 0.272653 -0.423638 0.496157 0.707101
195 1.3315 1.3013 0.0704 0.27372 -0.426761 0.492885 0.707102
196 1.3279 1.3045 0.0723 0.274814 -0.4295 0.489888 0.707101
197 1.3243 1.3076 0.0742 0.275871 -0.432144 0.486988 0.70711
198 1.3207 1.3108 0.0761 0.276355 -0.435459 0.483754 0.707111
199 1.3172 1.3139 0.0779999 0.27706 -0.438614 0.480475 0.707107
200 1.3137 1.3171 0.0801001 0.276881 -0.443238 0.476323 0.707109
201 1.3102 1.32 0.0821 0.276569 -0.4487 0.471351 0.707105
202 1.3067 1.323 0.0843 0.275383 -0.454905 0.466059 0.707102
203 1.3032 1.3259 0.0864 0.27463 -0.461504 0.459986 0.707105
204 1.3 1.3287 0.0885 0.274139 -0.468327 0.453366 0.707115
205 1.2967 1.3314 0.0907 0.27389 -0.474029 0.447519 0.707104
206 1.2935 1.3342 0.0928 0.273922 -0.480132 0.440939 0.707102
207 1.2901 1.3368 0.095 0.273689 -0.485586 0.435076 0.707103
208 1.287 1.3396 0.0972 0.272638 -0.491869 0.428628 0.707102
209 1.2837 1.3421 0.0993 0.272901 -0.49656 0.423033 0.707108
210 1.2805 1.3449 0.1013 0.27294 -0.501192 0.417511 0.707109
211 1.2773 1.3476 0.1031 0.273083 -0.505095 0.412669 0.707103
212 1.2744 1.3501 0.1049 0.273819 -0.508142 0.408416 0.707102
213 1.2713 1.3527 0.1065 0.274643 -0.510908 0.404412 0.707109
214 1.2682 1.355 0.1081 0.276318 -0.51263 0.401089 0.707112
215 1.2651 1.3576 0.11 0.276922 -0.514769 0.397912 0.70711
216 1.2619 1.3602 0.1119 0.277484 -0.517029 0.394569 0.707108
217 1.2587 1.3626 0.1138 0.277134 -0.519527 0.391519 0.707106
218 1.2554 1.365 0.1158 0.27649 -0.522576 0.387916 0.707112
219 1.252 1.3675 0.1181 0.276342 -0.526099 0.383214 0.707106
220 1.2487 1.3698 0.1202 0.27652 -0.530027 0.377641 0.707109
221 1.2456 1.3722 0.1223 0.276553 -0.534348 0.371479 0.70711
222 1.242 1.3746 0.1246 0.278608 -0.537379 0.365526 0.707111
223 1.2386 1.3768 0.1265 0.280966 -0.539828 0.36008 0.707114
224 1.2352 1.3791 0.1284 0.283564 -0.542557 0.35388 0.707111
225 1.2319 1.3813 0.1302 0.285352 -0.545302 0.348168 0.707107
226 1.2285 1.3834 0.1319 0.28744 -0.548072 0.342047 0.707107
227 1.225 1.3855 0.1338 0.290463 -0.550076 0.336231 0.707109
228 1.2216 1.3875 0.1355 0.293063 -0.552313 0.330248 0.707107
229 1.2182 1.3895 0.1371 0.296123 -0.554069 0.324509 0.7071
230 1.2145 1.3914 0.1387 0.299847 -0.555155 0.319218 0.70711
231 1.2112 1.3933 0.1402 0.304902 -0.555633 0.313545 0.707109
232 1.2078 1.3952 0.1415 0.309271 -0.556086 0.308414 0.707106
233 1.2044 1.397 0.1429 0.312566 -0.556841 0.303683 0.707103
234 1.2012 1.3987 0.1441 0.31643 -0.557684 0.298104 0.70711
235 1.1981 1.4005 0.1453 0.318466 -0.559035 0.293374 0.707111
236 1.195 1.4021 0.1465 0.319338 -0.560398 0.289786 0.707106
237 1.192 1.4039 0.1478 0.318983 -0.562027 0.287007 0.707106
238 1.189 1.4055 0.1488 0.319452 -0.563227 0.284128 0.707108
239 1.186 1.4072 0.1497 0.319253 -0.563888 0.283048 0.707111
240 1.1832 1.4089 0.1505 0.31927 -0.564205 0.282383 0.707107
241 1.1805 1.4106 0.1511 0.318985 -0.564228 0.282657 0.707106
242 1.1778 1.4126 0.1515 0.318037 -0.564285 0.283613 0.707108
243 1.1752 1.4146 0.1518 0.316954 -0.564111 0.285162 0.707106
244 1.1726 1.4165 0.152 0.315045 -0.564617 0.286273 0.707106
245 1.1702 1.4185 0.152 0.313153 -0.564932 0.287726 0.707107
246 1.1675 1.4206 0.1519 0.311643 -0.564794 0.289628 0.707105
247 1.1654 1.4227 0.1516 0.310067 -0.564982 0.290963 0.70711
248 1.1632 1.4248 0.1512 0.308452 -0.564828 0.29295 0.707103
249 1.1609 1.4269 0.1506 0.306832 -0.564438 0.295396 0.707104
250 1.1587 1.4293 0.15 0.30533 -0.563837 0.298105 0.70711
251 1.1566 1.4315 0.1493 0.303298 -0.56283 0.302059 0.707111
252 1.1548 1.4338 0.1483 0.300586 -0.56197 0.306341 0.707111
253 1.1528 1.4361 0.1474 0.298198 -0.560658 0.31104 0.70711
254 1.1511 1.4386 0.1461 0.295252 -0.559175 0.316466 0.707107
255 1.1492 1.441 0.1449 0.293786 -0.557072 0.321502 0.707109
256 1.1475 1.4437 0.1434 0.290521 -0.555474 0.327177 0.707106
257 1.146 1.4462 0.1419 0.28848 -0.553444 0.332386 0.707107
258 1.1445 1.4489 0.1402 0.28571 -0.551659 0.337695 0.707105
259 1.143 1.4516 0.1385 0.283974 -0.549293 0.342992 0.707111
260 1.1414 1.4543 0.1367 0.282228 -0.545817 0.349901 0.707107
261 1.1403 1.4573 0.1349 0.278777 -0.543331 0.356461 0.707101
262 1.1389 1.4603 0.1329 0.27595 -0.54048 0.362959 0.70711
263 1.1375 1.4632 0.1311 0.27366 -0.537387 0.36924 0.707114
264 1.1362 1.4662 0.1292 0.271259 -0.534425 0.375243 0.707106
265 1.135 1.4693 0.1273 0.268818 -0.531777 0.380726 0.707108
266 1.1338 1.4723 0.1255 0.266306 -0.528935 0.386408 0.707108
267 1.1327 1.4755 0.1236 0.2635 -0.52668 0.391385 0.70711
268 1.1317 1.4787 0.1217 0.260706 -0.52454 0.396084 0.707103
269 1.1306 1.482 0.1198 0.257426 -0.522434 0.400977 0.7071
270 1.1295 1.4853 0.1178 0.254218 -0.520037 0.406121 0.707107
271 1.1286 1.4888 0.1157 0.251308 -0.517074 0.411688 0.707111
272 1.1277 1.4923 0.1136 0.248755 -0.513969 0.417085 0.707108
273 1.1266 1.4958 0.1115 0.246944 -0.510418 0.422502 0.707115
274 1.1259 1.4996 0.1091 0.244846 -0.507467 0.427247 0.707113
275 1.125 1.5032 0.1069 0.244709 -0.503388 0.432109 0.707107
276 1.1242 1.5073 0.1049 0.242516 -0.500491 0.436672 0.707101
277 1.1231 1.5109 0.1028 0.242544 -0.49664 0.441051 0.707109
278 1.1222 1.5149 0.1007 0.241498 -0.493717 0.444874 0.707102
279 1.1216 1.5189 0.0987 0.239177 -0.491343 0.448744 0.707105
280 1.1209 1.523 0.0966001 0.237554 -0.488207 0.453021 0.70711
281 1.1199 1.5268 0.0947 0.238615 -0.482817 0.458219 0.707114
282 1.1195 1.5309 0.0927 0.237142 -0.47848 0.463478 0.707102
283 1.1187 1.535 0.0905 0.237512 -0.473128 0.468778 0.707114
284 1.118 1.5392 0.0886 0.238164 -0.468257 0.473307 0.70711
285 1.1172 1.5433 0.0867 0.23901 -0.462746 0.478263 0.707104
286 1.1167 1.5476 0.085 0.238929 -0.458973 0.481936 0.707109
287 1.116 1.552 0.0834 0.238634 -0.455983 0.484897 0.707103
288 1.1153 1.5564 0.0819 0.23817 -0.45334 0.487608 0.707109
289 1.1149 1.5607 0.0803 0.238451 -0.450528 0.490071 0.707108
290 1.1143 1.5651 0.0788 0.239394 -0.447211 0.492655 0.707114
291 1.1137 1.5696 0.0775 0.241198 -0.443657 0.494965 0.707106
292 1.1131 1.574 0.0762 0.244054 -0.439784 0.497028 0.707111
293 1.1127 1.5785 0.075 0.246508 -0.436881 0.49838 0.707113
294 1.1123 1.5831 0.0738 0.247811 -0.434927 0.499436 0.70711
295 1.1117 1.5876 0.0728 0.250193 -0.432701 0.500148 0.707097
296 1.1114 1.5923 0.0719 0.251337 -0.431165 0.500916 0.707103
297 1.1109 1.5967 0.071 0.254158 -0.428499 0.501808 0.707114
298 1.1109 1.6013 0.0700001 0.255003 -0.425704 0.503719 0.7071
299 1.111 1.6059 0.0691 0.255376 -0.422208 0.506487 0.707109
300 1.1111 1.6102 0.068 0.255215 -0.418129 0.509951 0.707113
301 1.1111 1.6147 0.0673 0.256076 -0.412543 0.514046 0.707111
302 1.1113 1.619 0.0666 0.254484 -0.408153 0.518295 0.7071
303 1.1116 1.6234 0.0659 0.252479 -0.404163 0.522417 0.707112
304 1.1118 1.6279 0.0655 0.251721 -0.400288 0.525744 0.707107
305 1.1123 1.632 0.0651 0.249971 -0.395722 0.530018 0.707107
306 1.1125 1.6364 0.0648 0.249553 -0.390451 0.534117 0.70711
307 1.1136 1.6408 0.0641 0.244997 -0.387121 0.538605 0.7071
308 1.1141 1.6451 0.0635999 0.243472 -0.381997 0.542954 0.707107
309 1.1148 1.6497 0.0633 0.24185 -0.376764 0.547314 0.707105
310 1.1155 1.654 0.0627 0.240589 -0.371663 0.551335 0.707102
311 1.1162 1.6585 0.0623 0.238837 -0.366932 0.555274 0.707111
312 1.1169 1.6629 0.0619 0.238656 -0.362149 0.558478 0.707109
313 1.1175 1.6674 0.0616 0.238206 -0.357714 0.561528 0.707111
314 1.1183 1.6717 0.0612 0.237578 -0.35413 0.564072 0.707116
315 1.1192 1.6762 0.0609 0.237304 -0.350473 0.566408 0.707095
316 1.1204 1.6807 0.0607001 0.23549 -0.348254 0.568551 0.707103
317 1.1209 1.6851 0.0605 0.235748 -0.346415 0.569583 0.707109
318 1.1219 1.6896 0.0603 0.235081 -0.344823 0.570805 0.707102
319 1.1225 1.6939 0.0603 0.234837 -0.342977 0.572044 0.707112
320 1.1233 1.6983 0.0601 0.23464 -0.341681 0.572852 0.707095
321 1.124 1.7026 0.0601 0.235974 -0.339841 0.573406 0.707098
322 1.1246 1.707 0.0599999 0.236089 -0.339131 0.573808 0.707108
323 1.1254 1.7111 0.0599 0.236527 -0.338293 0.574124 0.707108
324 1.1259 1.7155 0.0599999 0.238045 -0.337379 0.574012 0.707101
325 1.1264 1.7195 0.0599 0.240451 -0.337863 0.572714 0.707098
326 1.1267 1.7236 0.0602 0.241822 -0.338689 0.571693 0.707113
327 1.1273 1.7276 0.0601 0.240823 -0.341559 0.570408 0.707114
328 1.1276 1.7314 0.0603 0.241449 -0.343721 0.568828 0.707109
329 1.1278 1.7351 0.0605 0.242798 -0.345816 0.567001 0.707116
330 1.1281 1.7388 0.0604 0.244213 -0.347889 0.565077 0.707101
331 1.1284 1.7423 0.0603 0.245036 -0.349369 0.563843 0.707113
332 1.1285 1.7457 0.0602 0.246648 -0.350265 0.562564 0.707107
333 1.1289 1.749 0.0601 0.247706 -0.351267 0.561494 0.707113
334 1.1287 1.7523 0.0602 0.249033 -0.352438 0.56015 0.707106
335 1.129 1.7556 0.0602 0.24745 -0.354694 0.559443 0.707111
336 1.1292 1.7588 0.0601 0.246576 -0.357835 0.55781 0.707106
337 1.1292 1.7618 0.0601 0.24637 -0.360273 0.556326 0.707105
338 1.1295 1.7648 0.0602 0.246155 -0.363253 0.554456 0.707096
339 1.1294 1.7677 0.0604 0.2465 -0.364705 0.553381 0.707108
340 1.1297 1.7706 0.0603 0.244189 -0.368642 0.551765 0.707097
341 1.1298 1.7734 0.0605 0.243044 -0.371482 0.550381 0.707103
342 1.1299 1.7761 0.0606 0.241924 -0.374745 0.548709 0.707121
343 1.1297 1.7787 0.061 0.241793 -0.377351 0.546943 0.707108
344 1.1303 1.7815 0.0611 0.239657 -0.381791 0.544775 0.7071
345 1.1303 1.7843 0.0612 0.239687 -0.385014 0.54251 0.707108
346 1.1304 1.7871 0.0613 0.240554 -0.387878 0.540091 0.707112
347 1.1307 1.7897 0.0614001 0.241129 -0.390878 0.537666 0.707112
348 1.1308 1.7923 0.0616 0.241846 -0.393419 0.535486 0.707111
349 1.1308 1.7949 0.062 0.242822 -0.396356 0.532875 0.707113
350 1.1311 1.7975 0.0622 0.242586 -0.400335 0.529985 0.707107
351 1.1314 1.8001 0.0624 0.241774 -0.405027 0.526775 0.707104
352 1.1317 1.8026 0.0627 0.242008 -0.408589 0.523943 0.707118
353 1.132 1.8052 0.063 0.242416 -0.412408 0.520713 0.707102
354 1.1323 1.8076 0.0631 0.244677 -0.414652 0.517893 0.707113
355 1.1326 1.81 0.0631 0.246654 -0.416183 0.515691 0.7071
356 1.1329 1.8125 0.063 0.249051 -0.417728 0.513294 0.707104
357 1.1332 1.815 0.0631 0.25176 -0.419158 0.510808 0.707108
358 1.1335 1.8176 0.0628999 0.253173 -0.421521 0.508166 0.707111
359 1.1338 1.8201 0.0628999 0.255308 -0.423474 0.505457 0.707106
360 1.134 1.8226 0.063 0.258634 -0.425518 0.502051 0.707112
361 1.1342 1.8252 0.0628999 0.261809 -0.42793 0.49833 0.707107
362 1.1345 1.828 0.0626 0.264901 -0.43046 0.494504 0.707108
363 1.1348 1.8308 0.0625 0.268658 -0.432318 0.490826 0.707101
364 1.1348 1.8334 0.0623 0.27231 -0.433595 0.487689 0.707106
365 1.1351 1.836 0.0621001 0.274382 -0.435848 0.484513 0.707107
366 1.1354 1.8386 0.0619 0.275929 -0.437633 0.48201 0.707104
367 1.1356 1.8413 0.0618 0.275465 -0.440543 0.479624 0.707106
368 1.136 1.8439 0.0618 0.27424 -0.443163 0.477892 0.707099
369 1.1357 1.8464 0.0617 0.275396 -0.444504 0.475985 0.707102
370 1.1357 1.8493 0.0616 0.275324 -0.447334 0.473376 0.707105
371 1.1357 1.8524 0.0614001 0.276322 -0.450444 0.469843 0.707109
372 1.1354 1.8551 0.0613 0.279887 -0.452324 0.465892 0.707102
373 1.1353 1.8579 0.061 0.283617 -0.453992 0.462031 0.707115
374 1.1349 1.8609 0.0605 0.287777 -0.455367 0.458059 0.707104
375 1.1345 1.8638 0.0602 0.291526 -0.456821 0.454245 0.707111
376 1.1339 1.8666 0.0599 0.296265 -0.458271 0.449692 0.70711
377 1.1333 1.8695 0.0597 0.300253 -0.460217 0.445033 0.707109
378 1.1325 1.8723 0.0597 0.304279 -0.462078 0.440322 0.707101
379 1.1317 1.875 0.0597 0.309894 -0.46374 0.434635 0.707105
380 1.1308 1.878 0.0595 0.315658 -0.465786 0.428258 0.707107
381 1.1299 1.8809 0.0594 0.322567 -0.467523 0.421158 0.707107
382 1.129 1.8837 0.0592999 0.329085 -0.468918 0.414502 0.707104
383 1.1282 1.8863 0.0592 0.334625 -0.470815 0.40786 0.707103
384 1.1271 1.889 0.0592999 0.340552 -0.471775 0.401829 0.707112
385 1.1261 1.8915 0.0594 0.345167 -0.474054 0.395126 0.707104
386 1.1249 1.8939 0.0596 0.348156 -0.476679 0.38932 0.707109
387 1.1242 1.8963 0.0599 0.350422 -0.47969 0.383547 0.707109
388 1.1232 1.8987 0.0603 0.353091 -0.482035 0.378112 0.707106
389 1.122 1.9009 0.0608 0.357439 -0.482697 0.37316 0.707109
390 1.1214 1.9034 0.0609 0.359131 -0.485277 0.368144 0.707106
391 1.1205 1.9055 0.0612 0.362284 -0.486491 0.363424 0.707107
392 1.1198 1.9079 0.0613 0.365247 -0.487586 0.358955 0.707105
393 1.1189 1.9101 0.0615 0.368154 -0.488179 0.355171 0.707108
394 1.1182 1.9123 0.0616 0.37154 -0.488998 0.350486 0.707107
395 1.1172 1.9145 0.062 0.375581 -0.489137 0.345949 0.707105
396 1.1165 1.9167 0.0622 0.377769 -0.490171 0.342084 0.707106
397 1.1157 1.9192 0.0622 0.380059 -0.491787 0.337196 0.707107
398 1.1148 1.9214 0.0626 0.383285 -0.492734 0.332119 0.707106
399 1.1142 1.9238 0.0628 0.386088 -0.494275 0.326545 0.707108
400 1.1135 1.926 0.0628999 0.388964 -0.494859 0.32221 0.707106
401 1.113 1.9284 0.063 0.392033 -0.495781 0.317049 0.70711
402 1.1123 1.9305 0.0631 0.394679 -0.496187 0.313093 0.707107
403 1.1116 1.9328 0.0631 0.397238 -0.496872 0.308741 0.707107
404 1.111 1.9353 0.0631 0.399369 -0.497672 0.30468 0.707108
405 1.1104 1.9375 0.0633 0.401531 -0.498328 0.300735 0.707107
406 1.11 1.9398 0.0633 0.403739 -0.498932 0.296768 0.70711
407 1.1094 1.9421 0.0633 0.406031 -0.499557 0.292549 0.707108
408 1.1089 1.9444 0.0634 0.408389 -0.499717 0.288968 0.707107
409 1.1084 1.9468 0.0634 0.409558 -0.500919 0.285197 0.707105
410 1.1077 1.949 0.0634 0.411589 -0.501423 0.281361 0.707105
411 1.1068 1.9509 0.0632 0.41451 -0.500665 0.278414 0.707106
412 1.1068 1.9531 0.0632 0.412302 -0.503627 0.276346 0.707107
413 1.106 1.9551 0.0635 0.413976 -0.503697 0.273707 0.707107
414 1.1055 1.9575 0.0635999 0.413868 -0.505204 0.271071 0.707106
415 1.1049 1.9596 0.0635 0.414955 -0.505758 0.268367 0.707107
416 1.1045 1.9617 0.0634 0.415965 -0.506441 0.265507 0.707108
417 1.1038 1.9639 0.0632 0.417781 -0.506289 0.262937 0.707108
418 1.1035 1.9661 0.063 0.419158 -0.506221 0.260859 0.707107
419 1.1029 1.9683 0.0628 0.421416 -0.505341 0.258927 0.707108
420 1.1023 1.9707 0.0625 0.423961 -0.50436 0.256675 0.707108
421 1.1018 1.9727 0.0623 0.4268 -0.50301 0.254595 0.707106
422 1.1017 1.9749 0.0617 0.427943 -0.50364 0.251422 0.707107
423 1.1011 1.9772 0.0613 0.430753 -0.502685 0.24852 0.707107
424 1.1007 1.9795 0.0608 0.433266 -0.501916 0.245684 0.707107
425 1.0999 1.9818 0.0603 0.436299 -0.50109 0.241974 0.707107
426 1.0995 1.9841 0.0599 0.439273 -0.499786 0.23927 0.707106
427 1.0991 1.9859 0.0595 0.442767 -0.498447 0.235598 0.707106
428 1.0987 1.9875 0.059 0.446156 -0.496793 0.232677 0.707106
429 1.0983 1.9892 0.0587 0.449466 -0.494833 0.230472 0.707106
430 1.0977 1.9911 0.0582 0.452028 -0.493552 0.228203 0.707107
431 1.0972 1.9932 0.0577 0.45414 -0.49243 0.226419 0.707106
432 1.0966 1.9954 0.0573 0.456564 -0.491803 0.222893 0.707107
433 1.0958 1.9976 0.0568 0.458967 -0.491051 0.219587 0.707107
434 1.0955 1.9998 0.0561 0.46103 -0.490974 0.21539 0.707106
435 1.095 2.0018 0.0555 0.463642 -0.490494 0.210839 0.707107
436 1.0945 2.0039 0.0548 0.465681 -0.490533 0.206196 0.707107
437 1.094 2.0056 0.0542001 0.467393 -0.490726 0.201821 0.707107
438 1.0934 2.0075 0.0535001 0.469193 -0.490642 0.197807 0.707107
439 1.0929 2.0093 0.0528001 0.47068 -0.491281 0.192621 0.707107
440 1.0923 2.0112 0.0520999 0.472178 -0.491807 0.187547 0.707107
441 1.0917 2.0131 0.0513999 0.473995 -0.492043 0.182277 0.707107
442 1.0911 2.0148 0.0506001 0.476362 -0.491747 0.176828 0.707107
443 1.0904 2.0165 0.0497 0.478084 -0.491753 0.172088 0.707107
444 1.0898 2.0185 0.0487 0.479735 -0.491833 0.167188 0.707107
445 1.0891 2.0201 0.0479 0.481634 -0.491517 0.162604 0.707107
446 1.0884 2.0219 0.0469 0.483171 -0.49146 0.158156 0.707107
447 1.0877 2.0235 0.0459 0.484082 -0.492204 0.152967 0.707107
448 1.0871 2.0253 0.0448 0.485946 -0.492077 0.147361 0.707107
449 1.0864 2.0267 0.0438 0.486648 -0.492901 0.142199 0.707107
450 1.0859 2.0282 0.0427999 0.488345 -0.492652 0.137157 0.707107
451 1.0853 2.0297 0.0417 0.489427 -0.492675 0.133162 0.707107
452 1.0846 2.0312 0.0408 0.490289 -0.492912 0.129056 0.707107
453 1.0837 2.0327 0.0397 0.491027 -0.49306 0.125642 0.707107
454 1.0834 2.0341 0.0386 0.492015 -0.493113 0.1215 0.707107
455 1.0827 2.0355 0.0376 0.493105 -0.492869 0.118014 0.707107
456 1.0823 2.0369 0.0365 0.493857 -0.493118 0.113754 0.707107
457 1.0817 2.0382 0.0355 0.495375 -0.492432 0.110072 0.707107
458 1.0812 2.0393 0.0344 0.497571 -0.491203 0.105555 0.707107
459 1.0808 2.0406 0.0334001 0.499802 -0.489887 0.101042 0.707107
460 1.0802 2.0418 0.0324 0.502277 -0.488193 0.0968716 0.707107
461 1.0797 2.0429 0.0314 0.504921 -0.486224 0.0929599 0.707107
462 1.0794 2.0442 0.0305001 0.507487 -0.484231 0.0893173 0.707107
463 1.079 2.0452 0.0298001 0.510069 -0.482104 0.0860556 0.707107
464 1.0786 2.046 0.029 0.512541 -0.480095 0.0825246 0.707107
465 1.0784 2.047 0.0281 0.515641 -0.477628 0.0773722 0.707107
466 1.0781 2.0482 0.0274 0.518729 -0.475004 0.0727423 0.707107
467 1.0778 2.049 0.0266 0.522038 -0.472109 0.0677491 0.707107
468 1.0776 2.0499 0.0259 0.525609 -0.46887 0.0624263 0.707107
469 1.0774 2.0507 0.0252 0.529101 -0.465572 0.0574023 0.707107
470 1.0771 2.0515 0.0246 0.533004 -0.461884 0.0506867 0.707107
471 1.077 2.052 0.0238 0.53725 -0.457636 0.0439608 0.707107
472 1.0768 2.0528 0.0232 0.541805 -0.452791 0.0377867 0.707107
473 1.0767 2.0536 0.0226001 0.546438 -0.447703 0.0311251 0.707107
474 1.0767 2.0542 0.022 0.550598 -0.442948 0.0252858 0.707107
475 1.0767 2.0551 0.0211999 0.554884 -0.437884 0.0190133 0.707107
476 1.0769 2.0556 0.0207 0.558074 -0.433995 0.0142078 0.707107
477 1.077 2.0563 0.0201 0.561564 -0.429587 0.00997267 0.707107
478 1.0776 2.0568 0.0194 0.564793 -0.425396 0.00679633 0.707107
479 1.078 2.0574 0.0188 0.567979 -0.421174 0.00368733 0.707107
480 1.0783 2.0578 0.0184 0.57055 -0.417698 0.000715763 0.707107
481 1.0787 2.0584 0.018 0.57254 -0.414957 -0.00280676 0.707107
482 1.0792 2.0588 0.0176001 0.574316 -0.412454 -0.0065968 0.707107
483 1.0797 2.0591 0.0172 0.575565 -0.410631 -0.0102881 0.707107
484 1.0802 2.0594 0.0168999 0.576192 -0.409632 -0.0143067 0.707107
485 1.0805 2.0596 0.0165 0.57666 -0.408791 -0.0187509 0.707107
486 1.081 2.0597 0.0161999 0.576753 -0.408421 -0.023421 0.707107
487 1.0814 2.0599 0.0158 0.576665 -0.408217 -0.0285644 0.707107
488 1.0815 2.06 0.0161 0.576083 -0.408602 -0.0342489 0.707107
489 1.0818 2.06 0.0161 0.5754 -0.409002 -0.0404073 0.707107
490 1.0821 2.0601 0.0159 0.57453 -0.409579 -0.0464651 0.707107
491 1.0824 2.0603 0.0158 0.573759 -0.410041 -0.0516434 0.707107
492 1.0829 2.0602 0.0157 0.572102 -0.411432 -0.0585035 0.707107
493 1.0832 2.0602 0.0156 0.570632 -0.412597 -0.0643522 0.707106
494 1.0835 2.0602 0.0156 0.569196 -0.41368 -0.0698833 0.707107
495 1.0839 2.06 0.0156 0.567498 -0.415072 -0.0752424 0.707107
496 1.0842 2.06 0.0156 0.565894 -0.416294 -0.0803973 0.707107
497 1.0845 2.0597 0.0157 0.563884 -0.418094 -0.0850401 0.707107
498 1.085 2.0597 0.0157 0.562092 -0.41956 -0.089557 0.707106
499 1.0857 2.0595 0.0159 0.560456 -0.420835 -0.093735 0.707107
500 1.0862 2.0594 0.0158 0.559484 -0.421355 -0.0971441 0.707106
501 1.0865 2.0592 0.016 0.557865 -0.422704 -0.100534 0.707106
502 1.0871 2.0589 0.0163 0.556588 -0.423631 -0.103668 0.707107
503 1.0877 2.0584 0.0165 0.555901 -0.424019 -0.105741 0.707106
504 1.0883 2.0579 0.0168 0.555048 -0.424475 -0.108365 0.707107
505 1.0891 2.0577 0.0172 0.554409 -0.424818 -0.110272 0.707106
506 1.0899 2.0572 0.0175 0.554133 -0.424625 -0.112387 0.707107
507 1.0906 2.0571 0.0178 0.554707 -0.423303 -0.114527 0.707108
508 1.0914 2.0567 0.0181 0.554791 -0.422844 -0.115804 0.707107
509 1.0921 2.0564 0.0184 0.554933 -0.42235 -0.11692 0.707107
510 1.0931 2.0559 0.0188 0.554612 -0.422467 -0.11801 0.707107
511 1.0938 2.0556 0.0189 0.555384 -0.421185 -0.118957 0.707106
512 1.0947 2.0551 0.0192 0.555589 -0.420426 -0.120683 0.707108
513 1.0955 2.0547 0.0194 0.556297 -0.418726 -0.123296 0.707107
514 1.0964 2.0545 0.0196 0.556897 -0.41688 -0.126791 0.707106
515 1.0971 2.0544 0.02 0.557476 -0.414822 -0.130928 0.707106
516 1.0979 2.0543 0.0201 0.557742 -0.412777 -0.136156 0.707107
517 1.0986 2.054 0.0203 0.557772 -0.411434 -0.14005 0.707108
518 1.0996 2.0539 0.0204999 0.557721 -0.409739 -0.145129 0.707107
519 1.1003 2.054 0.0208 0.558137 -0.407848 -0.148802 0.707106
520 1.1014 2.0537 0.0207 0.557898 -0.406351 -0.15371 0.707106
521 1.1022 2.0537 0.0208 0.558344 -0.404105 -0.15796 0.707107
522 1.1032 2.0538 0.0208 0.558524 -0.402034 -0.162541 0.707107
523 1.1042 2.0539 0.0208 0.558457 -0.400279 -0.167035 0.707105
524 1.1053 2.0538 0.0208 0.558177 -0.398883 -0.171263 0.707107
525 1.1064 2.0538 0.0207 0.557861 -0.397929 -0.174483 0.707107
526 1.1075 2.0538 0.0206 0.558 -0.396583 -0.177082 0.707106
527 1.1086 2.0539 0.0206 0.558495 -0.394795 -0.179499 0.707107
528 1.1099 2.0538 0.0204999 0.559244 -0.392938 -0.181233 0.707107
529 1.1111 2.0537 0.0204 0.559967 -0.390726 -0.183771 0.707108
530 1.1122 2.0536 0.0203 0.560804 -0.38849 -0.18594 0.707107
531 1.1135 2.0538 0.0201 0.562509 -0.385224 -0.187583 0.707108
532 1.1147 2.0538 0.02 0.563744 -0.382623 -0.189187 0.707106
533 1.1158 2.0537 0.02 0.564819 -0.380331 -0.190598 0.707107
534 1.117 2.0536 0.0201 0.565605 -0.378534 -0.191846 0.707108
535 1.1183 2.0534 0.0201 0.566508 -0.376728 -0.192725 0.707105
536 1.1194 2.0534 0.0201 0.567554 -0.374658 -0.193684 0.707107
537 1.1205 2.0534 0.0202 0.56785 -0.373246 -0.195536 0.707107
538 1.1217 2.0534 0.0202 0.567687 -0.372163 -0.198056 0.707107
539 1.1227 2.0533 0.0202 0.567825 -0.37068 -0.200427 0.707106
540 1.1238 2.0532 0.0203 0.567614 -0.369095 -0.203922 0.707108
541 1.1246 2.0531 0.0203 0.567633 -0.367171 -0.207315 0.707108
542 1.1255 2.0532 0.0202 0.567779 -0.364625 -0.211368 0.707107
543 1.1263 2.053 0.0202 0.567428 -0.362763 -0.215479 0.707109
544 1.1268 2.0531 0.0202 0.567768 -0.360014 -0.219156 0.707107
545 1.1275 2.0529 0.0202 0.567722 -0.357354 -0.223586 0.707107
546 1.1281 2.0529 0.0202 0.567252 -0.354706 -0.228926 0.707106
547 1.1285 2.0528 0.0202 0.566665 -0.352323 -0.234008 0.707107
548 1.129 2.0528 0.0202 0.565888 -0.350346 -0.238808 0.707107
549 1.1294 2.0527 0.0201 0.565295 -0.34853 -0.242826 0.707104
550 1.1298 2.0527 0.02 0.564766 -0.347195 -0.245955 0.707106
551 1.1303 2.0526 0.02 0.564396 -0.346301 -0.248065 0.707109
552 1.1307 2.0527 0.0199 0.563743 -0.346041 -0.249896 0.707106
553 1.1312 2.0529 0.0197999 0.563286 -0.34594 -0.251071 0.707109
554 1.1316 2.0531 0.0197001 0.562624 -0.346373 -0.251942 0.707104
555 1.132 2.0532 0.0195 0.561813 -0.347083 -0.252789 0.707108
556 1.1324 2.0533 0.0195 0.561064 -0.348255 -0.252834 0.707106
557 1.1329 2.0533 0.0193 0.55997 -0.3496 -0.253394 0.707104
558 1.1334 2.0534 0.0190001 0.558908 -0.351059 -0.253725 0.707105
559 1.1338 2.0535 0.0188 0.558067 -0.352432 -0.253682 0.707108
560 1.1343 2.0535 0.0187 0.55704 -0.35405 -0.253685 0.707107
561 1.1347 2.0535 0.0187 0.556309 -0.355527 -0.253215 0.707105
562 1.1352 2.0535 0.0186 0.555639 -0.357027 -0.252586 0.707109
563 1.1357 2.0534 0.0185 0.554857 -0.358883 -0.251675 0.707109
564 1.136 2.0532 0.0187 0.554734 -0.360444 -0.249704 0.707108
565 1.1366 2.0531 0.0187 0.554535 -0.362334 -0.247396 0.707107
566 1.1371 2.0531 0.0187 0.554485 -0.364294 -0.244618 0.707108
567 1.1377 2.0528 0.0187 0.554261 -0.366175 -0.2423 0.707106
568 1.1384 2.0526 0.0187 0.553745 -0.36788 -0.240892 0.707105
569 1.1391 2.0522 0.0187 0.553137 -0.369275 -0.240158 0.707107
570 1.1397 2.0519 0.0187 0.552125 -0.370389 -0.240773 0.707107
571 1.1403 2.0515 0.0189 0.55135 -0.371355 -0.241053 0.707105
572 1.141 2.0511 0.0193 0.550334 -0.372956 -0.240905 0.707106
573 1.1418 2.0507 0.0195 0.549032 -0.375249 -0.240312 0.707106
574 1.1425 2.0504 0.0197001 0.548399 -0.377253 -0.238609 0.707104
575 1.1433 2.0499 0.0199 0.548048 -0.378996 -0.236658 0.707108
576 1.144 2.0494 0.0201 0.547736 -0.380408 -0.235107 0.707107
577 1.1447 2.0491 0.0204 0.547839 -0.381121 -0.233714 0.707109
578 1.1455 2.0487 0.0206 0.54788 -0.381705 -0.232648 0.707105
579 1.1462 2.0483 0.0206 0.548593 -0.381729 -0.230938 0.707109
580 1.147 2.0481 0.0207 0.549215 -0.382025 -0.228955 0.707108
581 1.1479 2.0478 0.0208 0.550455 -0.382429 -0.22527 0.707107
582 1.1487 2.0476 0.0208 0.551319 -0.3832 -0.221821 0.707106
583 1.1496 2.0474 0.0209 0.552577 -0.383951 -0.217351 0.707108
584 1.1505 2.0473 0.021 0.55413 -0.384698 -0.212003 0.707106
585 1.1513 2.0472 0.0209 0.555392 -0.38598 -0.206295 0.707106
586 1.1524 2.0472 0.0209 0.555969 -0.38781 -0.201247 0.707106
587 1.1533 2.0471 0.0208 0.556394 -0.390292 -0.195188 0.707107
588 1.1543 2.0471 0.0207 0.556841 -0.392776 -0.188825 0.707106
589 1.1555 2.0471 0.0204 0.557588 -0.395387 -0.18101 0.707107
590 1.1568 2.0471 0.0201 0.558351 -0.39769 -0.173454 0.707106
591 1.158 2.047 0.0197999 0.559201 -0.399865 -0.165544 0.707108
592 1.1592 2.0469 0.0196 0.559608 -0.402472 -0.157653 0.707107
593 1.1605 2.0468 0.0192 0.560465 -0.404389 -0.149491 0.707106
594 1.1617 2.0468 0.0188 0.561139 -0.406377 -0.141356 0.707107
595 1.1629 2.0466 0.0184 0.561342 -0.408664 -0.133751 0.707107
596 1.1644 2.0464 0.018 0.562086 -0.41012 -0.125936 0.707106
597 1.1657 2.0462 0.0176001 0.56264 -0.411912 -0.117327 0.707107
598 1.1672 2.0458 0.0171 0.563681 -0.412834 -0.108778 0.707107
599 1.1687 2.0456 0.0167 0.564205 -0.414348 -0.0999464 0.707107
600 1.17 2.0455 0.016 0.564725 -0.416002 -0.0895973 0.707107
601 1.1715 2.0454 0.0153 0.564596 -0.418128 -0.0799999 0.707107
602 1.173 2.045 0.0148 0.564385 -0.420109 -0.0705587 0.707107
603 1.1742 2.0448 0.0143 0.5643 -0.42175 -0.0607674 0.707107
604 1.1757 2.0442 0.0138 0.563803 -0.423607 -0.0517945 0.707107
605 1.1772 2.0437 0.0132 0.563071 -0.425642 -0.0421902 0.707107
606 1.1784 2.0432 0.0127 0.561713 -0.428279 -0.0324958 0.707107
607 1.1798 2.0426 0.0121 0.560526 -0.430415 -0.0235089 0.707107
608 1.1809 2.042 0.0115 0.559289 -0.432394 -0.0151809 0.707107
609 1.1821 2.0413 0.0109 0.557971 -0.434305 -0.00699654 0.707107
610 1.1834 2.0406 0.0102 0.556319 -0.436474 9.20694e-05 0.707107
611 1.1842 2.0398 0.00960004 0.554688 -0.438487 0.00702149 0.707107
612 1.1852 2.039 0.00899994 0.552592 -0.44093 0.0149326 0.707107
613 1.1861 2.0379 0.00849998 0.55049 -0.443285 0.0214075 0.707107
614 1.1874 2.0371 0.0079 0.548062 -0.445831 0.0293685 0.707107
615 1.1879 2.0364 0.00740004 0.545293 -0.448524 0.038469 0.707107
616 1.1891 2.0351 0.00709999 0.542571 -0.451225 0.0448597 0.707107
617 1.19 2.0342 0.00660002 0.538874 -0.454663 0.0538017 0.707107
618 1.1911 2.0331 0.00619996 0.535483 -0.457533 0.0626313 0.707107
619 1.1921 2.032 0.00590003 0.531104 -0.461197 0.0722932 0.707107
620 1.1933 2.0309 0.00569999 0.526525 -0.464702 0.0826003 0.707107
621 1.1944 2.0297 0.00530005 0.521227 -0.468448 0.0942199 0.707107
622 1.1956 2.0282 0.005 0.515727 -0.47183 0.106781 0.707107
623 1.1963 2.0269 0.00460005 0.509937 -0.474746 0.120762 0.707107
624 1.1974 2.0252 0.0043 0.504153 -0.477258 0.134376 0.707107
625 1.1987 2.0234 0.00390005 0.498144 -0.479835 0.147016 0.707107
626 1.1996 2.0218 0.0036 0.492384 -0.48195 0.15901 0.707107
627 1.2001 2.0202 0.00329995 0.486299 -0.484023 0.17098 0.707107
628 1.2013 2.0181 0.0029 0.481059 -0.485639 0.18093 0.707107
629 1.2018 2.0163 0.00269997 0.475589 -0.487163 0.191011 0.707107
630 1.2022 2.0146 0.00240004 0.46896 -0.489276 0.201711 0.707107
631 1.2028 2.0124 0.00230002 0.462872 -0.49087 0.21164 0.707106
632 1.2026 2.0102 0.00250006 0.457752 -0.490758 0.222766 0.707108
633 1.2032 2.008 0.00250006 0.451125 -0.49284 0.231513 0.707107
634 1.2037 2.0057 0.00259995 0.444397 -0.494646 0.240495 0.707107
635 1.2049 2.0042 0.00230002 0.434229 -0.498158 0.251561 0.707107
636 1.2052 2.0017 0.00240004 0.428087 -0.499078 0.260116 0.707106
637 1.2057 1.9989 0.00250006 0.423076 -0.499151 0.268062 0.707107
638 1.2061 1.9965 0.00250006 0.415929 -0.500112 0.27728 0.707105
639 1.2065 1.9941 0.00240004 0.409577 -0.499862 0.287018 0.707105
640 1.2072 1.9915 0.00230002 0.403578 -0.499036 0.296806 0.707109
641 1.2075 1.989 0.00240004 0.397633 -0.496924 0.308152 0.707108
642 1.208 1.9864 0.00240004 0.391198 -0.495114 0.319107 0.707108
643 1.2084 1.9837 0.00259995 0.385713 -0.491925 0.330499 0.707105
644 1.2089 1.9811 0.00269997 0.37963 -0.489373 0.341156 0.707105
645 1.2093 1.9782 0.00300002 0.373771 -0.486813 0.35116 0.707108
646 1.2096 1.9755 0.00310004 0.366791 -0.485384 0.360377 0.707108
647 1.2103 1.9725 0.00339997 0.361088 -0.482751 0.369544 0.707105
648 1.2106 1.9695 0.0036 0.35541 -0.480235 0.378226 0.707106
649 1.2109 1.9666 0.00390005 0.34937 -0.477415 0.387321 0.707107
650 1.2113 1.9636 0.0043 0.343671 -0.474581 0.395823 0.707111
651 1.2116 1.9603 0.00450003 0.338335 -0.471039 0.404547 0.707109
652 1.2119 1.9573 0.00489998 0.333223 -0.467417 0.412902 0.707108
653 1.2124 1.9541 0.00530005 0.328378 -0.463137 0.421519 0.707109
654 1.2122 1.9508 0.00569999 0.325196 -0.45786 0.429681 0.707111
655 1.2125 1.9475 0.00590003 0.320907 -0.453481 0.437466 0.707108
656 1.213 1.9441 0.00650001 0.316479 -0.449173 0.445066 0.707106
657 1.2129 1.9405 0.00680006 0.312327 -0.444618 0.452501 0.707104
658 1.2132 1.937 0.00730002 0.306669 -0.441066 0.459795 0.707105
659 1.2137 1.9335 0.00769997 0.30071 -0.438316 0.466315 0.707106
660 1.2136 1.9298 0.00820005 0.295822 -0.434094 0.473351 0.70711
661 1.2141 1.9261 0.00849998 0.289735 -0.429986 0.480779 0.707101
662 1.2143 1.9223 0.00890005 0.284754 -0.425141 0.48805 0.707114
663 1.2143 1.9185 0.00919998 0.280006 -0.420025 0.495161 0.707109
664 1.2146 1.9145 0.00950003 0.274599 -0.414411 0.50286 0.70711
665 1.2148 1.9106 0.00979996 0.26921 -0.409784 0.509524 0.70711
666 1.2147 1.9066 0.0102 0.264796 -0.404518 0.516001 0.70711
667 1.2146 1.9026 0.0105 0.260704 -0.400311 0.521348 0.707113
668 1.2147 1.8985 0.0109 0.255884 -0.397599 0.525772 0.707106
669 1.2148 1.8945 0.0113 0.251173 -0.394955 0.530024 0.707108
670 1.2147 1.8903 0.0116 0.247312 -0.392033 0.533984 0.707104
671 1.2147 1.886 0.012 0.242617 -0.38954 0.537978 0.707114
672 1.215 1.8815 0.0122 0.237499 -0.38646 0.542454 0.707111
673 1.2152 1.8771 0.0125 0.232959 -0.382104 0.547485 0.707111
674 1.2153 1.8725 0.0125999 0.228591 -0.377409 0.552523 0.707098
675 1.2155 1.8679 0.0128 0.222772 -0.372582 0.558195 0.707115
676 1.2155 1.8631 0.0131 0.218108 -0.367556 0.563328 0.707109
677 1.2158 1.8585 0.0132999 0.212375 -0.364469 0.567476 0.707097
678 1.2159 1.8537 0.0136 0.207547 -0.360201 0.571998 0.707107
679 1.2162 1.849 0.0138 0.202402 -0.356537 0.57611 0.707103
680 1.2165 1.8442 0.0141 0.19712 -0.353201 0.579976 0.7071
681 1.2168 1.8393 0.0140001 0.192369 -0.349059 0.584092 0.70711
682 1.217 1.8344 0.0142 0.188928 -0.344799 0.587746 0.707115
683 1.2174 1.8292 0.0142 0.184213 -0.341808 0.590956 0.707106
684 1.2176 1.824 0.0145 0.180841 -0.337861 0.594242 0.7071
685 1.218 1.819 0.0147001 0.175468 -0.335714 0.597076 0.707104
686 1.2184 1.8137 0.0151 0.172482 -0.331075 0.600497 0.707093
687 1.219 1.8083 0.0153 0.167908 -0.328384 0.60329 0.707103
688 1.2194 1.8029 0.0154001 0.163989 -0.325247 0.606094 0.707115
689 1.2197 1.7974 0.0156 0.1585 -0.322352 0.609061 0.707103
690 1.2203 1.7919 0.0157 0.153777 -0.319023 0.612062 0.70712
691 1.221 1.7862 0.016 0.148986 -0.317795 0.613863 0.707112
692 1.2214 1.7802 0.0165 0.146273 -0.314401 0.616287 0.707124
693 1.2221 1.7745 0.0167 0.141447 -0.312759 0.61822 0.707114
694 1.2226 1.7687 0.0168999 0.138001 -0.310342 0.620183 0.707101
695 1.2232 1.7626 0.0171 0.133476 -0.30828 0.622215 0.707108
696 1.2237 1.7566 0.0177 0.128791 -0.305479 0.624592 0.707113
697 1.2246 1.7504 0.018 0.12277 -0.304649 0.626187 0.707105
698 1.2253 1.7441 0.0185 0.115662 -0.304172 0.62775 0.707096
699 1.2261 1.7378 0.0190001 0.108149 -0.30472 0.628848 0.707107
700 1.2269 1.7314 0.0195 0.101491 -0.305313 0.629694 0.707118
701 1.2278 1.7251 0.0197999 0.0945024 -0.306435 0.630224 0.707112
702 1.2286 1.7186 0.0202 0.0889544 -0.307272 0.630598 0.707101
703 1.2295 1.7121 0.0204 0.0842532 -0.308133 0.630835 0.707106
704 1.2305 1.7056 0.0208 0.0808432 -0.308525 0.631082 0.707102
705 1.2313 1.6989 0.0209 0.0780584 -0.30848 0.631464 0.707107
706 1.2322 1.6924 0.0211 0.0771984 -0.306932 0.63233 0.70711
707 1.2332 1.6858 0.0209 0.0762858 -0.30644 0.632674 0.707107
708 1.2341 1.6791 0.0208 0.0762883 -0.306019 0.632904 0.70712
709 1.2351 1.6724 0.0204999 0.0774641 -0.305297 0.633076 0.707104
710 1.2359 1.6657 0.0202 0.0796436 -0.304113 0.633365 0.707099
711 1.2369 1.6589 0.02 0.0812816 -0.303441 0.633501 0.707109
712 1.2379 1.6521 0.0196 0.0837906 -0.302767 0.633508 0.707114
713 1.2388 1.6452 0.0193 0.0866301 -0.301134 0.633895 0.70711
714 1.2396 1.638 0.0190001 0.0902123 -0.299778 0.634018 0.707101
715 1.2404 1.6311 0.0187 0.0914439 -0.299196 0.634126 0.707105
716 1.2413 1.624 0.0186 0.093933 -0.297895 0.634401 0.707118
717 1.2421 1.6168 0.0183001 0.0948734 -0.297845 0.634278 0.707115
718 1.243 1.6095 0.018 0.0965747 -0.298298 0.633779 0.707101
719 1.2435 1.6023 0.0179 0.0981111 -0.296698 0.634297 0.707102
720 1.2441 1.5952 0.0178 0.0993351 -0.295937 0.63445 0.707097
721 1.2448 1.5879 0.0176001 0.100567 -0.295517 0.634458 0.7071
722 1.2455 1.5807 0.0175 0.100891 -0.296274 0.634064 0.707105
723 1.2461 1.5735 0.0173 0.10129 -0.29716 0.633608 0.707115
724 1.2465 1.5661 0.0173 0.102793 -0.296543 0.633657 0.707116
725 1.247 1.559 0.0172 0.10341 -0.296983 0.63333 0.707106
726 1.2476 1.5518 0.0171 0.104112 -0.297213 0.633086 0.707097
727 1.248 1.5445 0.017 0.105194 -0.297035 0.632994 0.707099
728 1.2484 1.5373 0.0168999 0.106057 -0.297134 0.632839 0.707115
729 1.2488 1.5303 0.0168999 0.107352 -0.2979 0.63224 0.707105
730 1.2494 1.5233 0.0168999 0.107267 -0.2993 0.631634 0.707125
731 1.2498 1.5162 0.017 0.108215 -0.299596 0.631325 0.707122
732 1.2502 1.5091 0.0168999 0.109406 -0.30001 0.630878 0.7071
733 1.251 1.5022 0.0167 0.108759 -0.300927 0.630587 0.707116
734 1.2514 1.4953 0.0166 0.110492 -0.300859 0.630295 0.707105
735 1.2518 1.4885 0.0163 0.111988 -0.300846 0.630044 0.707109
736 1.2523 1.4818 0.0161999 0.113346 -0.30056 0.629946 0.707113
737 1.253 1.4749 0.0159 0.114906 -0.300643 0.629614 0.707108
738 1.2538 1.4683 0.0157 0.11602 -0.29992 0.629725 0.707094
739 1.2545 1.4615 0.0154001 0.117198 -0.298148 0.630358 0.707099
740 1.2551 1.4547 0.0151 0.117292 -0.296864 0.630979 0.707115
741 1.256 1.4481 0.0149 0.117226 -0.294923 0.631904 0.707116
742 1.2567 1.4416 0.0148 0.116963 -0.293583 0.632549 0.707103
743 1.2575 1.4352 0.0145 0.116069 -0.293089 0.632926 0.707094
744 1.2584 1.4288 0.0144 0.115486 -0.293132 0.633016 0.707096
745 1.2593 1.4225 0.0144 0.114472 -0.29386 0.632905 0.707117
746 1.2602 1.4162 0.0144 0.114024 -0.294741 0.632583 0.707121
747 1.2611 1.4099 0.0143 0.11349 -0.296055 0.632059 0.707117
748 1.2622 1.4036 0.0143 0.112823 -0.296296 0.632061 0.707115
749 1.2634 1.3977 0.0141 0.112158 -0.296422 0.632106 0.707108
750 1.2645 1.3915 0.0139 0.113086 -0.295346 0.632444 0.707108
751 1.2656 1.3854 0.0138 0.114522 -0.293602 0.632992 0.707105
752 1.2668 1.3795 0.0135 0.116124 -0.2924 0.633267 0.707111
753 1.268 1.3736 0.0134 0.117718 -0.291253 0.633515 0.707118
754 1.2693 1.3677 0.0132999 0.119932 -0.290243 0.633522 0.707097
755 1.2705 1.3619 0.0132999 0.121877 -0.289556 0.633498 0.707113
756 1.2718 1.3562 0.0134 0.122819 -0.290155 0.633033 0.707109
757 1.2731 1.3506 0.0135 0.124643 -0.290716 0.632392 0.707095
758 1.2746 1.3449 0.0137 0.125476 -0.292371 0.631482 0.707105
759 1.2758 1.3392 0.0140001 0.127771 -0.293554 0.630497 0.707117
760 1.2772 1.3337 0.0142 0.129672 -0.295194 0.629324 0.707108
761 1.2786 1.3281 0.0145 0.132109 -0.296746 0.628083 0.707107
762 1.2802 1.3225 0.0148 0.133685 -0.298115 0.627103 0.707108
763 1.2816 1.317 0.0151 0.13606 -0.298622 0.626311 0.707089
764 1.283 1.3114 0.0154001 0.138215 -0.299141 0.625636 0.70711
765 1.2844 1.3058 0.0157 0.138896 -0.300034 0.625039 0.707101
766 1.2859 1.3004 0.0161999 0.139622 -0.302128 0.623857 0.707097
767 1.2873 1.2949 0.0166 0.141771 -0.303813 0.62254 0.707091
768 1.2889 1.2894 0.017 0.142586 -0.307351 0.620672 0.707118
769 1.2905 1.2839 0.0174 0.144383 -0.310963 0.618387 0.707086
770 1.292 1.2784 0.0178 0.146723 -0.312978 0.616842 0.707098
771 1.2936 1.2727 0.018 0.148284 -0.314461 0.615743 0.707112
772 1.2954 1.2673 0.0183001 0.148204 -0.316686 0.614601 0.707103
773 1.297 1.2616 0.0185 0.150403 -0.316665 0.61406 0.707094
774 1.2987 1.256 0.0187 0.150784 -0.317135 0.613735 0.7071
775 1.3004 1.2503 0.0188 0.152034 -0.317205 0.613382 0.707096
776 1.3021 1.2446 0.0190001 0.153596 -0.317889 0.612686 0.707118
777 1.3038 1.239 0.0191 0.155277 -0.318023 0.612159 0.707102
778 1.3058 1.2335 0.0191 0.155859 -0.320018 0.610982 0.707108
779 1.3076 1.2277 0.0192 0.156959 -0.320788 0.61031 0.707114
780 1.3094 1.2219 0.0193 0.157891 -0.321103 0.609921 0.707122
781 1.3113 1.2162 0.0193 0.159515 -0.32126 0.609398 0.707114
782 1.3133 1.2106 0.0193 0.159399 -0.323279 0.608361 0.707115
783 1.3151 1.2049 0.0194 0.161373 -0.324398 0.607226 0.707106
784 1.317 1.1992 0.0194 0.162378 -0.326885 0.605644 0.707116
785 1.3188 1.1936 0.0197001 0.1637 -0.329449 0.603884 0.707111
786 1.3208 1.1879 0.0197001 0.164123 -0.333399 0.601566 0.707096
787 1.3228 1.1821 0.0197999 0.165038 -0.33696 0.599317 0.707092
788 1.3249 1.1765 0.0197999 0.164396 -0.341385 0.597005 0.707101
789 1.3269 1.1709 0.0202 0.164424 -0.345268 0.594748 0.707095
790 1.3288 1.1653 0.0203 0.164782 -0.349532 0.592143 0.70709
791 1.331 1.1596 0.0206 0.165415 -0.354071 0.589313 0.707114
792 1.3331 1.1538 0.0211 0.16616 -0.358207 0.586577 0.707105
793 1.3354 1.1484 0.0211999 0.165793 -0.364678 0.582671 0.7071
794 1.3377 1.1429 0.0215 0.166546 -0.369844 0.579189 0.707099
795 1.3401 1.1374 0.0219001 0.166861 -0.374916 0.575815 0.707093
796 1.3426 1.1319 0.0221 0.168886 -0.378466 0.572935 0.707113
797 1.3453 1.1265 0.0224 0.169944 -0.381858 0.570345 0.707102
798 1.3478 1.1211 0.0226001 0.172246 -0.384112 0.568127 0.707098
799 1.3507 1.1157 0.0228 0.173755 -0.387225 0.565587 0.707117
800 1.3534 1.1102 0.0232 0.176937 -0.389147 0.563233 0.707095
801 1.3563 1.1049 0.0235 0.179721 -0.391791 0.560537 0.707108
802 1.3594 1.0996 0.0237 0.181267 -0.395386 0.557534 0.707121
803 1.3623 1.0943 0.0240999 0.185127 -0.397762 0.554539 0.707107
804 1.3655 1.0891 0.0245 0.18853 -0.400131 0.551684 0.707108
805 1.3684 1.0838 0.0249 0.193709 -0.40153 0.54885 0.7071
806 1.3718 1.0786 0.0251 0.196966 -0.404488 0.545492 0.707093
807 1.375 1.0735 0.0256 0.202076 -0.406307 0.542278 0.707101
808 1.3783 1.0685 0.0259 0.20623 -0.40834 0.539187 0.707105
809 1.3817 1.0634 0.0265 0.210729 -0.411207 0.535247 0.707101
810 1.385 1.0584 0.027 0.215074 -0.412735 0.53233 0.707099
811 1.3885 1.0532 0.0276 0.219672 -0.41551 0.528309 0.707113
812 1.3921 1.0484 0.0282 0.223566 -0.417873 0.524815 0.70712
813 1.3957 1.0433 0.0288 0.228085 -0.419611 0.521442 0.707106
814 1.3996 1.0385 0.0294 0.231668 -0.421975 0.517954 0.707111
815 1.4031 1.0336 0.0301 0.236507 -0.423682 0.514345 0.707104
816 1.4067 1.0287 0.0308 0.241809 -0.425592 0.510271 0.707097
817 1.4105 1.0241 0.0315 0.245156 -0.429376 0.505486 0.707099
818 1.4141 1.0194 0.0324 0.249228 -0.432942 0.500435 0.707102
819 1.4176 1.0147 0.0333 0.253262 -0.437245 0.494672 0.707117
820 1.4212 1.0099 0.0342 0.257446 -0.441914 0.488309 0.707112
821 1.4248 1.0054 0.0351 0.261592 -0.446329 0.482065 0.707118
822 1.4284 1.0008 0.036 0.266691 -0.450662 0.475157 0.707105
823 1.432 0.9962 0.0368 0.272211 -0.454097 0.468698 0.707098
824 1.4356 0.9916 0.0375 0.278244 -0.45647 0.462821 0.707102
825 1.4394 0.9872 0.0383 0.283243 -0.459161 0.457102 0.707106
826 1.4429 0.9825 0.039 0.288345 -0.461191 0.451849 0.70711
827 1.4464 0.9778 0.0398999 0.293757 -0.462049 0.447448 0.707103
828 1.4502 0.9736 0.0407 0.297284 -0.464606 0.442471 0.707114
829 1.4538 0.9691 0.0416 0.300542 -0.467278 0.437394 0.707101
830 1.4575 0.9646 0.0425 0.303147 -0.470274 0.432358 0.707102
831 1.4612 0.9602 0.0433 0.305758 -0.473169 0.427346 0.707108
832 1.4651 0.9558 0.0441999 0.307296 -0.476584 0.422414 0.707105
833 1.4691 0.9515 0.0452 0.307774 -0.480337 0.417783 0.707103
834 1.4731 0.9471 0.046 0.30849 -0.483484 0.413605 0.707103
835 1.477 0.9427 0.0470001 0.308851 -0.486106 0.410236 0.707098
836 1.4811 0.9384 0.0479 0.30863 -0.488217 0.407916 0.707108
837 1.4852 0.9342 0.0487 0.308033 -0.490246 0.405919 0.707105
838 1.4893 0.9299 0.0495 0.307526 -0.491936 0.404255 0.707104
839 1.4932 0.9256 0.0504 0.307203 -0.493388 0.40275 0.707113
840 1.4974 0.9215 0.0511 0.306517 -0.495337 0.400851 0.707103
841 1.5014 0.9173 0.052 0.306323 -0.49722 0.39867 0.707106
842 1.5055 0.9133 0.0527 0.305906 -0.499677 0.395921 0.707111
843 1.5097 0.9091 0.0534 0.306343 -0.501405 0.393378 0.707107
844 1.5137 0.9051 0.0541 0.307048 -0.502686 0.391194 0.707109
845 1.5179 0.901 0.0546 0.30856 -0.503684 0.388716 0.707111
846 1.5219 0.8972 0.0552 0.311096 -0.504032 0.386237 0.707111
847 1.526 0.8935 0.0555 0.314406 -0.504784 0.382559 0.707112
848 1.5301 0.8896 0.0559 0.318555 -0.504876 0.378973 0.707106
849 1.5342 0.886 0.0562 0.323771 -0.504957 0.374413 0.707104
850 1.5383 0.8825 0.0563 0.329928 -0.504265 0.369955 0.707108
851 1.5424 0.8791 0.0563999 0.337087 -0.502917 0.365307 0.707108
852 1.5463 0.8755 0.0563 0.343694 -0.502163 0.360155 0.707109
853 1.5504 0.872 0.0565 0.349996 -0.501348 0.355185 0.707108
854 1.5545 0.8685 0.0563999 0.355462 -0.501226 0.349889 0.707108
855 1.5584 0.8649 0.0565 0.360804 -0.500937 0.344795 0.707107
856 1.5626 0.8616 0.0563999 0.365012 -0.502454 0.338089 0.707106
857 1.5668 0.8582 0.0563 0.368959 -0.504005 0.331436 0.707108
858 1.5709 0.855 0.0561 0.373552 -0.504824 0.324973 0.707105
859 1.5752 0.8517 0.0559 0.37823 -0.505702 0.318118 0.707103
860 1.5794 0.8484 0.0555 0.38295 -0.506231 0.311565 0.707104
861 1.5837 0.8452 0.0552 0.387565 -0.506364 0.305586 0.707104
862 1.5877 0.8424 0.0549999 0.392777 -0.50549 0.30034 0.707106
863 1.5922 0.8394 0.0546 0.396744 -0.506132 0.293981 0.707107
864 1.5966 0.8362 0.0543 0.40083 -0.506487 0.287762 0.707108
865 1.6011 0.8333 0.0539 0.405121 -0.506798 0.281126 0.707107
866 1.6055 0.8303 0.0537 0.408933 -0.506518 0.27606 0.707105
867 1.6099 0.8276 0.0531 0.411933 -0.506507 0.271583 0.707105
868 1.6145 0.8246 0.0527 0.415255 -0.506415 0.26666 0.707107
869 1.6192 0.8216 0.0523 0.418482 -0.50573 0.262886 0.707107
870 1.6238 0.8186 0.0520999 0.420538 -0.505911 0.259232 0.707107
871 1.6284 0.8157 0.0519 0.422073 -0.506484 0.255596 0.707107
872 1.633 0.8128 0.0517 0.423649 -0.506989 0.251958 0.707107
873 1.6377 0.8098 0.0513999 0.424422 -0.508235 0.248113 0.707106
874 1.6424 0.8068 0.0511 0.426099 -0.508895 0.243847 0.707105
875 1.6471 0.804 0.0506999 0.427082 -0.510333 0.23908 0.707106
876 1.6517 0.8008 0.0503 0.428923 -0.510684 0.234998 0.707106
877 1.6563 0.7978 0.05 0.430003 -0.51185 0.230444 0.707106
878 1.661 0.7947 0.0498 0.430895 -0.513215 0.225695 0.707106
879 1.6655 0.7917 0.0498 0.430536 -0.515798 0.220434 0.707107
880 1.6702 0.7882 0.0501 0.430054 -0.518248 0.215571 0.707106
881 1.6748 0.7849 0.0503 0.429086 -0.5212 0.210324 0.707107
882 1.6793 0.7814 0.0508 0.42758 -0.5244 0.205381 0.707107
883 1.6838 0.7778 0.0513999 0.427179 -0.527006 0.199461 0.707108
884 1.6884 0.7744 0.0519 0.426159 -0.529864 0.193993 0.707107
885 1.6928 0.771 0.0525 0.426526 -0.531459 0.188752 0.707107
886 1.6974 0.7673 0.053 0.427777 -0.532494 0.182913 0.707107
887 1.7018 0.7639 0.0536 0.428305 -0.533927 0.177417 0.707107
888 1.7063 0.7604 0.0543 0.429227 -0.535197 0.171262 0.707108
889 1.7108 0.7566 0.0551 0.430763 -0.535905 0.165072 0.707107
890 1.7151 0.7531 0.0559 0.43225 -0.536536 0.15903 0.707107
891 1.7199 0.7499 0.0565 0.43453 -0.536691 0.152134 0.707106
892 1.7243 0.7464 0.0571001 0.437726 -0.535899 0.145628 0.707106
893 1.7287 0.7431 0.0575 0.442034 -0.534154 0.138875 0.707107
894 1.733 0.7399 0.058 0.446501 -0.531965 0.132849 0.707106
895 1.7376 0.7368 0.0585001 0.450991 -0.529592 0.127039 0.707107
896 1.742 0.7336 0.059 0.454587 -0.527734 0.121852 0.707107
897 1.7464 0.7304 0.0596 0.457712 -0.526238 0.116509 0.707107
898 1.751 0.7271 0.0604 0.459893 -0.525538 0.110942 0.707107
899 1.7555 0.7237 0.0612 0.460584 -0.526024 0.105646 0.707107
900 1.76 0.7205 0.0621001 0.461217 -0.526636 0.0996624 0.707106
901 1.7646 0.7175 0.0628999 0.461595 -0.527502 0.093122 0.707107
902 1.7692 0.7144 0.0639 0.461476 -0.528615 0.0872179 0.707107
903 1.7735 0.7124 0.0652 0.461706 -0.529406 0.0809729 0.707107
904 1.7781 0.7094 0.0661 0.461772 -0.530095 0.0759325 0.707107
905 1.7825 0.7065 0.0673 0.46173 -0.530771 0.0713331 0.707107
906 1.787 0.7035 0.0687 0.461322 -0.531709 0.0668365 0.707107
907 1.7914 0.7006 0.0700001 0.460361 -0.533014 0.0629578 0.707107
908 1.7957 0.698 0.0714999 0.459104 -0.534598 0.0585521 0.707107
909 1.7999 0.695 0.0728 0.45771 -0.536219 0.0544994 0.707107
910 1.8041 0.6921 0.0746 0.455515 -0.53847 0.0505592 0.707107
911 1.8085 0.6898 0.0762 0.452085 -0.541783 0.0457232 0.707107
912 1.8126 0.6873 0.0779001 0.44918 -0.544475 0.042234 0.707107
913 1.8168 0.6851 0.0798 0.445859 -0.547414 0.0393435 0.707107
914 1.8209 0.6824 0.0817 0.443271 -0.549637 0.0375505 0.707107
915 1.8249 0.6804 0.0836999 0.440785 -0.551682 0.0368166 0.707107
916 1.8287 0.6779 0.0856 0.440079 -0.55228 0.0362929 0.707107
917 1.8326 0.6761 0.0878 0.438444 -0.553604 0.0359102 0.707107
918 1.8366 0.674 0.0899 0.43737 -0.554431 0.0362465 0.707107
919 1.8403 0.6719 0.092 0.437148 -0.554652 0.0355307 0.707107
920 1.844 0.6703 0.0941 0.437283 -0.554584 0.0349303 0.707107
921 1.8478 0.6682 0.0962 0.437312 -0.554584 0.0345653 0.707107
922 1.8515 0.6663 0.0982 0.438207 -0.553909 0.0340487 0.707107
923 1.8551 0.6646 0.1 0.439446 -0.552996 0.0329147 0.707107
924 1.8588 0.663 0.1019 0.441377 -0.551534 0.0315773 0.707107
925 1.8624 0.6614 0.1037 0.443578 -0.549892 0.0292858 0.707107
926 1.8658 0.6599 0.1054 0.446294 -0.547794 0.0272711 0.707107
927 1.8693 0.6584 0.1071 0.449239 -0.545497 0.0248494 0.707107
928 1.873 0.657 0.1087 0.452072 -0.543269 0.022127 0.707107
929 1.8764 0.6557 0.1103 0.455359 -0.540628 0.0192207 0.707107
930 1.8799 0.6544 0.1117 0.457967 -0.538514 0.0164013 0.707107
931 1.8835 0.6535 0.1131 0.461062 -0.535961 0.0129735 0.707107
932 1.8871 0.6524 0.1143 0.464391 -0.533152 0.00951506 0.707107
933 1.8908 0.6515 0.1154 0.467705 -0.530293 0.00641856 0.707107
934 1.8945 0.6507 0.1164 0.470708 -0.527658 0.00320822 0.707107
935 1.8981 0.6501 0.1173 0.474306 -0.524437 0.000176549 0.707107
936 1.9017 0.6496 0.1182 0.47797 -0.521093 -0.00256202 0.707107
937 1.9055 0.6492 0.1189 0.480972 -0.518307 -0.00491739 0.707107
938 1.9092 0.6487 0.1198 0.484396 -0.515075 -0.00761803 0.707107
939 1.913 0.6482 0.1205 0.486447 -0.5131 -0.0098664 0.707107
940 1.9172 0.6484 0.1211 0.489218 -0.510409 -0.012175 0.707107
941 1.9212 0.6483 0.1217 0.490691 -0.508905 -0.015424 0.707107
942 1.9256 0.6482 0.1223 0.491645 -0.507883 -0.0184468 0.707107
943 1.9296 0.6483 0.1227 0.493262 -0.506249 -0.0201128 0.707107
944 1.934 0.6487 0.1232 0.494211 -0.505207 -0.0228351 0.707107
945 1.9381 0.649 0.1235 0.49545 -0.503885 -0.0250884 0.707107
946 1.9425 0.6494 0.124 0.497685 -0.501568 -0.0271981 0.707107
947 1.9471 0.6503 0.1243 0.49887 -0.500195 -0.0305621 0.707107
948 1.9516 0.6507 0.1246 0.500798 -0.498111 -0.0329706 0.707107
949 1.9562 0.6516 0.125 0.502912 -0.495864 -0.0346213 0.707107
950 1.9607 0.6524 0.1254 0.505108 -0.493521 -0.0361068 0.707107
951 1.9652 0.6531 0.1257 0.507729 -0.490824 -0.0361008 0.707107
952 1.97 0.6544 0.1263 0.510229 -0.488143 -0.0371762 0.707107
953 1.9745 0.6551 0.1267 0.512643 -0.485655 -0.0365473 0.707107
954 1.9791 0.6559 0.1272 0.515062 -0.483073 -0.0367633 0.707107
955 1.9836 0.6567 0.1275 0.517277 -0.480671 -0.0371421 0.707107
956 1.9883 0.6576 0.1279 0.519534 -0.47815 -0.0381717 0.707107
957 1.993 0.6585 0.1282 0.521468 -0.475974 -0.0389807 0.707107
958 1.9975 0.6594 0.1287 0.523582 -0.473585 -0.0397427 0.707107
959 2.002 0.6606 0.1292 0.525612 -0.471242 -0.0407734 0.707107
960 2.0065 0.6615 0.1296 0.527527 -0.468989 -0.0420013 0.707107
961 2.011 0.6627 0.1301 0.529827 -0.466304 -0.0429407 0.707107
962 2.0153 0.6637 0.1308 0.532376 -0.463322 -0.0436848 0.707107
963 2.0199 0.6649 0.1313 0.534297 -0.461014 -0.0446469 0.707107
964 2.0242 0.6662 0.132 0.537036 -0.457777 -0.0450801 0.707107
965 2.0284 0.6671 0.1327 0.539755 -0.45451 -0.0456673 0.707107
966 2.0327 0.6682 0.1335 0.542519 -0.451242 -0.0453198 0.707107
967 2.0368 0.6693 0.1342 0.544823 -0.448373 -0.0461485 0.707107
968 2.0409 0.6705 0.1352 0.546793 -0.445917 -0.0466451 0.707107
969 2.0451 0.6716 0.1362 0.548203 -0.444112 -0.0473063 0.707107
970 2.0492 0.6727 0.1372 0.549836 -0.442066 -0.0475224 0.707107
971 2.0533 0.6741 0.1383 0.55142 -0.439991 -0.0484127 0.707107
972 2.0572 0.6751 0.1395 0.55302 -0.437932 -0.0488297 0.707107
973 2.0611 0.6763 0.1407 0.554796 -0.43568 -0.0488356 0.707107
974 2.065 0.6776 0.1421 0.556687 -0.433259 -0.0488605 0.707107
975 2.0687 0.6787 0.1435 0.55855 -0.430887 -0.0485575 0.707106
976 2.0725 0.6797 0.145 0.560285 -0.4286 -0.0488058 0.707106
977 2.076 0.6804 0.1465 0.562038 -0.426368 -0.0482043 0.707107
978 2.0796 0.6813 0.1482 0.563422 -0.424581 -0.0478081 0.707106
979 2.0831 0.6821 0.1498 0.564752 -0.422809 -0.0478169 0.707107
980 2.0867 0.6829 0.1516 0.565789 -0.421349 -0.0484446 0.707106
981 2.0901 0.6835 0.1533 0.566593 -0.420151 -0.0494596 0.707107
982 2.0937 0.6841 0.1549 0.566971 -0.419414 -0.0513383 0.707106
983 2.0971 0.6847 0.1565 0.567385 -0.41861 -0.0532875 0.707106
984 2.1004 0.6855 0.1582 0.567825 -0.417769 -0.0551686 0.707106
985 2.1038 0.6861 0.1598 0.567618 -0.417745 -0.0574339 0.707107
986 2.1071 0.6867 0.1614 0.567728 -0.417357 -0.0591448 0.707107
987 2.1104 0.6872 0.163 0.567646 -0.41725 -0.0606693 0.707107
988 2.1137 0.6877 0.1647 0.567376 -0.417471 -0.0616611 0.707107
989 2.117 0.688 0.1662 0.567578 -0.417138 -0.0620619 0.707107
990 2.1202 0.6884 0.1679 0.567673 -0.416987 -0.0621985 0.707106
991 2.1234 0.689 0.1695 0.568161 -0.416319 -0.062224 0.707107
992 2.1264 0.6892 0.1711 0.56831 -0.416187 -0.0617513 0.707107
993 2.1298 0.6898 0.1727 0.568272 -0.416164 -0.0622474 0.707107
994 2.1328 0.6905 0.1743 0.568403 -0.416021 -0.0619965 0.707106
995 2.1358 0.6909 0.1758 0.568476 -0.415985 -0.0615832 0.707107
996 2.1389 0.6917 0.1775 0.56877 -0.415705 -0.0607402 0.707106
997 2.1419 0.6921 0.1789 0.568702 -0.415983 -0.0594638 0.707107
998 2.145 0.6927 0.1803 0.568956 -0.415739 -0.0587413 0.707107
999 2.1481 0.693 0.1817 0.569366 -0.415388 -0.05723 0.707107
