4.018157958984375 0.27679309248924255 -0.6357848644256592 0.05002603682639713 0.02280622602210404 0.06173608839980066 0.11220378765766706
0.7077811360359192 2.8880717754364014 -0.5355546474456787 0.09390589557346907 0.03307467915275049 0.10968277938404138 0.12158521815917853
0.7661986947059631 -0.09187023341655731 -0.6461275219917297 0.0392286530551796 0.023490163105345574 0.11678393919338521 0.04544212408882872
0.9900637865066528 1.9143906831741333 -0.45942455530166626 0.05860716458120761 0.048623562973483005 0.1517088814455813 0.17461458355686815
-0.15777039527893066 2.9128332138061523 -0.7372334599494934 0.052077559489700186 0.024337131363298105 0.14846931493610135 0.11407281825677046
6.266095161437988 2.8333029747009277 -0.6905307173728943 0.11540557327318678 0.10293303003666679 0.16510536578842455 0.12587039778198092
0.18922322988510132 3.1456170082092285 -0.537891685962677 0.07115419876559284 0.037963052573996646 0.0899966218891389 0.0832758398590687
4.065488338470459 1.6510035991668701 -0.4328582286834717 0.09009032497805217 0.05757275402187098 0.10882627633424662 0.14823552328352427
1.307311773300171 0.1770545095205307 -0.9200509190559387 0.058724028382825845 0.03258722522010152 0.1561203579104962 0.07377339895051249
-0.25771450996398926 2.854440927505493 -0.5945455431938171 0.07144504789820413 0.04589664803216782 0.1410327097161176 0.09209003355435566
0.4131019115447998 0.8676686882972717 -0.8323915600776672 0.03351699134013308 0.020453706007887304 0.1403230508848476 0.08450455515261134
2.3638527393341064 1.7278836965560913 -0.9262772798538208 0.039680718337738785 0.036516992265477936 0.11888137414676983 0.06815055067179364
5.2171125411987305 -0.4276948571205139 -0.6415666341781616 0.09475734143577275 0.0845139483773203 0.1290773768996969 0.1641630992610167
1.784940242767334 0.12073220312595367 -0.4989163875579834 0.09730273090228028 0.07495341420191758 0.10301563086476483 0.12474312923507726
6.303981781005859 0.8167469501495361 -0.7917036414146423 0.07692232109748279 0.04330478313744935 0.13602255175215616 0.08952292181024313
0.40302619338035583 0.9927388429641724 -0.7767063975334167 0.06843419090656774 0.03377490668039674 0.09540802442844144 0.10172412323546834
1.9842429161071777 2.4655797481536865 -0.7592453956604004 0.1190478079876828 0.09590083310674777 0.16167016773546702 0.1678858003703494
0.0760369747877121 2.7235875129699707 -0.5076535940170288 0.09222141800597652 0.09195698767932707 0.13043965772497237 0.12364043408029857
0.9786722660064697 0.3340510427951813 -0.6667181849479675 0.10116581582165529 0.07020491630160361 0.13632273700340122 0.17369294005275115
-0.0891517698764801 2.761793375015259 -0.7658268809318542 0.07498652283233273 0.036697426181030474 0.10015343094757892 0.12695116492485156
1.6178733110427856 1.063992977142334 -0.7505074143409729 0.038726649361423685 0.03619773069057422 0.08042058877175903 0.06941885990526234
6.3732380867004395 2.762312889099121 -0.8716525435447693 0.05594568891317554 0.023591255312361267 0.11743686961141729 0.0699840718038503
-0.32030507922172546 -0.5386469960212708 -0.7929760217666626 0.11760267435271503 0.11065860614827283 0.14797306331470017 0.17322324298839215
1.8518016338348389 2.0775177478790283 -0.5664574503898621 0.03646760203706433 0.02134037527960437 0.14929225933873386 0.08797478588524882
-0.07437270134687424 1.3182095289230347 -0.9092192053794861 0.11049722667283021 0.04158026288936323 0.13833909310368842 0.14391077080361814
1.7588210105895996 2.5244500637054443 -0.5855729579925537 0.10378065239153753 0.09774785426520576 0.10529176930393669 0.14680186027879702
1.9611480236053467 0.10156603902578354 -0.7092781662940979 0.06912817959679073 0.0687482140719043 0.1799574488026462 0.08957335154057303
4.719681262969971 1.74295973777771 -0.3540251851081848 0.0777323916868923 0.028473998093096337 0.13274097652975592 0.08684566814135126
0.6912912130355835 0.02141755074262619 -0.8553599119186401 0.04694187254565678 0.021200580514387363 0.05968223650967932 0.12752617698131075
0.9639673829078674 2.6242482662200928 -0.8192434906959534 0.11032212045507508 0.03365071755581818 0.13256778982529174 0.13245556222470667
3.272521734237671 1.9189010858535767 -0.807201623916626 0.09782201637982954 0.037904607741489016 0.12497756645721608 0.10484871883705837
0.6041756272315979 0.06429919600486755 -0.8967161774635315 0.036389823931578975 0.029991054939407246 0.13679658073972978 0.16769739991937402
6.2645649909973145 2.2623894214630127 -0.49509039521217346 0.07655102223887664 0.03179716350799483 0.0933858770469628 0.14753963197088826
4.991391658782959 1.0730966329574585 -0.39384546875953674 0.053609106097426334 0.030892754391125696 0.07708878311728021 0.17624363370766954
2.4997825622558594 1.3917686939239502 -0.35568132996559143 0.10406777032180797 0.09348026089600836 0.1515071121340528 0.13689346433553332
0.8214226961135864 -0.8650069832801819 -0.8961288332939148 0.07399432268033768 0.05283590860222197 0.137892125816034 0.1559690351619523
1.200034737586975 2.7833728790283203 -0.8168371915817261 0.06821504684866814 0.06388788916638799 0.11579245035403907 0.12414690665008568
-0.46172764897346497 -0.6793767809867859 -0.8308073282241821 0.05925231305934567 0.024895524143309002 0.060899804109826906 0.11058611059492152
4.198703289031982 1.8667186498641968 -0.6345381140708923 0.09387693730230255 0.07938802612934269 0.11108399640967619 0.17456984777060508
6.386316299438477 2.022951364517212 -0.5476558804512024 0.11536561173319411 0.05762303979630708 0.12691530434592485 0.14106142216465467
3.5638275146484375 1.59419846534729 -0.9116697907447815 0.08314215844135286 0.03418872712845655 0.13189664145352784 0.1425611167965785
0.45539528131484985 1.2807180881500244 -0.41967079043388367 0.07773657670946986 0.046638782948698665 0.11881887069068736 0.13837600291827987
6.285985469818115 1.1792173385620117 -0.7289237380027771 0.03929997150146647 0.023798502408741064 0.042011710418076505 0.16929102428792167
0.8813530802726746 1.2836765050888062 -0.6213039755821228 0.05385433564597271 0.039819288054139375 0.16816826254429237 0.07817169140255634
5.0261335372924805 2.0669384002685547 -0.7722464799880981 0.051100756313164256 0.02089600938850281 0.10459175324883377 0.11807094394756909
-0.03291207179427147 -0.8621005415916443 -0.4255305230617523 0.05778570108848195 0.03830530545200484 0.12704705414473494 0.15584392235050237
5.974649429321289 -0.17362654209136963 -0.7089479565620422 0.08469216149401484 0.04632030689176937 0.15744001480348233 0.0850608519625734
1.475774884223938 2.3777074813842773 -0.7135503888130188 0.0810675007707108 0.06399984141868419 0.1327004045094763 0.17761010684400147
4.4496355056762695 1.6456868648529053 -0.8299548029899597 0.07710573332024867 0.06515251328184757 0.10368474774330878 0.09520343648304896
0.39799511432647705 0.9389452338218689 -0.5029891729354858 0.08660066474468202 0.03903841534360002 0.15295993428305382 0.1195357161512944
5.035049915313721 1.4999709129333496 -0.7622402906417847 0.05811506476929498 0.027470943208354456 0.09553992742503815 0.0912758760515537
0.7203483581542969 2.163395404815674 -0.5871810913085938 0.11636848789046722 0.06141219353882066 0.13423525155119645 0.119207459525455
0.3780592679977417 1.1688584089279175 -0.6205635070800781 0.09590419310621572 0.03281630294881295 0.1104447820640574 0.10994383679069204
0.49678468704223633 1.4585723876953125 -0.8863654732704163 0.06398753412492289 0.027114957013341063 0.10223903126065942 0.08153553451138668
0.6010132431983948 0.7835873961448669 -0.7280761003494263 0.07007095473794892 0.05134046333889271 0.16148005511430658 0.11224343411683987
-0.1820588856935501 0.14510349929332733 -0.33729788661003113 0.044061322217829164 0.03303881159604852 0.16629610436010042 0.16964467575172743
1.1806694269180298 2.596975803375244 -0.5804195404052734 0.11486604118760503 0.08820900360943051 0.14340213410664682 0.12912069641465782
0.3118613660335541 2.2633087635040283 -0.8847346305847168 0.09024275766174364 0.06212806439226477 0.14922917411834727 0.11818640442936891
0.7941909432411194 -0.7275457382202148 -0.7078538537025452 0.060336254541661485 0.029507449898329513 0.13004057642599676 0.07225472354062173
0.14490735530853271 0.19450616836547852 -0.5753323435783386 0.09179535636099992 0.05945403704390774 0.16229941883153987 0.1586383760547005
0.0013704006560146809 1.1526226997375488 -0.643366813659668 0.10083509683409901 0.057856243687068 0.11582469554321553 0.1616978899184968
6.397649765014648 0.6732486486434937 -0.3279051184654236 0.037748548803844366 0.02397187731471259 0.0953169927417963 0.0677779143024648
5.007558345794678 1.8435214757919312 -0.795459508895874 0.07162008489130446 0.03428540149461224 0.17003995342580752 0.14429230232328555
1.8378396034240723 3.0755679607391357 -0.5112441182136536 0.07437440431127475 0.048348737117606136 0.15299685601903018 0.07732564596914128
5.794351577758789 2.9091217517852783 -0.9213643670082092 0.0673084269319516 0.05676817620039662 0.08297341139907462 0.16471312754832915
0.09646829217672348 0.9393336176872253 -0.805025041103363 0.05057876281552971 0.04269489679341008 0.10530637556798891 0.08294531883983498
4.662539482116699 0.45608583092689514 -0.3431939482688904 0.06848515419426882 0.04058533965705259 0.16664742316105036 0.16376673599407982
3.973755359649658 0.2528795599937439 -0.3742285370826721 0.05712511453871333 0.024527645434706764 0.12353819925391611 0.1542257318251676
1.9446640014648438 0.004736207891255617 -0.6612343192100525 0.08712001312422722 0.041517907632758144 0.1363351622713158 0.138771571892079
0.7313191294670105 0.16077272593975067 -0.7932824492454529 0.05813399707986963 0.02888837366761792 0.17413118403100233 0.129703694974446
1.7341634035110474 3.1414742469787598 -0.862588107585907 0.06977006896882831 0.060461967205439435 0.15540742960715298 0.16585911346370896
0.5497589111328125 0.08284865319728851 -0.7620407938957214 0.08010873405419865 0.043979034785088224 0.17081922385043885 0.10031493080633755
4.391359806060791 1.8407886028289795 -0.7956278920173645 0.05486562179915987 0.042791891950976824 0.09541496826358081 0.07959138609538086
3.3401055335998535 1.8979357481002808 -0.5095134377479553 0.08746255670593243 0.022357586853524694 0.14387279859716362 0.17010474495079653
1.1826422214508057 0.11166412383317947 -0.553087592124939 0.09494650675958657 0.0389157423942245 0.14386750908338122 0.11603710293413186
4.206367492675781 1.7807267904281616 -0.6057599186897278 0.03238150055856054 0.02576378469483731 0.057162701496074816 0.05047634452645413
0.6879169940948486 2.4758505821228027 -0.39438554644584656 0.09551434544039464 0.07077470694902835 0.09855196541195081 0.10357947812161725
3.0979933738708496 0.4062328338623047 -0.6727036237716675 0.08225240842818052 0.05960608573928977 0.08710783962702934 0.13236206804626072
1.048735499382019 -0.6879799365997314 -0.6655486822128296 0.033787557123452175 0.028023770836438974 0.04295008840243 0.1214021792470486
1.1383494138717651 0.49674737453460693 -0.6925139427185059 0.07308313982302622 0.02980771044090442 0.13644523600238284 0.12042979690496132
-0.320747435092926 2.820058822631836 -0.8426903486251831 0.05659811287021006 0.03793248890384432 0.1669981388053073 0.16474700367111667
2.4314191341400146 3.0278778076171875 -0.3294111490249634 0.06057727190781166 0.029028789657163382 0.07204596692290172 0.1318525850571356
3.3836240768432617 1.6146808862686157 -0.43442970514297485 0.06117335191984323 0.04488124755447712 0.08055285316942194 0.09346900964327481
2.4905307292938232 0.609952449798584 -0.45293325185775757 0.056025631390940946 0.04288454072870693 0.15079876627774697 0.17141409438605648
2.540966033935547 0.33279699087142944 -0.4160722494125366 0.09411306239383516 0.06300684015475772 0.17496623648787935 0.14228760387421735
6.142047882080078 -0.5469991564750671 -0.7575417757034302 0.07453111227574431 0.022190325820229482 0.10115970910929567 0.177837276835387
1.4804507493972778 0.21270975470542908 -0.43267062306404114 0.08509169536629511 0.060354957564165826 0.11871850796243938 0.12746540763119557
0.0173356831073761 0.06850045919418335 -0.35718637704849243 0.10538787993104207 0.03727702020081798 0.13180980415989876 0.12966606828801888
3.6270201206207275 1.6630065441131592 -0.721545934677124 0.1116385656177143 0.10679823751286724 0.14005090057626016 0.16074919879314084
-0.3367871642112732 2.5689282417297363 -0.3525281846523285 0.07436623469899897 0.057048261547456944 0.14350040713340728 0.09074296566800032
2.896214008331299 0.5078105330467224 -0.4873855412006378 0.10308054153551179 0.05286477348653927 0.10730979686014797 0.1684203025260431
0.9563876390457153 0.9175937175750732 -0.6661123037338257 0.1053864062628079 0.07342499121843671 0.11252019743046261 0.15604846742406647
0.40021848678588867 0.5720680356025696 -0.7172175645828247 0.06674438857106246 0.05887695541058051 0.13609827274235048 0.08121945154531526
0.9188061952590942 -0.6577461361885071 -0.6991169452667236 0.05615373780680282 0.03843368361743255 0.17631637376978318 0.1529743670343756
0.06919582188129425 2.7237038612365723 -0.639942467212677 0.10676175434672615 0.06925571144997392 0.12760817199575736 0.1631997656009326
1.204264521598816 1.1993449926376343 -0.7146959900856018 0.03793347454548222 0.03182464864132362 0.1605244804493302 0.14119457496747248
0.6154229044914246 1.2928813695907593 -0.8510692715644836 0.04935957069857577 0.021287299683422477 0.17302057256061043 0.09103305266874777
0.7902629971504211 -0.626068115234375 -0.7005208730697632 0.08923169880942389 0.07410102482419768 0.13045805325514356 0.17899277289606114
2.776951313018799 1.568519949913025 -0.785513699054718 0.054112360261931246 0.04508300845669545 0.09024186750383748 0.17255165279238652
2.818033218383789 1.1534504890441895 -0.734089195728302 0.11588958260675132 0.021771025792652967 0.15569096722584738 0.1646169858431815
1.0809839963912964 1.1727581024169922 -0.9215324521064758 0.04025721054531705 0.029521536114459637 0.09100757977493451 0.05409192292949411
1.197620153427124 0.2559621334075928 -0.7659469842910767 0.07510693439873073 0.03525819007402686 0.08428050726895783 0.10246581214574242
2.112065076828003 -0.026732230558991432 -0.8234761953353882 0.11074353604012585 0.030370440774625203 0.17684247842084266 0.12604603135888454
0.5446702837944031 0.022315016016364098 -0.6124792098999023 0.042147897957423935 0.02288162277131254 0.06662155630815225 0.16837158699585575
4.923972129821777 0.6562533378601074 -0.8506158590316772 0.058775693967193995 0.038042585461167004 0.11557170293396637 0.07536371310485462
4.636667728424072 1.4249193668365479 -0.7678770422935486 0.11432931936560911 0.10229204978754439 0.16599745758697776 0.17304642810856488
0.9403277039527893 3.065420150756836 -0.6563103199005127 0.032601907283366906 0.02666009651926596 0.08853867281995834 0.14834581908431943
5.100980758666992 -0.6265665292739868 -0.5398893356323242 0.08327117319289416 0.07320652438110549 0.13496121564498473 0.15761696636134884
3.631474018096924 0.45894330739974976 -0.8162380456924438 0.11734964630955785 0.05305508105692071 0.14032920388188022 0.16291209465960413
0.44605618715286255 0.6924774050712585 -0.4657704532146454 0.09231110717895027 0.08961654723543944 0.1030546071204497 0.1707270147193961
6.429083347320557 2.9192256927490234 -0.6325978636741638 0.09918139088199451 0.0644731572748864 0.11008518366927865 0.10199286229141737
4.485130310058594 1.7656620740890503 -0.5305954217910767 0.0771511000444148 0.06087673323864773 0.13395531200955346 0.08971872628704304
5.03422737121582 2.031120777130127 -0.47524893283843994 0.06587778387827933 0.03723526338339897 0.12246194102272934 0.13771293242680416
1.157546043395996 0.3459070324897766 -0.8789471387863159 0.03852883335439486 0.029365425342053046 0.13882560480286954 0.07404122331823343
0.26623430848121643 2.029508352279663 -0.5261358618736267 0.05565169420668204 0.033272225645652145 0.14458250365633757 0.09337804833399585
2.513042688369751 0.2312210500240326 -0.6576781272888184 0.10693897385098965 0.02912957160151958 0.11135129970305907 0.13520579820200523
1.4518558979034424 -0.8812060952186584 -0.6895174980163574 0.059180329790847905 0.053288989582010435 0.12753908124963864 0.11100313048576933
1.2282730340957642 2.8933322429656982 -0.7634046077728271 0.06297992002552652 0.03240407620781938 0.13136164826533994 0.07724553583062099
1.1376045942306519 -0.5826031565666199 -0.705712616443634 0.11243160945377925 0.11013885013150837 0.15885544659885645 0.11442123330468601
0.5548092126846313 -0.2661969065666199 -0.4652097821235657 0.08814999813229837 0.024282076229474182 0.1223771268739268 0.09254157447766098
4.568523406982422 1.7605401277542114 -0.839105486869812 0.06514417125041855 0.048504262758942346 0.16290834539778298 0.11473847767817025
0.8127238750457764 0.08344604074954987 -0.7353848814964294 0.07133120434050821 0.051467931220995106 0.0883119126510165 0.1049230376823219
0.19455139338970184 -0.7505632638931274 -0.8190454244613647 0.07128129137852263 0.037620220965085605 0.10462093652151525 0.1218496080415156
5.634731292724609 -0.608279287815094 -0.42800867557525635 0.06191214929430211 0.025338466284535056 0.15856540724362722 0.07335030923855795
0.5536658763885498 2.629377603530884 -0.5070728659629822 0.0829476068722362 0.04626803334039359 0.1406949846342343 0.12882731035771755
1.5917418003082275 3.01546311378479 -0.49841731786727905 0.05211095260465701 0.033183228878465365 0.1294717015161361 0.1118615569962185
5.4712347984313965 -0.9944401979446411 -0.7716326713562012 0.08545191715641753 0.07121033313051041 0.11859507579470736 0.13913875760840566
6.326251983642578 2.512664556503296 -0.5271475911140442 0.10011408383700532 0.021081808139456804 0.10115421201895235 0.1587703288321999
1.2049493789672852 -0.3662486970424652 -0.41732972860336304 0.11528999964545167 0.0265019082410387 0.15586899715389163 0.14074763467428533
2.0872092247009277 2.6248667240142822 -0.41805100440979004 0.08156035263835654 0.0650704158208699 0.11375495014952726 0.16295648989808625
1.0618336200714111 1.4858300685882568 -0.5860990285873413 0.11141158690150126 0.02305448940367724 0.11577907837308789 0.1476482464778858
0.42061156034469604 0.23165622353553772 -0.7679798007011414 0.05995281522595701 0.02464321720795387 0.09423059067363505 0.0849157208821572
3.7496697902679443 0.4155406951904297 -0.3330952823162079 0.04744924696698875 0.03508058936114587 0.09258596612763556 0.0728892741474085
1.4224172830581665 1.2132339477539062 -0.9254895448684692 0.1055833835711203 0.06161125266898666 0.15328823737725755 0.1562158243162081
1.2957929372787476 0.5896157026290894 -0.5983698964118958 0.04083869792623735 0.021926547057618335 0.04671309928726623 0.11582357023435538
0.8599374294281006 -0.581866443157196 -0.4414670467376709 0.03219545922743507 0.028902269661817755 0.08041577750543635 0.17378916540423053
3.9992923736572266 0.19237564504146576 -0.7934719324111938 0.08486728776487154 0.04415261403530931 0.11480595493713446 0.10263380559134933
5.246029376983643 -0.2557911276817322 -0.5615733861923218 0.06723088375333451 0.044390365856995004 0.06760678623993295 0.0698335198412598
4.785540580749512 1.209611415863037 -0.5474952459335327 0.10663415152814161 0.04205274643812876 0.1261593434757906 0.12772731952518263
2.4193406105041504 1.680296540260315 -0.7828682065010071 0.08535720998523184 0.08333462813944151 0.1285762705248568 0.12187916101158047
6.185940265655518 -0.5675299763679504 -0.6210358142852783 0.10526108036847748 0.04546754000092763 0.15306654536018804 0.16440176107476956
3.2503247261047363 0.3544728755950928 -0.5471227169036865 0.08709707078939757 0.047970440032160305 0.09315404429112809 0.16311472247999784
2.5137619972229004 1.9204050302505493 -0.3479388356208801 0.07442123860943474 0.06481614021928107 0.17999260857615262 0.17793718186182822
0.2980956733226776 0.45946428179740906 -0.3387841582298279 0.05815419096717815 0.020338554157278893 0.1293497215121308 0.05831304686438658
-0.11327763646841049 2.2938966751098633 -0.375964492559433 0.04172813857099057 0.025941446104593903 0.08715493186761696 0.13086837710632404
4.864083290100098 0.49508461356163025 -0.9028544425964355 0.08961637059078298 0.04160061090032183 0.1637106005632963 0.13664523007319568
0.6359483599662781 2.7985076904296875 -0.46802663803100586 0.04327030016424422 0.027231751804022295 0.135659977419034 0.06458692354900736
6.1499834060668945 2.8652050495147705 -0.45482441782951355 0.07512595857242241 0.05681086055738205 0.16530106501555691 0.17698603819670916
2.5034899711608887 1.0716825723648071 -0.842890739440918 0.08540558956758651 0.036650405054466366 0.13555388414772873 0.17405885591276934
1.2368332147598267 -0.4177633225917816 -0.7587677836418152 0.03907337574668113 0.033543494151403286 0.045557076834967625 0.11716486816205138
5.531372547149658 -0.48649129271507263 -0.5651620626449585 0.07058467428452948 0.036663145812513426 0.12896061213767018 0.1288717719512886
0.7769807577133179 1.3743782043457031 -0.5583987832069397 0.1054751348653557 0.0254191941358013 0.12927284671006367 0.17509139789803013
3.92783522605896 0.5104828476905823 -0.5085917115211487 0.11952454397371111 0.082087737151667 0.1565698549470677 0.13494044293307392
4.537882328033447 1.4362720251083374 -0.5407818555831909 0.055258386354378054 0.030250711460317364 0.16374012795706658 0.06605506195630134
0.5074884295463562 1.298646330833435 -0.6414936184883118 0.058278745342884415 0.020723651588965743 0.16095419942146308 0.17132043769006627
6.21094274520874 -0.13387653231620789 -0.45936211943626404 0.03880431456114568 0.03067797554165438 0.10341868299114534 0.11433444687414232
0.7219177484512329 1.0888372659683228 -0.619131326675415 0.04949676501247363 0.02722918681465342 0.15791899032877865 0.16787041351536153
6.326639175415039 2.594158172607422 -0.3969925343990326 0.06689013320799778 0.02871505367481369 0.10461484057598724 0.17445367504603237
4.534339904785156 0.36508598923683167 -0.6040596961975098 0.055955360770639236 0.025097020015319823 0.1156271222818336 0.07685475186552775
5.38615608215332 -0.4093165099620819 -0.4711557924747467 0.05653965738751014 0.051267649837946086 0.10950320088232568 0.16655777542944683
5.533973693847656 2.0784268379211426 -0.7890640497207642 0.05416001157862779 0.022702812978613554 0.10130946616811193 0.1779669712612914
2.243384838104248 0.043818291276693344 -0.8810715079307556 0.0767371431823376 0.06487624541347359 0.1442415603125772 0.1308588200733281
5.124747276306152 0.5167103409767151 -0.9153097867965698 0.08691321452247122 0.07932693245021147 0.17154764034920839 0.10062032046480926
0.971897304058075 -0.6163309812545776 -0.5423809289932251 0.0695268918875108 0.06136828501413999 0.0917060497461 0.0838674832727136
-0.48719653487205505 -0.2728302478790283 -0.6210536956787109 0.03691013649864846 0.03546719238424845 0.041547783841605235 0.07269407516705706
0.27500981092453003 2.641367197036743 -0.4983799159526825 0.11050803860540256 0.10186910053576065 0.13344599025395731 0.1614580526697931
0.3752155303955078 0.006480300799012184 -0.9201894998550415 0.09499047652319771 0.0486044081194354 0.15875769515260557 0.10765790066007895
0.7008057236671448 1.7372723817825317 -0.6406571269035339 0.11880420650585358 0.045203963335074995 0.13651673559062527 0.15628587722304182
6.443442344665527 0.610704779624939 -0.9014909863471985 0.11279380180658959 0.08958749929472595 0.14917890981709578 0.16050901833488693
5.2202043533325195 -0.3783665895462036 -0.36267372965812683 0.05180726159613888 0.028349750328511048 0.08805362205709226 0.07105281239918981
5.380796432495117 -0.4769650399684906 -0.5115817189216614 0.09166102204295973 0.04654162770010628 0.12111311352584603 0.11434395609611857
0.7161827683448792 1.228902816772461 -0.6249880790710449 0.046043551269182 0.021403688242195622 0.05257565135665566 0.1627406888456408
6.047572612762451 -0.3502068519592285 -0.7970813512802124 0.0884427056430396 0.08464965314969605 0.17255435305418332 0.12817575743133344
2.1005430221557617 2.656071662902832 -0.6673751473426819 0.03417165011932354 0.0229407388201476 0.07293634133604501 0.1637586960492723
0.7786841988563538 2.005115270614624 -0.5277860760688782 0.08448203726266437 0.08278666938513021 0.13281922068279728 0.09633704862745845
0.9913144707679749 2.103236436843872 -0.918231189250946 0.11253897570360367 0.09894911052648304 0.11997296755587833 0.13252653195883432
2.06406569480896 2.334306240081787 -0.6271808743476868 0.10795177750840873 0.02461455743797843 0.13953242889328576 0.1084214810226362
-0.33910802006721497 2.640287160873413 -0.8737857937812805 0.09414287418129372 0.024552113942077642 0.15772048764511426 0.13493308925361544
5.638382911682129 -0.5211347937583923 -0.7592799067497253 0.09965401191606521 0.04109852214083959 0.16640583796321762 0.12188770126490102
0.2517232894897461 -0.15317603945732117 -0.3933313488960266 0.05981116834328057 0.0341741674556529 0.12074216613077451 0.06392642110436558
2.3496174812316895 0.010501954704523087 -0.7223542928695679 0.05893539069693271 0.03282201499572818 0.16009703953148108 0.06986613366722406
6.364447116851807 0.7881743311882019 -0.6744717359542847 0.041863463301114484 0.024221269436044864 0.14976830050295076 0.08036485616821025
2.7551109790802 0.5383443832397461 -0.8248502016067505 0.054384889055995804 0.027770004742572685 0.06524128493606596 0.09533432637391867
4.997376918792725 1.8091886043548584 -0.911144495010376 0.11798806545919971 0.0813493774037936 0.1351772114458143 0.1284841888598394
1.6796884536743164 2.9399397373199463 -0.7729065418243408 0.04167463037083748 0.026826895236987797 0.04504773100932358 0.07475199036859645
0.40145641565322876 -0.7608447074890137 -0.5172035694122314 0.04315683422618751 0.025236204517757658 0.17794582077632487 0.1775175375905093
4.70770788192749 0.9419764280319214 -0.46443015336990356 0.04859689340149531 0.04630314862800116 0.09037585654843926 0.127205924518275
0.6680867075920105 3.129096508026123 -0.6213470101356506 0.05197780811252359 0.051013850943446695 0.10541806684430778 0.0955161741680137
5.184624671936035 0.4299524128437042 -0.8368428349494934 0.11975075036679776 0.06491123068037717 0.1598004851542295 0.16026342028731272
3.8155057430267334 0.44501230120658875 -0.6310974955558777 0.049220336601809675 0.041399469658866636 0.12869751493814974 0.14068048935223154
1.103477120399475 1.7059434652328491 -0.569503903388977 0.06987622784015433 0.02125950091427596 0.1257573033303711 0.07006858543783541
-0.14201168715953827 0.7239987850189209 -0.6866376399993896 0.05984288176425871 0.056740071222004945 0.1406672451325438 0.09693974566314897
0.7770423889160156 -0.2115710824728012 -0.650873601436615 0.06852321475368235 0.05677503533145485 0.12480394946570103 0.16967173823619947
-0.22007423639297485 2.828796863555908 -0.34897834062576294 0.05360683047402076 0.0498015840580152 0.0919461863799711 0.1665183858792142
-0.009142028167843819 0.12012739479541779 -0.5629909634590149 0.0793774759182668 0.06489724036216979 0.1493817741239002 0.14003878499887043
4.988880157470703 -0.6364601850509644 -0.8453570604324341 0.08929152001589727 0.046121016946473775 0.13417907482274166 0.09106158398554653
6.277296543121338 -0.3025185167789459 -0.8173629641532898 0.11053164281852737 0.03609768629994359 0.15451158703874066 0.14972968040324197
2.8855395317077637 1.7165772914886475 -0.5789685845375061 0.10031054282680323 0.050941892130712846 0.10055822171953485 0.16855700129601697
4.5489325523376465 0.6313424706459045 -0.4493066966533661 0.03719690835496243 0.0319320388562234 0.1344638903969583 0.0563383418782704
0.5010921955108643 2.2376465797424316 -0.9105356335639954 0.07363130021008757 0.06004883718837546 0.16653516997417492 0.16486242625256378
1.64274263381958 -0.002252476755529642 -0.6408320069313049 0.039492239209630825 0.029131115978770245 0.07463240458851725 0.13407384549864326
2.623913049697876 1.8946325778961182 -0.7039615511894226 0.07814099278978139 0.07473883592853792 0.08173908347982667 0.0900805730247776
4.0471696853637695 1.6887593269348145 -0.9046244621276855 0.06217194798382593 0.0340834795012503 0.10692608069961007 0.07502305227074962
1.5110995769500732 -0.6496667861938477 -0.4985416829586029 0.10096689375693815 0.020191007161230207 0.11286858212258219 0.11146337898148065
0.25304317474365234 1.8000037670135498 -0.7723665833473206 0.06876053224487294 0.06723447340987823 0.10820748907713684 0.14775940154907766
1.337451457977295 2.7960004806518555 -0.5044068098068237 0.04339550788050122 0.03772215779454089 0.1623834796119499 0.14157680632559186
1.2268826961517334 0.3977057933807373 -0.6410627961158752 0.03276833522035858 0.021810994775928776 0.1220825121285905 0.04563911552930803
0.7179827690124512 0.5410507917404175 -0.5719929337501526 0.0818341353560198 0.05794159972893152 0.17243930676281638 0.10971952287186942
3.1251509189605713 0.41136276721954346 -0.36823606491088867 0.05533024011708907 0.04400441990008951 0.09392708968931932 0.08117731888701865
6.421489715576172 -0.8492045998573303 -0.6829613447189331 0.07780405312572564 0.024650427987145344 0.09623620280503968 0.11770273724161552
5.965197563171387 -0.3487493097782135 -0.4584401249885559 0.11907176226258104 0.06505961971445506 0.14471450929543753 0.16973592920402217
0.7594528198242188 1.0179797410964966 -0.3434062600135803 0.035581285368969276 0.020433586825277093 0.15482999261708186 0.09123753028899591
3.321643590927124 0.18294605612754822 -0.50887131690979 0.054111288412618856 0.035134122864275405 0.12982392715691515 0.12576754673268917
4.03447151184082 1.7787092924118042 -0.7885905504226685 0.11071349788911028 0.03694954756742869 0.16935651406943855 0.1290910608036252
0.7899875640869141 -0.05338286608457565 -0.5335867404937744 0.06498286345610174 0.05033342258067886 0.09354599159038811 0.08791299349089782
2.9524450302124023 0.33250537514686584 -0.627087414264679 0.09293600881082112 0.08770195942452845 0.12816982036709204 0.13121422947296385
6.333616256713867 1.4005391597747803 -0.4225839078426361 0.0750378962979761 0.037681836211478095 0.08692348126398489 0.1406219106291484
5.96125602722168 2.166917562484741 -0.8936501741409302 0.03790496837158361 0.03607913731348371 0.07333592797614696 0.1244342257720808
0.6018029451370239 1.702243685722351 -0.6921648979187012 0.032882116055607875 0.020142795596455227 0.12621631071120612 0.03479844331277648
5.0721211433410645 1.1518341302871704 -0.9165026545524597 0.10377743732828472 0.05419372457321281 0.164798169605291 0.1658312897259156
1.2545270919799805 1.9969137907028198 -0.8724517822265625 0.0962172072452272 0.03938519108350694 0.11317028574664269 0.13704488311099458
-0.09950821101665497 1.9642630815505981 -0.5016239285469055 0.04650386481996822 0.02331288748083618 0.1607737166335765 0.1094506007701102
0.01815829426050186 -0.8153650760650635 -0.616378128528595 0.03755066364663992 0.0228963636471557 0.1335036600798312 0.1408108584742951
-0.4918379783630371 2.7790212631225586 -0.45958518981933594 0.05410345171288037 0.04714313855153736 0.09923501971816377 0.16460625332412973
1.1476032733917236 2.956231117248535 -0.7199403643608093 0.11792813290219907 0.053613965991795146 0.1548816754387759 0.17831870180022275
4.013467788696289 0.16470427811145782 -0.6008355021476746 0.0830767559670117 0.03412940599741297 0.1051164700394942 0.1341476394979957
0.8131499290466309 2.1120693683624268 -0.5625044703483582 0.034351008493822395 0.02718869194195995 0.14512739541196462 0.05731458718098316
6.526103973388672 1.041257619857788 -0.9153258204460144 0.1020881842749798 0.023475583262872964 0.17811898793126824 0.16860047515804916
2.3631880283355713 1.6014703512191772 -0.3452564477920532 0.0757262798149968 0.059122591329108326 0.09688622187735167 0.1342602018308182
6.52704381942749 -0.11847059428691864 -0.6001919507980347 0.07588342377517591 0.025437019280224155 0.09304140017113594 0.11564250353787453
0.9646573662757874 2.6206893920898438 -0.7448150515556335 0.056080932734767434 0.049883271993471895 0.09422021965494864 0.10053468648326332
0.06749800592660904 2.5139822959899902 -0.8045029044151306 0.06488934320424636 0.05404248874489807 0.06767084355628104 0.09020695065285038
0.5833539962768555 0.9358452558517456 -0.47044190764427185 0.08551191577903797 0.08534567666656384 0.1468170807479973 0.10429863636990093
1.126119613647461 -0.9122088551521301 -0.6611009836196899 0.09915018420225846 0.045632786903955294 0.12484763635315128 0.15305828162587753
1.0064749717712402 2.0142507553100586 -0.8248591423034668 0.04397766669532005 0.03719408528071439 0.1658787302283446 0.10187010484806276
0.8767178654670715 1.331852912902832 -0.9270102977752686 0.041669228105549946 0.037565160440714916 0.12935450900427353 0.1282884710617345
1.3682602643966675 1.7511482238769531 -0.3612728416919708 0.09487227647305943 0.0375170554004313 0.13010181783999383 0.11081658670947817
2.398707866668701 1.7362819910049438 -0.9035958051681519 0.10370712328768762 0.07769887531202707 0.17461821587352272 0.16689596330386067
1.4403806924819946 2.8015546798706055 -0.7547200918197632 0.08717210247219295 0.061576713468535826 0.09358964824516762 0.09060966781350814
1.515893816947937 -0.6745545268058777 -0.7258735299110413 0.06155685853774419 0.05611304733891115 0.062378619525579326 0.06573759216340422
6.019197463989258 -0.5749934911727905 -0.4189511835575104 0.06553255206484457 0.0290412392537774 0.09017854605437825 0.1431060161720484
0.8169529438018799 1.8150877952575684 -0.7601436376571655 0.07047696354485214 0.021733911597988518 0.1224214917203687 0.15393375450294727
1.3948029279708862 -0.4454292058944702 -0.46535515785217285 0.04161609629854897 0.037578646791228264 0.14138115845425497 0.15763229820772162
-0.048836514353752136 -0.8123494386672974 -0.547937273979187 0.039092768431288394 0.02013101239222633 0.05395946213665166 0.14810323513932744
4.311514377593994 0.45954349637031555 -0.45193782448768616 0.11529955088774792 0.058825801229034816 0.13809893981803062 0.11676671614772899
0.22570918500423431 0.9651738405227661 -0.8800723552703857 0.11175300932273921 0.039879890460892825 0.17923637627087455 0.15268256609992512
3.362750768661499 0.2967737913131714 -0.538858950138092 0.07725517430783115 0.0536505440754971 0.11939604059283875 0.10595595571988053
1.0133322477340698 0.05829382687807083 -0.35907673835754395 0.09614694077077604 0.06147480862482829 0.15247705666195038 0.16824297882097897
2.20963716506958 0.9632744193077087 -0.7639369368553162 0.09950588419514236 0.06816721820812607 0.16127131107884984 0.17308906605613844
6.3073225021362305 0.049070995301008224 -0.7066648006439209 0.11294901107151908 0.040773967357418804 0.17941918880378221 0.17836737110854395
1.0595159530639648 3.021120548248291 -0.6860232949256897 0.09959452741770654 0.07739405665396464 0.14900945843672553 0.10942708788675481
2.3130033016204834 1.0682001113891602 -0.7301462292671204 0.09722802031005155 0.06992436329919667 0.10946465937174743 0.13276538932812673
-0.452503502368927 -0.9012321829795837 -0.41866251826286316 0.10694256124002416 0.020786430946986876 0.11050767734356816 0.1787428328838206
-0.2407803237438202 -0.41059696674346924 -0.47257086634635925 0.06896266718891308 0.0323589784716366 0.12836866169027542 0.1379188786620882
0.47101491689682007 1.3877267837524414 -0.5037230849266052 0.034891687161464256 0.02754575037785948 0.09345999642395109 0.15832337094681775
6.4962310791015625 1.771970272064209 -0.7376673817634583 0.1075685059789326 0.06244856418430514 0.15503307679836964 0.1540771937087746
0.07351405173540115 1.4349678754806519 -0.4653264582157135 0.0973783148406883 0.03355039517381301 0.1467077505543233 0.10977869780198286
0.379681259393692 2.3572206497192383 -0.392352819442749 0.06633452357116254 0.028567639061569762 0.08391271336647278 0.1523454678454046
1.303436040878296 -0.7253121733665466 -0.3569873571395874 0.03869871845468725 0.022150742352300332 0.135528242030741 0.08027971664502373
0.9073425531387329 -0.05949549749493599 -0.598127007484436 0.10326106989754459 0.07793652937635448 0.13778690214783845 0.15498343922464802
0.42722681164741516 1.732175588607788 -0.3688126802444458 0.10954713897637154 0.08294488062263274 0.12184349559937367 0.145906844159712
0.23742660880088806 2.6108856201171875 -0.6854371428489685 0.04621712990626632 0.03136607408885259 0.10979442321772785 0.14718450161048924
1.2565886974334717 0.018818773329257965 -0.578285276889801 0.08745682011218608 0.08267383498918995 0.1204871426694957 0.1417285031578561
2.640864133834839 0.4907308518886566 -0.7488394975662231 0.08338526033844351 0.04793438474022431 0.10426233683863562 0.1310067927599415
6.299544334411621 1.995667815208435 -0.5984981060028076 0.10657105303675712 0.06516774484334284 0.11832057452951665 0.16909188581256454
1.510581612586975 0.14563149213790894 -0.7893875241279602 0.067943838389773 0.034307442164695945 0.13910045807724788 0.11325400471157235
0.3646160066127777 0.3442498445510864 -0.7372397780418396 0.05232212009229456 0.022171448778330383 0.1036018840878943 0.09259967164027177
0.6354629993438721 0.3950554430484772 -0.358567476272583 0.10259505729380186 0.09117657032139465 0.14317104842803338 0.17538576348162427
0.5512545108795166 -0.959179162979126 -0.34270724654197693 0.10087895530672766 0.04219136224238897 0.158187291839836 0.12820068212044455
0.14202462136745453 0.7337100505828857 -0.8779985904693604 0.035240558923622746 0.03327831975194167 0.07404947168193582 0.13990116738594405
-0.3000127673149109 -0.04522021859884262 -0.577303946018219 0.0873367824216277 0.054369207921071125 0.13942938308127859 0.0877412446192507
0.8765588998794556 -0.3174479603767395 -0.712571382522583 0.07782017928577649 0.02871536403478033 0.1362270280172059 0.16515378502031192
1.2391841411590576 -0.32220083475112915 -0.5836150646209717 0.10569093261852361 0.052247822874227315 0.1203483282412424 0.11715415275720945
6.280675888061523 2.507899761199951 -0.7051246166229248 0.03881290851475283 0.03190283740191754 0.1426746728558521 0.13195709020516092
5.886396884918213 -0.9243459701538086 -0.4464596211910248 0.04245887729567057 0.038737811126461984 0.05197876889360571 0.1327507255689671
6.3421311378479 1.0077799558639526 -0.5149144530296326 0.07739766291350583 0.029211948179095188 0.16506738952911482 0.0879338357160703
2.7994942665100098 0.8912713527679443 -0.6407685279846191 0.05516386390638093 0.030457904106932165 0.1348624082610102 0.16796405158098732
6.326869964599609 1.2502321004867554 -0.33844712376594543 0.09663311205568852 0.029005232387159532 0.11848156421548803 0.10450908188356114
1.344169020652771 -0.5483429431915283 -0.8005161285400391 0.0847362251201621 0.02339453135453872 0.15133308094498274 0.11698086532416338
5.576662063598633 2.053659439086914 -0.764306902885437 0.037674372933191244 0.024572484235564802 0.17865986248483678 0.13057758332609615
0.3337128758430481 -0.5759323835372925 -0.40250450372695923 0.0552112633566975 0.053255709958989775 0.09318802754879185 0.14373768385290203
0.2088865041732788 2.1893930435180664 -0.43577998876571655 0.10322968088538034 0.07777000925338813 0.13182883033035359 0.11707780268657406
0.47638624906539917 0.2901935875415802 -0.7321301698684692 0.0730384475373681 0.06167954786479855 0.10792128587523298 0.10995130962762319
4.812041759490967 1.11750328540802 -0.49494045972824097 0.08750624324464083 0.028842747674293366 0.11773826283569727 0.1172711823188847
4.66581916809082 0.36707571148872375 -0.7859616279602051 0.08770168069651832 0.020269910392507366 0.1255618469613508 0.15884105889618846
2.6317062377929688 0.8373156785964966 -0.7196367979049683 0.05780968375208876 0.051323989253416843 0.1693909648243249 0.1682358650953458
6.456063747406006 2.2215161323547363 -0.36620500683784485 0.09340550980980589 0.05764593769228177 0.17631501229819035 0.12644888299555274
2.8447084426879883 1.600506067276001 -0.44408950209617615 0.046288797460264285 0.04361660101366506 0.1583859255685314 0.08938357735525759
5.515444278717041 -0.47472772002220154 -0.9157417416572571 0.1061749472715007 0.07370466371699555 0.13887912463366922 0.16950953282096737
0.31869956851005554 0.830177903175354 -0.6457636952400208 0.08563855676381671 0.04053320895274241 0.1609952696528113 0.13164798811884587
6.28550386428833 2.045405864715576 -0.6798327565193176 0.07995670075582884 0.027832555175421617 0.12172058616187584 0.09252449832869826
-0.045817434787750244 0.3425399959087372 -0.8772251605987549 0.08202534566745429 0.04818385420236299 0.1162532545302016 0.15236256888502958
0.2924392521381378 3.1674787998199463 -0.4654645025730133 0.07194231881072508 0.034736537359623704 0.12017879932763943 0.1769486228042954
1.7110095024108887 -0.3167768716812134 -0.35298457741737366 0.11299020308838562 0.05262028568797443 0.1429367966617548 0.12361750624451572
2.626270055770874 0.802974283695221 -0.6842923164367676 0.05124116710146828 0.04478058219279431 0.07170868457143853 0.12661512367471717
0.7588595747947693 -0.027444077655673027 -0.3415566086769104 0.06142840427002647 0.03182541209514956 0.09620836652421105 0.11916239761969916
0.29334506392478943 -0.4231005311012268 -0.7036915421485901 0.05811602540503985 0.029825162793065536 0.13293850707066746 0.14078455484644392
0.6452363729476929 -0.8334690928459167 -0.7789788246154785 0.04019184004164358 0.03291123236369978 0.15907003145799573 0.08557253666931777
5.316359043121338 -0.3740521967411041 -0.37073245644569397 0.057449524570983984 0.0421860273694377 0.07958309589302896 0.07016411224944702
1.0883665084838867 2.20585036277771 -0.6335937976837158 0.1028387892827858 0.046355895402899513 0.12950287048334536 0.12326769841417849
0.7483959794044495 1.9401752948760986 -0.3511454164981842 0.06346750170295254 0.03400389045274849 0.09192967543485364 0.12702172553270263
1.557142972946167 2.788719892501831 -0.6830199360847473 0.03292137068001389 0.030400966487486466 0.13485511380120685 0.15652528056414983
2.196225643157959 2.3086512088775635 -0.21641886234283447 0.09110097766965092 0.08281256420543134 0.16133220141898336 0.1311253535927499
4.109572410583496 1.6900534629821777 -0.4556289613246918 0.11508280922959511 0.11005175136744304 0.14815906051929328 0.16262557582420828
-0.7204797863960266 -0.6528773903846741 -0.5549827814102173 0.05177510111517085 0.037227679721601514 0.1424609458319591 0.06044324322171156
0.8751221895217896 1.83076810836792 -0.9097210764884949 0.07339901700392007 0.02204984002823771 0.07888225559874192 0.17553539903788618
6.131829261779785 2.6977031230926514 -0.3687019944190979 0.09871864230083108 0.02887187639847187 0.10197690020184343 0.15874558451233126
0.20616857707500458 -0.5553553700447083 -0.7696892023086548 0.040622295759931246 0.04038254257328491 0.0771657727308466 0.14964768183159632
5.031178951263428 -0.30702483654022217 -0.4415784180164337 0.03530941473803289 0.031191912381484586 0.051398290930632654 0.05542991617033201
0.4542827308177948 3.040253162384033 -0.9205281138420105 0.11937874350641703 0.027840788776509556 0.12732234587156463 0.12430453506538279
2.7766809463500977 0.7250683903694153 -0.8673475980758667 0.04227635631431352 0.020413659187508232 0.10445085818577787 0.17093104495017886
5.571686267852783 -0.12241208553314209 -0.8087710738182068 0.048634484960284996 0.04660889646456368 0.08707432148819107 0.06136081071590458
1.2528934478759766 2.20198655128479 -0.8940522074699402 0.04659681216223417 0.04357744506253252 0.10309792634138368 0.09718352855259217
0.6328938007354736 -0.19002269208431244 -0.8172955513000488 0.08299452252858676 0.06346422212013939 0.14804314217625192 0.15553960691592197
4.97458553314209 1.476861834526062 -0.4890936613082886 0.03810472531351855 0.035572209886930946 0.13060458894593138 0.06909417471130816
0.3280312716960907 0.7008089423179626 -0.6160362958908081 0.09375962120637243 0.08487839541143527 0.15103738310966838 0.17074291907586792
5.965194225311279 -0.7392515540122986 -0.8896244764328003 0.06397162258658637 0.054264357896194534 0.15442543561811206 0.13931144776508697
0.7164115905761719 -0.7408900260925293 -0.8166614174842834 0.10983686539695167 0.0947063555907042 0.16883621504796426 0.173612983909258
4.672079563140869 1.9319427013397217 -0.8414323329925537 0.10082850507552249 0.05027700111430899 0.13803382167323341 0.10940432720273549
1.3086540699005127 2.9159111976623535 -0.5664299130439758 0.09928091636669897 0.08511914252679915 0.12030030687841592 0.14615852507628999
5.989841461181641 2.579387664794922 -0.7794989347457886 0.0874894868802955 0.04729364594160415 0.17418590387529717 0.15760131385180579
5.776332855224609 3.0862090587615967 -0.5764080286026001 0.05142599271256228 0.04664205020162074 0.10731981295282458 0.05756491799178862
2.381941318511963 1.9061998128890991 -0.9114313721656799 0.03664377107948072 0.03050990421391145 0.10612405414293653 0.1597991496685025
5.060046195983887 1.3542779684066772 -0.8077915906906128 0.09455046173854352 0.09018837964531333 0.11520654348296225 0.13837391043747352
6.44138240814209 0.3236388862133026 -0.8030399084091187 0.047794730204784225 0.021169661612588726 0.09872823481666684 0.13952432800974313
0.7879754304885864 -0.05882077291607857 -0.6077674031257629 0.08617470408550902 0.03962607666292535 0.15251035951648534 0.17229510692467948
2.4310500621795654 3.150402784347534 -0.8599299192428589 0.10265505825881407 0.07450911864552925 0.10864425803123348 0.1162357703856571
1.7041534185409546 2.279892921447754 -0.560321033000946 0.1071210108489767 0.021842253608714394 0.15475422823675877 0.1530546434864006
5.4835591316223145 -0.4121052622795105 -0.501602828502655 0.08912094866007526 0.06716829839864631 0.17600114870190747 0.12794656661623818
-0.6291893124580383 -0.9639559984207153 -0.870540201663971 0.058058780390543296 0.05010950233757229 0.147704546627284 0.17508759437182708
4.887792587280273 1.7763779163360596 -0.7366047501564026 0.04215649673311435 0.03965741062528862 0.14991176955032082 0.11631655399270358
0.23930945992469788 -0.2895105481147766 -0.7047700881958008 0.10580965282117509 0.10060401072254777 0.13307693493578443 0.12503605194438322
5.605098724365234 -0.10912799090147018 -0.5393711924552917 0.11651506426487832 0.039256907728697735 0.11827028264920886 0.1305393154631752
2.145254373550415 0.06277575343847275 -0.9212241172790527 0.09727546970109467 0.02074247453638383 0.1163362707484464 0.17381548398465302
0.573284387588501 2.2018117904663086 -0.8012331128120422 0.09409684979286931 0.07416219603346987 0.16749894239725027 0.1773771011343186
5.104397773742676 -0.06908537447452545 -0.6336641907691956 0.08995014585808378 0.03080765909475635 0.13891299587058945 0.09075046812645021
6.157406806945801 2.1053740978240967 -0.7051460146903992 0.1112685009012096 0.09176014105051712 0.15081781186868737 0.1798437025577342
1.9460986852645874 2.9791882038116455 -0.795581579208374 0.037579780770513146 0.029356571393185447 0.05392751244726658 0.07124776548132906
1.7410719394683838 -0.868070125579834 -0.9247152805328369 0.041226722939126714 0.022855991181927385 0.09390254241182229 0.14787061959833284
3.5896944999694824 0.3900981843471527 -0.33873996138572693 0.08554961119048109 0.07935853125956618 0.1325377138454363 0.08999564175499837
2.098054885864258 2.937147617340088 -0.48684972524642944 0.07382787180278366 0.034384458971495606 0.14815286718948045 0.11351628462063253
-0.6520858407020569 -0.15417279303073883 -0.40364187955856323 0.08996177024551984 0.033583157137440145 0.17127497616242926 0.1454331379440706
3.363874912261963 1.827728271484375 -0.7019927501678467 0.03417182149725982 0.023654578622004582 0.0819048614807177 0.1570892087110328
5.952471733093262 -0.2894150912761688 -0.7401619553565979 0.10763648801651303 0.03672005375590329 0.12112042723655857 0.12975165014937173
4.637183666229248 1.002623438835144 -0.7934141159057617 0.08074572771134622 0.0601293835275164 0.14997603328831455 0.16243013703156217
6.213873863220215 0.8759456276893616 -0.33264198899269104 0.10261770308844549 0.06882343855792496 0.16438110911163356 0.16592767020402113
1.9036117792129517 2.891040325164795 -0.6187079548835754 0.04298724068397711 0.022219975223670335 0.1730830356674503 0.07734358483867124
0.8361822962760925 0.05509533733129501 -0.4779740571975708 0.05277845306734572 0.03650621391628114 0.13680641964513127 0.08735490471598586
0.5868245363235474 -0.7766174674034119 -0.46539875864982605 0.03665686184669997 0.020971060745330915 0.048392052775781805 0.13966324371532535
5.543483257293701 -0.6803871989250183 -0.6161256432533264 0.08863616619372196 0.04871988668113835 0.10106788809719254 0.14860232437252546
1.1858655214309692 1.2872346639633179 -0.7243120074272156 0.033785193786328827 0.03247091908003967 0.11813145705672279 0.051347929150003926
0.861920952796936 0.07661686837673187 -0.5397986173629761 0.09619507656005133 0.04486598264560167 0.1594869994724616 0.167316647051173
-0.0579397939145565 0.9491556286811829 -0.5343831181526184 0.10699159082489663 0.0921523084374222 0.1279881284164831 0.1307029779239413
0.8914814591407776 -0.13569338619709015 -0.8463581204414368 0.09879083576880278 0.0655432448291342 0.10382830219041758 0.1763282599811664
0.03514353185892105 2.530611038208008 -0.41389772295951843 0.07061421846134 0.06034520078993247 0.07443266373202291 0.09411744632317647
0.48898202180862427 1.9481643438339233 -0.7331886887550354 0.05737817563835282 0.04252978931280072 0.1320218257850997 0.07989097879534587
-0.010893180966377258 0.08518113195896149 -0.33424755930900574 0.056330086563558826 0.05492364664282748 0.16823245769213058 0.10220933217963205
-0.6869269013404846 -0.43523216247558594 -0.4080343544483185 0.06715682678599132 0.029446501585444707 0.1638659147121173 0.13759724165449938
4.7349114418029785 1.2810471057891846 -0.5698440670967102 0.03809682575446033 0.024593378694668183 0.10248192117877922 0.0633572929574419
0.09660719335079193 1.8562347888946533 -0.4633518159389496 0.08038154409228493 0.042272852712577344 0.08524693113875507 0.13370282725799235
0.28252536058425903 2.7734367847442627 -0.6434020400047302 0.07440988164395188 0.05240148154051562 0.08244067072744826 0.13865534007319807
1.6606471538543701 2.8822507858276367 -0.7159777283668518 0.0718597460139064 0.07114226895317191 0.07730151362019659 0.08529341542281328
5.0915117263793945 0.026191581040620804 -0.869104266166687 0.11823156543767728 0.03591487396448155 0.11994741819610362 0.14951374211099172
6.281927108764648 -0.7109218835830688 -0.8627510666847229 0.05348981244606601 0.03559437943588329 0.13379501925022372 0.1411401774313309
1.0836536884307861 0.2977374196052551 -0.6244691014289856 0.11459700763733231 0.0846589738291612 0.17421985321312783 0.12729483265431607
2.2349724769592285 2.072608232498169 -0.6320560574531555 0.07146223492781092 0.06502319771971782 0.1671521743887368 0.1485554963706635
1.587829351425171 2.4803481101989746 -0.4069957137107849 0.033300981459461185 0.023643692247357607 0.06934376893192004 0.0588345658796046
6.084312915802002 2.1824893951416016 -0.8793017268180847 0.08606263324681998 0.07340346459518322 0.14308087437856498 0.13769486182225305
6.433564186096191 1.5483200550079346 -0.5052632689476013 0.08641358461873805 0.05488388632009544 0.0958231192597008 0.09402653945925162
5.695074558258057 2.656499147415161 -0.34631240367889404 0.04501778599789401 0.027987805333359726 0.16412654047325625 0.09801060080430128
-0.5571074485778809 2.943284273147583 -0.38951772451400757 0.05030846669542009 0.02310970605767948 0.1595063360676885 0.1463789374346433
1.0582698583602905 -0.8928745985031128 -0.4993278980255127 0.08890515338932678 0.08861508973699318 0.17502796629266623 0.12863997929807558
4.610033988952637 0.8035688400268555 -0.7460747957229614 0.06413057048050116 0.031905104602773515 0.16961496706601548 0.17365607587660864
2.2633414268493652 2.5397093296051025 -0.638652503490448 0.058596100728548865 0.05350206492448069 0.08643407480834808 0.15620255035544187
0.6329376101493835 2.36457896232605 -0.8931442499160767 0.05462810590237514 0.027614058672083632 0.16770415053086196 0.1232567902886677
1.9817246198654175 -0.06687705963850021 -0.7226902842521667 0.1180006123689052 0.0706193862856125 0.15592395528483513 0.15320156822925085
6.013190746307373 -0.7939110398292542 -0.6937575340270996 0.07427109899687706 0.05734552554102976 0.13678916364984448 0.11384831818752161
0.24632909893989563 2.3944904804229736 -0.7765049934387207 0.0729609321115691 0.024166299797000426 0.16692062681856223 0.12091048556119464
6.432959079742432 1.142523169517517 -0.9080345630645752 0.11059995279936438 0.09919298801270163 0.14068573352673724 0.11149666056650696
4.6456379890441895 1.6497631072998047 -0.744616687297821 0.10933504495371615 0.10680164581023188 0.12222604510644075 0.16947677179563886
2.3135993480682373 3.1189475059509277 -0.912652313709259 0.04212409619869331 0.032125235247852046 0.10823973555750593 0.05326112943131028
-0.44562074542045593 2.347294807434082 -0.6248496770858765 0.11723126257701927 0.09891281911590911 0.16394706555392097 0.12560722063682264
3.7312920093536377 1.5979517698287964 -0.4840731620788574 0.055326138229276386 0.0321946865952715 0.13626291282492392 0.16244342661385575
6.361408710479736 0.648524820804596 -0.4970824122428894 0.06553824935516372 0.021917399696849294 0.07146918783094304 0.11467441211844412
1.852108120918274 2.1203250885009766 -0.30932819843292236 0.10084392638543005 0.10039980778665616 0.13485825272454124 0.14251949283084017
4.008196830749512 1.68777596950531 -0.5491584539413452 0.06329134409620465 0.04887211154597641 0.16726777111383462 0.141293143768092
2.2728984355926514 1.338333010673523 -0.4485761523246765 0.04954479413221288 0.025690859212433408 0.09542880922341149 0.08882748809832398
1.3288019895553589 0.3753425180912018 -0.748447835445404 0.1082901696483818 0.059764995859539066 0.13152290412703732 0.15415216931010162
5.485395908355713 -0.9548201560974121 -0.42719706892967224 0.10044376220423638 0.04725700721406381 0.11103606157274612 0.13348146874266598
0.8221383094787598 0.25974562764167786 -0.7373580932617188 0.09581436296090663 0.03678105790255152 0.1114201945447799 0.12897519631558924
1.220402717590332 2.1448376178741455 -0.42092254757881165 0.07784751775270231 0.06884500690459407 0.09965921777213474 0.17465511456391114
5.614491939544678 2.279358148574829 -0.7381569743156433 0.05404135015179313 0.03836926863950134 0.15509210133983112 0.057866202810428286
-0.04875947907567024 2.907059669494629 -0.8625614047050476 0.06022765230764182 0.026659465333065534 0.16898588602938874 0.07765672596248613
4.180509567260742 0.3295002579689026 -0.7497353553771973 0.08026254562302966 0.020768792548590567 0.09643368183619715 0.14047364334038887
3.8339922428131104 0.24486114084720612 -0.7660490274429321 0.08169250964804742 0.02885855896262029 0.11962030146876293 0.11056403033163895
2.4157798290252686 0.6911414861679077 -0.5925142765045166 0.1199351907227429 0.0776168378739582 0.1583894549962828 0.13165316356694345
1.3872209787368774 -0.32143619656562805 -0.9092269539833069 0.060818056328388756 0.03671797796732766 0.11732772706465062 0.109973279118873
1.6660184860229492 -0.3510494530200958 -0.5523836016654968 0.06244669496964261 0.05739149208803075 0.1548635453502295 0.10592267352984755
0.02211114950478077 0.054634589701890945 -0.6716505289077759 0.09022001551611022 0.0497624619763425 0.16835639932713237 0.1312636766050116
6.443397521972656 2.4433958530426025 -0.7748528122901917 0.11438798032247123 0.10688686738521021 0.13369590924928643 0.11439434626668349
0.8160358667373657 1.5133724212646484 -0.5177825093269348 0.10508679264231495 0.10034082745265002 0.17933299551975745 0.16352532156569433
0.032830242067575455 1.5228577852249146 -0.5906892418861389 0.07197934810633337 0.04728254664777765 0.14856309729052058 0.10638669836006756
1.494105577468872 -0.9693843126296997 -0.515364944934845 0.08422564256483137 0.07146724356954998 0.1061413701252078 0.1356415488850467
1.7921892404556274 0.04263574257493019 -0.4200252592563629 0.06888234664422141 0.061300581506023535 0.17148702924995543 0.09182524440390911
0.5160717964172363 2.6118931770324707 -0.3712402582168579 0.07610864198565767 0.02844868379678122 0.08322670464550318 0.07996914334804303
2.5236191749572754 1.3758854866027832 -0.36058762669563293 0.08817107700684751 0.050004675010243624 0.14028686536681154 0.16017609526250026
2.3458499908447266 3.0021939277648926 -0.48607268929481506 0.1104140552411782 0.0837994778435717 0.17536205128241683 0.16676106104667537
-0.11601515114307404 1.1535946130752563 -0.6498457789421082 0.033552943197078376 0.026914499463943278 0.13637780855119225 0.05133248659234582
0.426810622215271 -0.04437948763370514 -0.5521724820137024 0.07521573246160773 0.0728138602338402 0.08798694421323659 0.11350023134287567
4.591996192932129 1.9480948448181152 -0.8173598051071167 0.03529979834309036 0.02127446462419918 0.09155415606752404 0.10767966251661806
1.0840984582901 -0.08955664932727814 -0.7161741852760315 0.10023225194662069 0.030021416968071722 0.1779790410235325 0.16049359041834493
0.32189667224884033 2.9448227882385254 -0.7348455786705017 0.04608066785239329 0.03979412619642881 0.118154930043882 0.05207689911597403
3.741572856903076 0.2876458466053009 -0.6890534162521362 0.06084067997127941 0.05084875353614553 0.11641201063397658 0.07969199371955125
2.9207069873809814 1.3874273300170898 -0.9004393815994263 0.10673628259410424 0.0476882072774915 0.17026307601559298 0.1749324939976204
0.5062243342399597 1.002923846244812 -0.7767732739448547 0.04991923630964144 0.021143322123738168 0.12076055190669516 0.12249554626571935
2.329139232635498 1.0855909585952759 -0.6207419633865356 0.05502798172397007 0.0481221123851749 0.0833637220231522 0.0597935091690549
-0.33228954672813416 -0.6559978127479553 -0.8677540421485901 0.11539025948451061 0.05448607487775574 0.1620287178011457 0.17826926654320457
-0.3791651427745819 -0.8524193167686462 -0.8488409519195557 0.09270414703134279 0.07972162511226774 0.09414937374315484 0.13374068658037014
4.626990795135498 1.3059059381484985 -0.47646674513816833 0.04991360560206555 0.02545082370713188 0.08794948932039659 0.1606006079220092
1.7032713890075684 -0.4720858335494995 -0.5727126598358154 0.04125906875545327 0.029300789824834757 0.12193843928851175 0.07443674178802018
4.695839881896973 0.7879164218902588 -0.8843215107917786 0.06176834617831675 0.02950627205646706 0.11391063094755273 0.11527792540838361
0.47641512751579285 1.5292611122131348 -0.7998061776161194 0.07875722877875554 0.07509242125943631 0.12277547402791722 0.13234182978519507
6.105050086975098 2.0856189727783203 -0.7691219449043274 0.07217316085436604 0.06940069096167362 0.07302884892603771 0.15709327228515169
1.441615104675293 -0.18418172001838684 -0.5587299466133118 0.1048202984990377 0.06994174784730417 0.15580698405520013 0.16412346807419814
6.531162738800049 -0.9829986691474915 -0.83101487159729 0.10584181331068253 0.0875143491797906 0.13200084306752052 0.12238738695774301
4.869430065155029 1.1587576866149902 -0.62494295835495 0.11889499934559308 0.08780473967355208 0.15427487888597474 0.14733506181752987
0.9497985243797302 3.0688419342041016 -0.4961593449115753 0.09017983645212271 0.032521476762190075 0.11117438719203059 0.14212068088925708
-0.5440576672554016 -0.02743828110396862 -0.5322653651237488 0.03857354558153697 0.0217087491974997 0.1192695302148849 0.1583719366478245
2.0671141147613525 0.09487778693437576 -0.6097273826599121 0.09612088964512532 0.047581731833257306 0.13565057960371352 0.11730788979709705
-0.13345786929130554 1.8006991147994995 -0.4931146502494812 0.0692653851505243 0.056553738633861025 0.11412754174472958 0.17370535940214074
0.30927225947380066 2.7028539180755615 -0.5153504014015198 0.07781017678231109 0.045394022109046035 0.10528330806752606 0.09288445723327377
0.8203385472297668 0.14208094775676727 -0.7744073271751404 0.10213000563471474 0.06514015105983458 0.12742880327629091 0.16540837583219792
3.451388120651245 0.3151242434978485 -0.42011144757270813 0.043240759891366325 0.035553625843525116 0.09805750142419283 0.085490753214913
6.000879287719727 -0.7143368721008301 -0.7472746968269348 0.04271029249925518 0.035528545195595 0.08999062085857643 0.14991244188678385
3.1440443992614746 1.7330334186553955 -0.6098863482475281 0.038429259065889156 0.029340147036157626 0.16389245361617358 0.07446798949544169
1.808564305305481 -0.4595768451690674 -0.7385526895523071 0.11244379154896035 0.08728615469126282 0.13836736635286345 0.12168786277905622
4.82957649230957 0.9904559254646301 -0.3665095567703247 0.0852060493428595 0.031651883660634546 0.12552934722151063 0.15768591579000937
1.8027323484420776 2.9496192932128906 -0.6054444909095764 0.10748104140916238 0.07647285831493265 0.1474439466936962 0.16742417080163516
1.611231803894043 2.7918717861175537 -0.7587627172470093 0.10700419527654201 0.07970137608057898 0.17920315456780828 0.15175884087081873
2.866133213043213 1.530255913734436 -0.7672240138053894 0.06366939908647631 0.05813104182049614 0.15584174573036885 0.13091861390841542
0.7547736763954163 -0.3321724534034729 -0.7008072137832642 0.07468269346156023 0.050911111797300276 0.11634958011279839 0.17790458495750794
2.938080072402954 0.1938670575618744 -0.3856056034564972 0.0888552337998445 0.04644140388635405 0.09862977954194829 0.09070520433367488
4.428043842315674 1.5790796279907227 -0.7096693515777588 0.04492264817949016 0.04227281916997114 0.1405084872582344 0.15318315794717566
2.024125576019287 2.379331111907959 -0.36061739921569824 0.052348956305104125 0.04594766610040368 0.17757921415059613 0.10030395181570884
1.5771600008010864 2.650326728820801 -0.6675053834915161 0.10067160121017246 0.027944488906486823 0.13342418729846778 0.11489038320554841
6.457278728485107 1.7628083229064941 -0.6089367866516113 0.05261306500005081 0.02443737723102059 0.14836973099026207 0.11529105821761257
-0.5059117674827576 3.0702438354492188 -0.921306312084198 0.04198633488102239 0.03658002613910513 0.05108148612745567 0.05586204664827462
4.3982343673706055 1.533595085144043 -0.6632719039916992 0.0650743697880945 0.020908846528179564 0.08717859186489603 0.12024563270028664
6.465885639190674 1.5122555494308472 -0.8772706985473633 0.0383058320095877 0.020960900273030086 0.05274237765615945 0.0876754617458313
0.057693999260663986 3.003635883331299 -0.5348920822143555 0.07321160941705111 0.05677199342761875 0.10452943329693375 0.14653206612206487
0.6145973801612854 1.6081347465515137 -0.49608832597732544 0.06631942859599461 0.04265109925389763 0.1457964621925501 0.13151775265733961
0.04599250480532646 1.6025429964065552 -0.6963256001472473 0.03466402536768679 0.02719405290382122 0.134982302522407 0.04543277134398595
-0.5366088151931763 3.2104227542877197 -0.7559422850608826 0.10256046769754049 0.07280444699979209 0.1231848828274775 0.17308412730075934
0.4049769341945648 3.096439838409424 -0.752061128616333 0.11360876072731176 0.021446616269954887 0.11593355124633498 0.12899044978547136
4.738246917724609 1.3534274101257324 -0.8708739280700684 0.07083542268241277 0.05215853754314799 0.15913648311309642 0.09953726941195093
6.465497016906738 2.1955509185791016 -0.38735291361808777 0.07773968253837013 0.0760456359755932 0.07788943099255041 0.16898847703205178
2.004206657409668 2.279019355773926 -0.5177841186523438 0.09278830246060385 0.09258878772687051 0.13251161605432582 0.16179426081384268
-0.08043082803487778 3.1542956829071045 -0.48569977283477783 0.06787323126386824 0.03469327974166035 0.17991578375514602 0.1134924860712555
2.1925408840179443 0.26396289467811584 -0.5629085302352905 0.10290341616599241 0.026799997183528917 0.16073344033448062 0.11937538923273194
0.5008183121681213 0.6796060800552368 -0.4065159261226654 0.07236476008544877 0.040316538651947696 0.11865575172882736 0.14668138253070506
1.2433276176452637 0.9229083061218262 -0.36593300104141235 0.041181209790929756 0.03987629622439416 0.12147616573490333 0.08592170151101555
2.683307647705078 1.2037248611450195 -0.5299313068389893 0.11276473579869634 0.02797376699698611 0.1583208277284678 0.13499226230436207
6.022783279418945 -0.19446930289268494 -0.400553822517395 0.0995965211967251 0.03528716193026221 0.11242173637021229 0.1584222058323486
1.4144091606140137 -0.24420678615570068 -0.7686949968338013 0.09697484740746587 0.07499213186002378 0.17117955578330654 0.10596626177947474
6.307863235473633 1.315575122833252 -0.800996720790863 0.05814978777312063 0.022061438862871492 0.16904650018714845 0.11734172418663857
1.8820197582244873 2.181516170501709 -0.3821408152580261 0.0683802588932893 0.050681208983172035 0.15534831121065232 0.1523093366600216
5.796269416809082 -0.2669358253479004 -0.3508507013320923 0.07866403827805829 0.0681218952276701 0.08631743551394275 0.08870099424152011
4.921205997467041 1.7286972999572754 -0.7816200852394104 0.09554333299984687 0.08535703610619656 0.11510589518690244 0.09645762999969701
1.0755783319473267 0.5352468490600586 -0.6327517032623291 0.035126525563862566 0.028541603373747414 0.05495652358871376 0.110752720341535
5.571362495422363 3.0433058738708496 -0.3364514708518982 0.07689143619200044 0.028350760306621703 0.1576985483589894 0.08332392799134085
0.8425533771514893 -0.5712621808052063 -0.6389476656913757 0.035199482124002784 0.02272893290701784 0.14875023735297255 0.1041065918783968
6.365871906280518 0.5273275375366211 -0.5012362003326416 0.06078964770247098 0.054538230745535876 0.0898885257476278 0.16544648568397996
1.464544415473938 2.7858693599700928 -0.5761855840682983 0.06686741932116852 0.035534557918884435 0.14359379285642965 0.0849084940443984
2.795964479446411 0.21367596089839935 -0.9153923988342285 0.08650976761816553 0.03181648243119842 0.10758270911343219 0.17503635213238433
-0.3170495927333832 -0.7616913318634033 -0.6035723686218262 0.0804428094007209 0.021835374496576167 0.15428119984317526 0.09914544545573029
1.4148290157318115 1.0846912860870361 -0.4505856931209564 0.08836221981949409 0.02444118079309733 0.13933235796225865 0.12689702090878435
1.2896952629089355 2.5961897373199463 -0.5542864799499512 0.07885591973523919 0.07791722395567191 0.17344527300978646 0.09434248133182609
1.3405684232711792 0.17307518422603607 -0.4357282221317291 0.10102912683363058 0.02883931343633457 0.16691141965892903 0.141718351224154
0.3308711647987366 2.110997438430786 -0.7571017146110535 0.10955466314156896 0.07103268688721175 0.1415033459819713 0.16873129646433185
1.1893165111541748 -0.7306239604949951 -0.548610508441925 0.059149598558388666 0.04708617703414737 0.09747661371190283 0.07066044671105068
6.1262054443359375 2.4940056800842285 -0.5046244859695435 0.07874662661901602 0.07276646466378157 0.08956230374506383 0.1363267029423908
1.17001473903656 2.7829489707946777 -0.6411904096603394 0.10659477555596202 0.07568408861244694 0.17300075105810436 0.13533882670311223
1.165961503982544 1.018441081047058 -0.5424771308898926 0.11435116904513372 0.03409607586403546 0.14521806242602608 0.11564899698528025
6.174141883850098 3.1553168296813965 -0.675126314163208 0.06686055179754871 0.06531175233305793 0.17120654593205242 0.17921225952313388
5.2276763916015625 2.087895154953003 -0.824546754360199 0.042583913241912776 0.021057025193434473 0.065901978165949 0.09924719190064572
0.9335658550262451 2.3025002479553223 -0.3992747366428375 0.03292953532034009 0.02679134371524062 0.14639357058871735 0.1793559738073324
0.5209983587265015 0.6104040741920471 -0.3281228840351105 0.04519376479042752 0.02157531246039714 0.0857891205671766 0.04574511929811105
6.379321098327637 2.2837014198303223 -0.7578029632568359 0.04175291116523393 0.03952426879664918 0.06335917543758667 0.17621425025579174
5.720076084136963 2.269754648208618 -0.7071842551231384 0.11137425463534252 0.05503392690904972 0.1301273969465084 0.1680136190052669
1.625187873840332 -0.2466270625591278 -0.7709662318229675 0.07482595583266705 0.04703779343125247 0.09253096565870042 0.17336908595337758
-0.09970717877149582 2.100236654281616 -0.6059210896492004 0.08619919875494902 0.035252323542852335 0.12690246817768594 0.10112452824016438
1.4327905178070068 0.08429600298404694 -0.6758137941360474 0.08826370155631189 0.04143615621314921 0.14840069934903405 0.14017647576605136
2.4281375408172607 1.097639560699463 -0.4033290445804596 0.05801753885666489 0.050750465178592705 0.12137617323412137 0.117609382332375
1.5376341342926025 -0.16031894087791443 -0.6317379474639893 0.1169203042245301 0.08752065868690609 0.17620975069881692 0.12296362400408467
1.2912909984588623 1.423001766204834 -0.41099491715431213 0.0980830830870811 0.045769528173060646 0.17756689213424898 0.10642723800057474
0.9363568425178528 -0.7960261106491089 -0.6318540573120117 0.09727651902056177 0.0332944146524622 0.10041662672860413 0.126262377285667
2.909844160079956 0.2165023684501648 -0.66002357006073 0.06112569250162399 0.021039244698088783 0.06336115608487211 0.10020824669564155
1.1598756313323975 -0.09486011415719986 -0.5197752118110657 0.08487369138464375 0.07732840011670236 0.16753592084262164 0.15651334338213796
0.2721979320049286 1.1953006982803345 -0.5440124273300171 0.043895080485101594 0.03353360699598495 0.07291840719496849 0.09032378605207175
3.37751841545105 0.5114668607711792 -0.5973966717720032 0.09370664428139479 0.07068768220864101 0.12568897778538252 0.10885880595394744
1.8619543313980103 -0.26821058988571167 -0.7927234768867493 0.036064048995978315 0.0354751540982248 0.12352833051807277 0.10652598164391774
2.912158489227295 1.742209792137146 -0.8403045535087585 0.07611607539071501 0.04068726640545882 0.10103626042841019 0.10189049530002073
6.267030239105225 2.91422963142395 -0.7921512722969055 0.03464827574663219 0.022646558070678554 0.08241842920901095 0.03466998481616915
6.325184345245361 -0.23610615730285645 -0.6820592284202576 0.09024921851588778 0.03158880693007353 0.17157073980427723 0.09213477725828623
0.9629595875740051 2.89406681060791 -0.3464646637439728 0.1084475469760869 0.06736819717829201 0.15744617604438504 0.13826946301190252
0.8808340430259705 -0.5412448048591614 -0.5363220572471619 0.08174278376243357 0.06481726222526882 0.13094529942913247 0.11297518433711017
6.372750759124756 1.3162436485290527 -0.8028231263160706 0.061089498175749365 0.024154411972453396 0.11603612026196332 0.08800164352331426
0.727971076965332 -0.25639867782592773 -0.8790788650512695 0.11895860592966823 0.07946847825564915 0.12350081957410969 0.1322326266166892
1.2995601892471313 1.7647044658660889 -0.8058688640594482 0.07304798465843901 0.0719161108091443 0.1611027172388717 0.07852466061937913
-0.054431721568107605 2.941957712173462 -0.8971673846244812 0.0622453392468986 0.05268136173635718 0.1611675421429216 0.10499231273573661
6.543098449707031 2.3819684982299805 -0.7332823872566223 0.052397058863291116 0.04182745737347736 0.06876263509707178 0.09086916048286997
4.829327583312988 1.2084094285964966 -0.9080442786216736 0.07343492667988463 0.07086990199923245 0.09387730694453937 0.12741647100478293
6.112181186676025 2.1031410694122314 -0.8069014549255371 0.04775985176734315 0.028549275339975463 0.15167378137042548 0.048555458070820665
-0.1874767541885376 0.05868959799408913 -0.6337866187095642 0.04300446266846578 0.02428503559047317 0.08936500181706927 0.17805876166621784
3.1944072246551514 1.8407872915267944 -0.35481753945350647 0.11325564437903614 0.033564297658192195 0.12417934167072854 0.15641090229142635
4.854977130889893 1.9543845653533936 -0.5351815223693848 0.05354893543422872 0.03006944529309167 0.08904603557802886 0.13941844211064186
2.5452661514282227 1.7341015338897705 -0.4337244927883148 0.0714899950323036 0.06657440327576986 0.10725826398893748 0.13975731891983684
5.081209182739258 0.8966470956802368 -0.7494206428527832 0.04083834540736708 0.026453064261823762 0.1570681209664846 0.14163088128539286
2.6288771629333496 0.6990982890129089 -0.5501432418823242 0.06045175912864676 0.033439575892421546 0.11804083868626383 0.10387408664776757
0.34767434000968933 2.6048336029052734 -0.48369765281677246 0.11361324447671615 0.0917200945371372 0.17474499533356241 0.15923222876461854
5.569931983947754 -0.6642650961875916 -0.5232570171356201 0.11893094017261234 0.09278990856530306 0.1337694879804284 0.15123057706279977
2.7295782566070557 1.7368290424346924 -0.606386125087738 0.09592067635775522 0.05492632956525009 0.14651904377917974 0.1534211726432157
0.3110567331314087 0.8931154012680054 -0.6701061725616455 0.09549863633066674 0.07807972611397762 0.12222618460851482 0.10654875295643587
6.020523548126221 -0.6177768111228943 -0.6161929965019226 0.03677504906392921 0.020497079347082583 0.07436175850178542 0.05888797902191647
1.2106013298034668 2.754612445831299 -0.6493571996688843 0.05096582405152244 0.024433261146838137 0.11779983092095084 0.09578164025829781
0.5850679278373718 3.1879520416259766 -0.39602893590927124 0.08655390603266375 0.05164092293226144 0.08746833580428777 0.09569389725280586
6.231850624084473 0.9594687819480896 -0.4706360697746277 0.0699350904272608 0.06530827605247101 0.08774460961590833 0.11357927092440762
2.52107572555542 1.8402297496795654 -0.6550111770629883 0.077304273926665 0.07448718185466874 0.13217056246157813 0.1039455372174107
0.6513113379478455 0.8477820754051208 -0.8880266547203064 0.03483027960752313 0.026724401651335203 0.10788249658343874 0.16498319687254193
1.237059235572815 2.291013240814209 -0.5373913049697876 0.05664946882555958 0.05587642442987108 0.11449739513969195 0.13593262932006064
1.304611325263977 -0.9330016374588013 -0.8942312598228455 0.064868222151431 0.020998620548473585 0.07290937362012892 0.10031200721505823
5.103765487670898 2.078584909439087 -0.8034623265266418 0.03960379847373288 0.025680823471729904 0.04022449670222088 0.11663954277024205
1.6683168411254883 2.0224266052246094 -0.4616948962211609 0.09377481499679427 0.02677905508711549 0.11252005345152877 0.16453214845009367
6.11834716796875 -0.706757664680481 -0.4621269702911377 0.08577976144027617 0.03552712315620499 0.1431789190200528 0.11573854683698963
-0.4502873718738556 -0.6384527683258057 -0.900341808795929 0.11106256104612894 0.05530825826868105 0.14735420029023405 0.11943537034137625
0.7516005635261536 0.010638668201863766 -0.8251781463623047 0.0460585478175921 0.036429245986775174 0.17615755617153422 0.10751049129493181
0.7875056862831116 1.1570146083831787 -0.42706000804901123 0.056150539697144355 0.020467485014766418 0.15396476256815958 0.07634345349999137
1.838984727859497 2.631618022918701 -0.34951552748680115 0.11770729270504283 0.04244970788506544 0.1624471481937268 0.14862275440409642
5.632730007171631 2.0387513637542725 -0.3554713726043701 0.05233447110001599 0.04066080013633677 0.16069789701612963 0.12155295916242344
1.3556883335113525 1.4826886653900146 -0.6299153566360474 0.0871957376642198 0.037024518029164136 0.1044943108133807 0.13106610323315532
-0.55938321352005 -0.13292916119098663 -0.5794450640678406 0.09458942054427207 0.04456452428867917 0.15025169321471993 0.14892742947305648
2.799548864364624 0.5530416369438171 -0.42768925428390503 0.07038298346698392 0.06475043183737408 0.16128611330067205 0.16923679611800263
3.878129482269287 1.7269001007080078 -0.8946805596351624 0.03377163967242084 0.027283937012384525 0.039579479969324524 0.1408183254329739
4.033488750457764 0.3499873876571655 -0.847436785697937 0.06507824186049771 0.021059040842985995 0.07594409646487288 0.09520790765522245
1.815335988998413 2.7848060131073 -0.8410082459449768 0.07383502818336218 0.05581002512679574 0.08906839131703077 0.08917516069239567
6.083313465118408 2.395796775817871 -0.7654443979263306 0.10964273990924331 0.10852435108429233 0.11302197444401363 0.1533542812581526
2.7269835472106934 1.7807024717330933 -0.7210378646850586 0.09075625763119001 0.039009842202080154 0.14270474330713484 0.15979347310987374
2.197575330734253 2.552556276321411 -0.6230950951576233 0.09282211063770154 0.03222845893000912 0.12289520880607388 0.16408823551775503
