2.815335989 1.78980601311 0.348991754055 1 1 0.348991754055 0.0 0.0 0.0
2.81571116937 1.79480601311 0.355485260549 1 1 0.355485260549 0.00463821892393 0.00463821892393 0.00927643784787
2.81348894715 1.79980601311 0.355485260549 1 1 0.355485260549 0.00463821892393 0.00463821892393 0.00927643784787
2.81126672493 1.80480601311 0.355485260549 1 1 0.355485260549 0.00927643784787 0.00463821892393 0.00927643784787
2.81034320401 1.80980601311 0.358732013795 1 1 0.358732013795 0.00927643784787 0.00463821892393 0.0139146567718
2.80812098178 1.81480601311 0.358732013795 1 1 0.358732013795 0.0139146567718 0.00463821892393 0.0139146567718
2.80589875956 1.81980601311 0.358732013795 1 1 0.358732013795 0.0139146567718 0.00927643784787 0.0139146567718
2.80367653734 1.82480601311 0.358732013795 1 1 0.358732013795 0.0139146567718 0.0139146567718 0.0139146567718
2.80145431512 1.82980601311 0.358732013795 1 1 0.358732013795 0.0139146567718 0.0139146567718 0.0139146567718
2.79923209289 1.83480601311 0.358732013795 1 1 0.358732013795 0.0139146567718 0.0139146567718 0.0139146567718
2.79700987067 1.83980601311 0.358732013795 1 1 0.358732013795 0.0139146567718 0.0185528756957 0.0139146567718
2.79478764845 1.84480601311 0.358732013795 1 1 0.358732013795 0.0139146567718 0.0185528756957 0.0139146567718
2.79256542623 1.84980601311 0.358732013795 1 1 0.358732013795 0.0139146567718 0.0231910946197 0.0139146567718
2.79034320401 1.85480601311 0.358732013795 1 1 0.358732013795 0.0139146567718 0.0231910946197 0.0139146567718
2.78812098178 1.85980601311 0.358732013795 1 1 0.358732013795 0.00927643784787 0.0231910946197 0.0139146567718
2.78589875956 1.86480601311 0.358732013795 1 1 0.358732013795 0.00463821892393 0.0231910946197 0.0139146567718
2.78497523864 1.86980601311 0.361978767042 1 1 0.361978767042 0.0 0.0231910946197 0.0185528756957
2.78275301642 1.87480601311 0.361978767042 1 1 0.361978767042 0.0 0.0231910946197 0.0185528756957
2.78053079419 1.87980601311 0.361978767042 1 1 0.361978767042 0.0 0.0278293135436 0.0185528756957
2.77960727327 1.88480601311 0.365225520289 1 1 0.365225520289 -0.00463821892393 0.0278293135436 0.0231910946197
2.77868375235 1.88980601311 0.368472273536 1 1 0.368472273536 -0.00463821892393 0.0278293135436 0.0278293135436
2.77646153012 1.89480601311 0.368472273536 1 1 0.368472273536 -0.00463821892393 0.0278293135436 0.0278293135436
2.7742393079 1.89980601311 0.368472273536 1 1 0.368472273536 -0.00463821892393 0.0278293135436 0.0278293135436
2.77201708568 1.90480601311 0.368472273536 1 1 0.368472273536 -0.00927643784787 0.0324675324675 0.0278293135436
2.76979486346 1.90980601311 0.368472273536 1 1 0.368472273536 -0.00927643784787 0.0324675324675 0.0278293135436
2.76757264124 1.91480601311 0.368472273536 1 1 0.368472273536 -0.00927643784787 0.0371057513915 0.0278293135436
2.76535041901 1.91980601311 0.368472273536 1 1 0.368472273536 -0.00927643784787 0.0371057513915 0.0278293135436
2.76182949549 1.92480601311 0.365225520289 1 1 0.365225520289 -0.00927643784787 0.0371057513915 0.0231910946197
2.75830857197 1.92980601311 0.361978767042 1 1 0.361978767042 -0.00927643784787 0.0371057513915 0.0185528756957
2.75608634975 1.93480601311 0.361978767042 1 1 0.361978767042 -0.00927643784787 0.0371057513915 0.0185528756957
2.75256542623 1.93980601311 0.358732013795 1 1 0.358732013795 -0.00927643784787 0.0371057513915 0.0139146567718
2.75034320401 1.94480601311 0.358732013795 1 1 0.358732013795 -0.00927643784787 0.0371057513915 0.0139146567718
2.74682228048 1.94980601311 0.355485260549 1 1 0.355485260549 -0.00927643784787 0.0371057513915 0.00927643784787
2.74330135696 1.95480601311 0.352238507302 1 1 0.352238507302 -0.00927643784787 0.0371057513915 0.00463821892393
2.74107913474 1.95980601311 0.352238507302 1 1 0.352238507302 -0.00927643784787 0.0371057513915 0.00463821892393
2.73885691252 1.96480601311 0.352238507302 1 1 0.352238507302 -0.00927643784787 0.0371057513915 0.00463821892393
2.735335989 1.96980601311 0.348991754055 1 1 0.348991754055 -0.00927643784787 0.0371057513915 0.0
2.73181506548 1.97480601311 0.345745000808 1 1 0.345745000808 -0.00927643784787 0.0371057513915 -0.00463821892393
2.72959284326 1.97980601311 0.345745000808 1 1 0.345745000808 -0.00927643784787 0.0417439703154 -0.00463821892393
2.72607191973 1.98480601311 0.342498247562 1 1 0.342498247562 -0.00927643784787 0.0417439703154 -0.00927643784787
2.72384969751 1.98980601311 0.342498247562 1 1 0.342498247562 -0.00927643784787 0.0417439703154 -0.00927643784787
2.72032877399 1.99480601311 0.339251494315 1 1 0.339251494315 -0.00927643784787 0.0463821892393 -0.0139146567718
2.71810655177 1.99980601311 0.339251494315 1 1 0.339251494315 -0.00927643784787 0.0463821892393 -0.0139146567718
2.71588432955 2.00480601311 0.339251494315 1 1 0.339251494315 -0.00927643784787 0.0510204081633 -0.0139146567718
2.71236340603 2.00980601311 0.336004741068 1 1 0.336004741068 -0.00927643784787 0.0556586270872 -0.0185528756957
2.7101411838 2.01480601311 0.336004741068 1 1 0.336004741068 -0.00463821892393 0.0556586270872 -0.0185528756957
2.70791896158 2.01980601311 0.336004741068 1 1 0.336004741068 -0.00463821892393 0.0602968460111 -0.0185528756957
2.70439803806 2.02480601311 0.332757987821 1 1 0.332757987821 0.0 0.0602968460111 -0.0231910946197
2.70217581584 2.02980601311 0.332757987821 1 1 0.332757987821 -0.00463821892393 0.0602968460111 -0.0231910946197
2.69995359362 2.03480601311 0.332757987821 1 1 0.332757987821 -0.00463821892393 0.0602968460111 -0.0231910946197
2.69773137139 2.03980601311 0.332757987821 1 1 0.332757987821 -0.00927643784787 0.0602968460111 -0.0231910946197
2.69421044787 2.04480601311 0.329511234575 1 1 0.329511234575 -0.00927643784787 0.0602968460111 -0.0278293135436
2.69198822565 2.04980601311 0.329511234575 1 1 0.329511234575 -0.00927643784787 0.0602968460111 -0.0278293135436
2.68976600343 2.05480601311 0.329511234575 1 1 0.329511234575 -0.0139146567718 0.0602968460111 -0.0278293135436
2.68754378121 2.05980601311 0.329511234575 1 1 0.329511234575 -0.0139146567718 0.0602968460111 -0.0278293135436
2.68532155898 2.06480601311 0.329511234575 1 1 0.329511234575 -0.0139146567718 0.0556586270872 -0.0278293135436
2.68309933676 2.06980601311 0.329511234575 1 1 0.329511234575 -0.0185528756957 0.0510204081633 -0.0278293135436
2.68087711454 2.07480601311 0.329511234575 1 1 0.329511234575 -0.0231910946197 0.0510204081633 -0.0278293135436
2.67865489232 2.07980601311 0.329511234575 1 1 0.329511234575 -0.0278293135436 0.0510204081633 -0.0278293135436
2.6764326701 2.08480601311 0.329511234575 1 1 0.329511234575 -0.0278293135436 0.0463821892393 -0.0278293135436
2.67421044787 2.08980601311 0.329511234575 1 1 0.329511234575 -0.0324675324675 0.0417439703154 -0.0278293135436
2.67198822565 2.09480601311 0.329511234575 1 1 0.329511234575 -0.0324675324675 0.0417439703154 -0.0278293135436
2.66976600343 2.09980601311 0.329511234575 1 1 0.329511234575 -0.0371057513915 0.0417439703154 -0.0278293135436
2.66754378121 2.10480601311 0.329511234575 1 1 0.329511234575 -0.0371057513915 0.0371057513915 -0.0278293135436
2.66532155898 2.10980601311 0.329511234575 1 1 0.329511234575 -0.0417439703154 0.0371057513915 -0.0278293135436
2.66309933676 2.11480601311 0.329511234575 1 1 0.329511234575 -0.0417439703154 0.0278293135436 -0.0278293135436
2.66087711454 2.11980601311 0.329511234575 1 1 0.329511234575 -0.0417439703154 0.0278293135436 -0.0278293135436
2.65865489232 2.12480601311 0.329511234575 1 1 0.329511234575 -0.0417439703154 0.0231910946197 -0.0278293135436
2.6551339688 2.12980601311 0.326264481328 1 1 0.326264481328 -0.0417439703154 0.0231910946197 -0.0324675324675
2.65161304528 2.13480601311 0.323017728081 1 1 0.323017728081 -0.0417439703154 0.0185528756957 -0.0371057513915
2.64939082305 2.13980601311 0.323017728081 1 1 0.323017728081 -0.0417439703154 0.0139146567718 -0.0371057513915
2.64716860083 2.14480601311 0.323017728081 1 1 0.323017728081 -0.0417439703154 0.0139146567718 -0.0371057513915
2.64494637861 2.14980601311 0.323017728081 1 1 0.323017728081 -0.0371057513915 0.00927643784787 -0.0371057513915
2.64272415639 2.15480601311 0.323017728081 1 1 0.323017728081 -0.0324675324675 0.00463821892393 -0.0371057513915
2.64050193416 2.15980601311 0.323017728081 1 1 0.323017728081 -0.0324675324675 0.00463821892393 -0.0371057513915
2.63827971194 2.16480601311 0.323017728081 1 1 0.323017728081 -0.0324675324675 0.00463821892393 -0.0371057513915
2.63605748972 2.16980601311 0.323017728081 1 1 0.323017728081 -0.0324675324675 -0.00463821892393 -0.0371057513915
2.6338352675 2.17480601311 0.323017728081 1 1 0.323017728081 -0.0324675324675 -0.00927643784787 -0.0371057513915
2.63161304528 2.17980601311 0.323017728081 1 1 0.323017728081 -0.00463821892393 -0.00927643784787 -0.0371057513915
2.62939082305 2.18480601311 0.323017728081 1 1 0.323017728081 0.0 -0.00927643784787 -0.0371057513915
2.62586989953 2.18980601311 0.319770974834 1 1 0.319770974834 0.0 -0.00927643784787 -0.0417439703154
2.62364767731 2.19480601311 0.319770974834 1 1 0.319770974834 0.0 -0.0139146567718 -0.0417439703154
2.62142545509 2.19980601311 0.319770974834 1 1 0.319770974834 0.0 -0.0139146567718 -0.0417439703154
2.61660583027 2.20480601311 0.313277468341 1 1 0.313277468341 0.0 -0.0139146567718 -0.0510204081633
2.61438360805 2.20980601311 0.313277468341 1 1 0.313277468341 0.0 -0.0139146567718 -0.0510204081633
2.61216138582 2.21480601311 0.313277468341 1 1 0.313277468341 0.0 -0.0139146567718 -0.0510204081633
2.6099391636 2.21980601311 0.313277468341 1 1 0.313277468341 0.0 -0.0139146567718 -0.0510204081633
2.60771694138 2.22480601311 0.313277468341 1 1 0.313277468341 0.00463821892393 -0.0139146567718 -0.0510204081633
2.60549471916 2.22980601311 0.313277468341 1 1 0.313277468341 0.00463821892393 -0.0139146567718 -0.0510204081633
2.60327249693 2.23480601311 0.313277468341 1 1 0.313277468341 0.00463821892393 -0.0139146567718 -0.0510204081633
2.60105027471 2.23980601311 0.313277468341 1 1 0.313277468341 0.00463821892393 -0.0139146567718 -0.0510204081633
2.59882805249 2.24480601311 0.313277468341 1 1 0.313277468341 0.0139146567718 -0.0139146567718 -0.0510204081633
2.59530712897 2.24980601311 0.310030715094 1 1 0.310030715094 0.0185528756957 -0.0139146567718 -0.0556586270872
2.59308490675 2.25480601311 0.310030715094 1 1 0.310030715094 0.0185528756957 -0.0139146567718 -0.0556586270872
2.59086268453 2.25980601311 0.310030715094 1 1 0.310030715094 0.0185528756957 -0.0139146567718 -0.0556586270872
2.5886404623 2.26480601311 0.310030715094 1 1 0.310030715094 0.0185528756957 -0.0139146567718 -0.0556586270872
2.58641824008 2.26980601311 0.310030715094 1 1 0.310030715094 0.0185528756957 -0.0139146567718 -0.0556586270872
2.58419601786 2.27480601311 0.310030715094 1 1 0.310030715094 0.0185528756957 -0.0139146567718 -0.0556586270872
2.58327249693 2.27980601311 0.313277468341 1 1 0.313277468341 0.0231910946197 -0.0139146567718 -0.0510204081633
2.58105027471 2.28480601311 0.313277468341 1 1 0.313277468341 0.0231910946197 -0.0139146567718 -0.0510204081633
2.57882805249 2.28980601311 0.313277468341 1 1 0.313277468341 0.0278293135436 -0.0139146567718 -0.0510204081633
2.57790453157 2.29480601311 0.316524221587 1 1 0.316524221587 0.0324675324675 -0.0139146567718 -0.0463821892393
2.57568230934 2.29980601311 0.316524221587 1 1 0.316524221587 0.0324675324675 -0.0139146567718 -0.0463821892393
2.57346008712 2.30480601311 0.316524221587 1 1 0.316524221587 0.0324675324675 -0.00927643784787 -0.0463821892393
2.5712378649 2.30980601311 0.316524221587 1 1 0.316524221587 0.0324675324675 -0.00927643784787 -0.0463821892393
2.56901564268 2.31480601311 0.316524221587 1 1 0.316524221587 0.0324675324675 -0.00927643784787 -0.0463821892393
2.56679342046 2.31980601311 0.316524221587 1 1 0.316524221587 0.0324675324675 -0.00927643784787 -0.0463821892393
2.56457119823 2.32480601311 0.316524221587 1 1 0.316524221587 0.0324675324675 -0.00927643784787 -0.0463821892393
2.56234897601 2.32980601311 0.316524221587 1 1 0.316524221587 0.0324675324675 -0.00927643784787 -0.0463821892393
2.56012675379 2.33480601311 0.316524221587 1 1 0.316524221587 0.0324675324675 -0.00927643784787 -0.0463821892393
2.55920323287 2.33980601311 0.319770974834 1 1 0.319770974834 0.0324675324675 -0.00927643784787 -0.0417439703154
2.55698101064 2.34480601311 0.319770974834 1 1 0.319770974834 0.0324675324675 -0.00927643784787 -0.0417439703154
2.55735619102 2.34980601311 0.326264481328 1 1 0.326264481328 0.0324675324675 -0.00927643784787 -0.0324675324675
2.5551339688 2.35480601311 0.326264481328 1 1 0.326264481328 0.0371057513915 -0.00463821892393 -0.0324675324675
2.55421044787 2.35980601311 0.329511234575 1 1 0.329511234575 0.0371057513915 -0.00463821892393 -0.0278293135436
2.55198822565 2.36480601311 0.329511234575 1 1 0.329511234575 0.0371057513915 -0.00463821892393 -0.0278293135436
2.54976600343 2.36980601311 0.329511234575 1 1 0.329511234575 0.0371057513915 -0.00463821892393 -0.0278293135436
2.54754378121 2.37480601311 0.329511234575 1 1 0.329511234575 0.0371057513915 -0.00463821892393 -0.0278293135436
2.54532155898 2.37980601311 0.329511234575 1 1 0.329511234575 0.0371057513915 -0.00463821892393 -0.0278293135436
2.54439803806 2.38480601311 0.332757987821 1 1 0.332757987821 0.0371057513915 -0.00463821892393 -0.0231910946197
2.54217581584 2.38980601311 0.332757987821 1 1 0.332757987821 0.0371057513915 -0.00463821892393 -0.0231910946197
2.53995359362 2.39480601311 0.332757987821 1 1 0.332757987821 0.0371057513915 0.0 -0.0231910946197
2.53773137139 2.39980601311 0.332757987821 1 1 0.332757987821 0.0371057513915 0.0 -0.0231910946197
2.53680785047 2.40480601311 0.336004741068 1 1 0.336004741068 0.0371057513915 0.0 -0.0185528756957
2.53458562825 2.40980601311 0.336004741068 1 1 0.336004741068 0.0324675324675 0.0 -0.0185528756957
2.53236340603 2.41480601311 0.336004741068 1 1 0.336004741068 0.0324675324675 0.0 -0.0185528756957
2.5301411838 2.41980601311 0.336004741068 1 1 0.336004741068 0.0278293135436 0.0 -0.0185528756957
2.52791896158 2.42480601311 0.336004741068 1 1 0.336004741068 0.0231910946197 0.00463821892393 -0.0185528756957
2.52569673936 2.42980601311 0.336004741068 1 1 0.336004741068 0.0185528756957 0.00463821892393 -0.0185528756957
2.52347451714 2.43480601311 0.336004741068 1 1 0.336004741068 0.0185528756957 0.00463821892393 -0.0185528756957
2.52125229491 2.43980601311 0.336004741068 1 1 0.336004741068 0.0139146567718 0.00463821892393 -0.0185528756957
2.52032877399 2.44480601311 0.339251494315 1 1 0.339251494315 0.00927643784787 0.00463821892393 -0.0139146567718
2.51810655177 2.44980601311 0.339251494315 1 1 0.339251494315 0.00927643784787 0.00927643784787 -0.0139146567718
2.51848173214 2.45480601311 0.345745000808 1 1 0.345745000808 0.00927643784787 0.00927643784787 -0.00463821892393
2.51625950992 2.45980601311 0.345745000808 1 1 0.345745000808 0.00927643784787 0.0139146567718 -0.00463821892393
2.5140372877 2.46480601311 0.345745000808 1 1 0.345745000808 0.00927643784787 0.0139146567718 -0.00463821892393
2.51311376678 2.46980601311 0.348991754055 1 1 0.348991754055 0.00927643784787 0.0185528756957 0.0
2.51089154455 2.47480601311 0.348991754055 1 1 0.348991754055 0.00927643784787 0.0185528756957 0.0
2.50866932233 2.47980601311 0.348991754055 1 1 0.348991754055 0.00927643784787 0.0185528756957 0.0
2.50644710011 2.48480601311 0.348991754055 1 1 0.348991754055 0.00927643784787 0.0185528756957 0.0
2.50422487789 2.48980601311 0.348991754055 1 1 0.348991754055 0.00927643784787 0.0185528756957 0.0
2.50200265567 2.49480601311 0.348991754055 1 1 0.348991754055 0.00927643784787 0.0185528756957 0.0
2.49978043344 2.49980601311 0.348991754055 1 1 0.348991754055 0.00463821892393 0.0185528756957 0.0
2.49755821122 2.50480601311 0.348991754055 1 1 0.348991754055 0.00463821892393 0.0231910946197 0.0
2.495335989 2.50980601311 0.348991754055 1 1 0.348991754055 0.00463821892393 0.0231910946197 0.0
2.49441246807 2.51480601311 0.352238507302 1 1 0.352238507302 0.00463821892393 0.0231910946197 0.00463821892393
2.49348894715 2.51980601311 0.355485260549 1 1 0.355485260549 0.00463821892393 0.0231910946197 0.00927643784787
2.49256542623 2.52480601311 0.358732013795 1 1 0.358732013795 0.00463821892393 0.0278293135436 0.0139146567718
2.49034320401 2.52980601311 0.358732013795 1 1 0.358732013795 0.00463821892393 0.0278293135436 0.0139146567718
2.48941968308 2.53480601311 0.361978767042 1 1 0.361978767042 0.00927643784787 0.0278293135436 0.0185528756957
2.48849616216 2.53980601311 0.365225520289 1 1 0.365225520289 0.00927643784787 0.0278293135436 0.0231910946197
2.48627393994 2.54480601311 0.365225520289 1 1 0.365225520289 0.00927643784787 0.0278293135436 0.0231910946197
2.48535041901 2.54980601311 0.368472273536 1 1 0.368472273536 0.00927643784787 0.0278293135436 0.0278293135436
2.48312819679 2.55480601311 0.368472273536 1 1 0.368472273536 0.00927643784787 0.0278293135436 0.0278293135436
2.48090597457 2.55980601311 0.368472273536 1 1 0.368472273536 0.0139146567718 0.0278293135436 0.0278293135436
2.47868375235 2.56480601311 0.368472273536 1 1 0.368472273536 0.0139146567718 0.0278293135436 0.0278293135436
2.47646153012 2.56980601311 0.368472273536 1 1 0.368472273536 0.0185528756957 0.0278293135436 0.0278293135436
2.4742393079 2.57480601311 0.368472273536 1 1 0.368472273536 0.0185528756957 0.0278293135436 0.0278293135436
2.47201708568 2.57980601311 0.368472273536 1 1 0.368472273536 0.0185528756957 0.0278293135436 0.0278293135436
2.46979486346 2.58480601311 0.368472273536 1 1 0.368472273536 0.0185528756957 0.0278293135436 0.0278293135436
2.46757264124 2.58980601311 0.368472273536 1 1 0.368472273536 0.0185528756957 0.0278293135436 0.0278293135436
2.46535041901 2.59480601311 0.368472273536 1 1 0.368472273536 0.0231910946197 0.0278293135436 0.0278293135436
2.46312819679 2.59980601311 0.368472273536 1 1 0.368472273536 0.0231910946197 0.0324675324675 0.0278293135436
2.46090597457 2.60480601311 0.368472273536 1 1 0.368472273536 0.0231910946197 0.0371057513915 0.0278293135436
2.45868375235 2.60980601311 0.368472273536 1 1 0.368472273536 0.0231910946197 0.0371057513915 0.0278293135436
2.45516282883 2.61480601311 0.365225520289 1 1 0.365225520289 0.0231910946197 0.0324675324675 0.0231910946197
2.4529406066 2.61980601311 0.365225520289 1 1 0.365225520289 0.0231910946197 0.0324675324675 0.0231910946197
2.45071838438 2.62480601311 0.365225520289 1 1 0.365225520289 0.0231910946197 0.0324675324675 0.0231910946197
2.44719746086 2.62980601311 0.361978767042 1 1 0.361978767042 0.0231910946197 0.0324675324675 0.0185528756957
2.44497523864 2.63480601311 0.361978767042 1 1 0.361978767042 0.0231910946197 0.0371057513915 0.0185528756957
2.44275301642 2.63980601311 0.361978767042 1 1 0.361978767042 0.0231910946197 0.0371057513915 0.0185528756957
2.44053079419 2.64480601311 0.361978767042 1 1 0.361978767042 0.0231910946197 0.0371057513915 0.0185528756957
2.43830857197 2.64980601311 0.361978767042 1 1 0.361978767042 0.0231910946197 0.0371057513915 0.0185528756957
2.43608634975 2.65480601311 0.361978767042 1 1 0.361978767042 0.0231910946197 0.0371057513915 0.0185528756957
2.43386412753 2.65980601311 0.361978767042 1 1 0.361978767042 0.0185528756957 0.0371057513915 0.0185528756957
2.43034320401 2.66480601311 0.358732013795 1 1 0.358732013795 0.0185528756957 0.0324675324675 0.0139146567718
2.42812098178 2.66980601311 0.358732013795 1 1 0.358732013795 0.0139146567718 0.0324675324675 0.0139146567718
2.42460005826 2.67480601311 0.355485260549 1 1 0.355485260549 0.0139146567718 0.0324675324675 0.00927643784787
2.42237783604 2.67980601311 0.355485260549 1 1 0.355485260549 0.0139146567718 0.0278293135436 0.00927643784787
2.42015561382 2.68480601311 0.355485260549 1 1 0.355485260549 0.0139146567718 0.0278293135436 0.00927643784787
2.4179333916 2.68980601311 0.355485260549 1 1 0.355485260549 0.0139146567718 0.0231910946197 0.00927643784787
2.41571116937 2.69480601311 0.355485260549 1 1 0.355485260549 0.0139146567718 0.0185528756957 0.00927643784787
2.41219024585 2.69980601311 0.352238507302 1 1 0.352238507302 0.0139146567718 0.0185528756957 0.00463821892393
2.40996802363 2.70480601311 0.352238507302 1 1 0.352238507302 0.0139146567718 0.0185528756957 0.00463821892393
2.40644710011 2.70980601311 0.348991754055 1 1 0.348991754055 0.0139146567718 0.0139146567718 0.0
2.40422487789 2.71480601311 0.348991754055 1 1 0.348991754055 0.0139146567718 0.0139146567718 0.0
2.40200265567 2.71980601311 0.348991754055 1 1 0.348991754055 0.0139146567718 0.0139146567718 0.0
2.39978043344 2.72480601311 0.348991754055 1 1 0.348991754055 0.0139146567718 0.0139146567718 0.0
2.39755821122 2.72980601311 0.348991754055 1 1 0.348991754055 0.0139146567718 0.0139146567718 0.0
2.395335989 2.73480601311 0.348991754055 1 1 0.348991754055 0.0139146567718 0.00927643784787 0.0
2.39311376678 2.73980601311 0.348991754055 1 1 0.348991754055 0.0139146567718 0.00927643784787 0.0
2.38959284326 2.74480601311 0.345745000808 1 1 0.345745000808 0.0139146567718 0.00927643784787 -0.00463821892393
2.38737062103 2.74980601311 0.345745000808 1 1 0.345745000808 0.00927643784787 0.00927643784787 -0.00463821892393
2.38384969751 2.75480601311 0.342498247562 1 1 0.342498247562 0.00463821892393 0.00927643784787 -0.00927643784787
2.38162747529 2.75980601311 0.342498247562 1 1 0.342498247562 0.00463821892393 0.00927643784787 -0.00927643784787
2.37940525307 2.76480601311 0.342498247562 1 1 0.342498247562 0.0 0.00927643784787 -0.00927643784787
2.37718303085 2.76980601311 0.342498247562 1 1 0.342498247562 0.0 0.00927643784787 -0.00927643784787
2.37496080862 2.77480601311 0.342498247562 1 1 0.342498247562 -0.00463821892393 0.00927643784787 -0.00927643784787
2.3727385864 2.77980601311 0.342498247562 1 1 0.342498247562 -0.00463821892393 0.0139146567718 -0.00927643784787
2.37051636418 2.78480601311 0.342498247562 1 1 0.342498247562 -0.00463821892393 0.0139146567718 -0.00927643784787
2.36829414196 2.78980601311 0.342498247562 1 1 0.342498247562 -0.00463821892393 0.0139146567718 -0.00927643784787
2.36607191973 2.79480601311 0.342498247562 1 1 0.342498247562 -0.00463821892393 0.0139146567718 -0.00927643784787
2.36384969751 2.79980601311 0.342498247562 1 1 0.342498247562 -0.00927643784787 0.0139146567718 -0.00927643784787
2.36162747529 2.80480601311 0.342498247562 1 1 0.342498247562 -0.00927643784787 0.0139146567718 -0.00927643784787
2.35940525307 2.80980601311 0.342498247562 1 1 0.342498247562 -0.00927643784787 0.00927643784787 -0.00927643784787
2.35718303085 2.81480601311 0.342498247562 1 1 0.342498247562 -0.00927643784787 0.00927643784787 -0.00927643784787
2.35496080862 2.81980601311 0.342498247562 1 1 0.342498247562 -0.00927643784787 0.00463821892393 -0.00927643784787
2.3527385864 2.82480601311 0.342498247562 1 1 0.342498247562 -0.00927643784787 0.00463821892393 -0.00927643784787
2.35051636418 2.82980601311 0.342498247562 1 1 0.342498247562 -0.00927643784787 0.00463821892393 -0.00927643784787
2.34829414196 2.83480601311 0.342498247562 1 1 0.342498247562 -0.0139146567718 0.00463821892393 -0.00927643784787
2.34607191973 2.83980601311 0.342498247562 1 1 0.342498247562 -0.0139146567718 0.00463821892393 -0.00927643784787
2.34384969751 2.84480601311 0.342498247562 1 1 0.342498247562 -0.0139146567718 0.00463821892393 -0.00927643784787
2.34162747529 2.84980601311 0.342498247562 1 1 0.342498247562 -0.0185528756957 0.00463821892393 -0.00927643784787
2.33940525307 2.85480601311 0.342498247562 1 1 0.342498247562 -0.0185528756957 0.00463821892393 -0.00927643784787
2.33718303085 2.85980601311 0.342498247562 1 1 0.342498247562 -0.0231910946197 0.00463821892393 -0.00927643784787
2.33625950992 2.86480601311 0.345745000808 1 1 0.345745000808 -0.0231910946197 0.00463821892393 -0.00463821892393
2.335335989 2.86980601311 0.348991754055 1 1 0.348991754055 -0.0231910946197 0.00463821892393 0.0
2.33311376678 2.87480601311 0.348991754055 1 1 0.348991754055 -0.0231910946197 0.00463821892393 0.0
2.33089154455 2.87980601311 0.348991754055 1 1 0.348991754055 -0.0231910946197 0.00463821892393 0.0
2.32866932233 2.88480601311 0.348991754055 1 1 0.348991754055 -0.0231910946197 0.00463821892393 0.0
2.32774580141 2.88980601311 0.352238507302 1 1 0.352238507302 -0.0231910946197 0.00463821892393 0.00463821892393
2.32552357919 2.89480601311 0.352238507302 1 1 0.352238507302 -0.0231910946197 0.00927643784787 0.00463821892393
2.32330135696 2.89980601311 0.352238507302 1 1 0.352238507302 -0.0231910946197 0.00927643784787 0.00463821892393
2.32237783604 2.90480601311 0.355485260549 1 1 0.355485260549 -0.0231910946197 0.0139146567718 0.00927643784787
2.32145431512 2.90980601311 0.358732013795 1 1 0.358732013795 -0.0231910946197 0.0139146567718 0.0139146567718
2.31923209289 2.91480601311 0.358732013795 1 1 0.358732013795 -0.0231910946197 0.0185528756957 0.0139146567718
2.31700987067 2.91980601311 0.358732013795 1 1 0.358732013795 -0.0231910946197 0.0185528756957 0.0139146567718
2.31478764845 2.92480601311 0.358732013795 1 1 0.358732013795 -0.0231910946197 0.0185528756957 0.0139146567718
2.31256542623 2.92980601311 0.358732013795 1 1 0.358732013795 -0.0231910946197 0.0231910946197 0.0139146567718
2.31034320401 2.93480601311 0.358732013795 1 1 0.358732013795 -0.0231910946197 0.0231910946197 0.0139146567718
2.30812098178 2.93980601311 0.358732013795 1 1 0.358732013795 -0.0231910946197 0.0231910946197 0.0139146567718
2.30589875956 2.94480601311 0.358732013795 1 1 0.358732013795 -0.0278293135436 0.0231910946197 0.0139146567718
2.30367653734 2.94980601311 0.358732013795 1 1 0.358732013795 -0.0278293135436 0.0231910946197 0.0139146567718
2.30015561382 2.95480601311 0.355485260549 1 1 0.355485260549 -0.0278293135436 0.0231910946197 0.00927643784787
2.2979333916 2.95980601311 0.355485260549 1 1 0.355485260549 -0.0278293135436 0.0231910946197 0.00927643784787
2.29571116937 2.96480601311 0.355485260549 1 1 0.355485260549 -0.0278293135436 0.0231910946197 0.00927643784787
2.29348894715 2.96980601311 0.355485260549 1 1 0.355485260549 -0.0278293135436 0.0231910946197 0.00927643784787
2.29126672493 2.97480601311 0.355485260549 1 1 0.355485260549 -0.0278293135436 0.0231910946197 0.00927643784787
2.28904450271 2.97980601311 0.355485260549 1 1 0.355485260549 -0.0278293135436 0.0231910946197 0.00927643784787
2.28682228048 2.98480601311 0.355485260549 1 1 0.355485260549 -0.0278293135436 0.0231910946197 0.00927643784787
2.28460005826 2.98980601311 0.355485260549 1 1 0.355485260549 -0.0231910946197 0.0231910946197 0.00927643784787
2.28237783604 2.99480601311 0.355485260549 1 1 0.355485260549 -0.0231910946197 0.0231910946197 0.00927643784787
2.28015561382 2.99980601311 0.355485260549 1 1 0.355485260549 -0.0231910946197 0.0231910946197 0.00927643784787
2.2779333916 3.00480601311 0.355485260549 1 1 0.355485260549 -0.0231910946197 0.0231910946197 0.00927643784787
2.27571116937 3.00980601311 0.355485260549 1 1 0.355485260549 -0.0185528756957 0.0185528756957 0.00927643784787
2.27348894715 3.01480601311 0.355485260549 1 1 0.355485260549 -0.0185528756957 0.0185528756957 0.00927643784787
2.27126672493 3.01980601311 0.355485260549 1 1 0.355485260549 -0.0185528756957 0.0139146567718 0.00927643784787
2.26904450271 3.02480601311 0.355485260549 1 1 0.355485260549 -0.0139146567718 0.0139146567718 0.00927643784787
2.26682228048 3.02980601311 0.355485260549 1 1 0.355485260549 -0.00927643784787 0.0139146567718 0.00927643784787
2.26460005826 3.03480601311 0.355485260549 1 1 0.355485260549 -0.00463821892393 0.0139146567718 0.00927643784787
2.26237783604 3.03980601311 0.355485260549 1 1 0.355485260549 -0.00463821892393 0.0139146567718 0.00927643784787
2.26015561382 3.04480601311 0.355485260549 1 1 0.355485260549 0.0 0.0139146567718 0.00927643784787
2.2579333916 3.04980601311 0.355485260549 1 1 0.355485260549 0.0 0.0139146567718 0.00927643784787
2.25571116937 3.05480601311 0.355485260549 1 1 0.355485260549 0.0 0.0139146567718 0.00927643784787
2.25348894715 3.05980601311 0.355485260549 1 1 0.355485260549 0.00463821892393 0.0139146567718 0.00927643784787
2.25126672493 3.06480601311 0.355485260549 1 1 0.355485260549 0.00463821892393 0.0185528756957 0.00927643784787
2.24904450271 3.06980601311 0.355485260549 1 1 0.355485260549 0.00463821892393 0.0185528756957 0.00927643784787
2.24682228048 3.07480601311 0.355485260549 1 1 0.355485260549 0.00463821892393 0.0231910946197 0.00927643784787
2.24460005826 3.07980601311 0.355485260549 1 1 0.355485260549 0.00463821892393 0.0231910946197 0.00927643784787
2.24237783604 3.08480601311 0.355485260549 1 1 0.355485260549 0.00463821892393 0.0231910946197 0.00927643784787
2.24015561382 3.08980601311 0.355485260549 1 1 0.355485260549 0.00463821892393 0.0278293135436 0.00927643784787
2.2379333916 3.09480601311 0.355485260549 1 1 0.355485260549 0.00927643784787 0.0278293135436 0.00927643784787
2.23571116937 3.09980601311 0.355485260549 1 1 0.355485260549 0.00927643784787 0.0278293135436 0.00927643784787
2.23478764845 3.10480601311 0.358732013795 1 1 0.358732013795 0.0139146567718 0.0278293135436 0.0139146567718
2.23256542623 3.10980601311 0.358732013795 1 1 0.358732013795 0.0185528756957 0.0278293135436 0.0139146567718
2.23034320401 3.11480601311 0.358732013795 1 1 0.358732013795 0.0185528756957 0.0278293135436 0.0139146567718
2.22682228048 3.11980601311 0.355485260549 1 1 0.355485260549 0.0185528756957 0.0278293135436 0.00927643784787
2.22460005826 3.12480601311 0.355485260549 1 1 0.355485260549 0.0185528756957 0.0278293135436 0.00927643784787
2.22237783604 3.12980601311 0.355485260549 1 1 0.355485260549 0.0185528756957 0.0278293135436 0.00927643784787
2.22015561382 3.13480601311 0.355485260549 1 1 0.355485260549 0.0185528756957 0.0278293135436 0.00927643784787
2.2166346903 3.13980601311 0.352238507302 1 1 0.352238507302 0.0185528756957 0.0278293135436 0.00463821892393
2.21441246807 3.14480601311 0.352238507302 1 1 0.352238507302 0.0185528756957 0.0278293135436 0.00463821892393
2.21219024585 3.14980601311 0.352238507302 1 1 0.352238507302 0.0185528756957 0.0278293135436 0.00463821892393
2.20996802363 3.15480601311 0.352238507302 1 1 0.352238507302 0.0185528756957 0.0278293135436 0.00463821892393
2.20774580141 3.15980601311 0.352238507302 1 1 0.352238507302 0.0185528756957 0.0371057513915 0.00463821892393
2.20422487789 3.16480601311 0.348991754055 1 1 0.348991754055 0.0185528756957 0.0371057513915 0.0
2.20200265567 3.16980601311 0.348991754055 1 1 0.348991754055 0.0185528756957 0.0417439703154 0.0
2.19978043344 3.17480601311 0.348991754055 1 1 0.348991754055 0.0139146567718 0.0417439703154 0.0
2.19755821122 3.17980601311 0.348991754055 1 1 0.348991754055 0.00927643784787 0.0417439703154 0.0
2.1940372877 3.18480601311 0.345745000808 1 1 0.345745000808 0.00463821892393 0.0417439703154 -0.00463821892393
2.19181506548 3.18980601311 0.345745000808 1 1 0.345745000808 0.00463821892393 0.0417439703154 -0.00463821892393
2.18959284326 3.19480601311 0.345745000808 1 1 0.345745000808 0.00463821892393 0.0463821892393 -0.00463821892393
2.18737062103 3.19980601311 0.345745000808 1 1 0.345745000808 0.00463821892393 0.0463821892393 -0.00463821892393
2.18514839881 3.20480601311 0.345745000808 1 1 0.345745000808 0.0 0.0463821892393 -0.00463821892393
2.18162747529 3.20980601311 0.342498247562 1 1 0.342498247562 -0.00463821892393 0.0463821892393 -0.00927643784787
2.17940525307 3.21480601311 0.342498247562 1 1 0.342498247562 -0.00463821892393 0.0463821892393 -0.00927643784787
2.17718303085 3.21980601311 0.342498247562 1 1 0.342498247562 -0.00463821892393 0.0417439703154 -0.00927643784787
2.17625950992 3.22480601311 0.345745000808 1 1 0.345745000808 -0.00463821892393 0.0417439703154 -0.00463821892393
2.1740372877 3.22980601311 0.345745000808 1 1 0.345745000808 -0.00463821892393 0.0417439703154 -0.00463821892393
2.17181506548 3.23480601311 0.345745000808 1 1 0.345745000808 -0.00463821892393 0.0417439703154 -0.00463821892393
2.16959284326 3.23980601311 0.345745000808 1 1 0.345745000808 -0.00463821892393 0.0371057513915 -0.00463821892393
2.16737062103 3.24480601311 0.345745000808 1 1 0.345745000808 -0.00463821892393 0.0324675324675 -0.00463821892393
2.16514839881 3.24980601311 0.345745000808 1 1 0.345745000808 0.0 0.0324675324675 -0.00463821892393
2.16292617659 3.25480601311 0.345745000808 1 1 0.345745000808 0.0 0.0324675324675 -0.00463821892393
2.15940525307 3.25980601311 0.342498247562 1 1 0.342498247562 0.0 0.0324675324675 -0.00927643784787
2.15718303085 3.26480601311 0.342498247562 1 1 0.342498247562 0.0 0.0324675324675 -0.00927643784787
2.15366210732 3.26980601311 0.339251494315 1 1 0.339251494315 0.00463821892393 0.0324675324675 -0.0139146567718
2.1514398851 3.27480601311 0.339251494315 1 1 0.339251494315 0.00463821892393 0.0324675324675 -0.0139146567718
2.14921766288 3.27980601311 0.339251494315 1 1 0.339251494315 0.00927643784787 0.0324675324675 -0.0139146567718
2.14699544066 3.28480601311 0.339251494315 1 1 0.339251494315 0.00927643784787 0.0324675324675 -0.0139146567718
2.14347451714 3.28980601311 0.336004741068 1 1 0.336004741068 0.00927643784787 0.0278293135436 -0.0185528756957
2.14125229491 3.29480601311 0.336004741068 1 1 0.336004741068 0.00927643784787 0.0278293135436 -0.0185528756957
2.13903007269 3.29980601311 0.336004741068 1 1 0.336004741068 0.00927643784787 0.0278293135436 -0.0185528756957
2.13680785047 3.30480601311 0.336004741068 1 1 0.336004741068 0.00927643784787 0.0231910946197 -0.0185528756957
2.13328692695 3.30980601311 0.332757987821 1 1 0.332757987821 0.00927643784787 0.0185528756957 -0.0231910946197
2.13106470473 3.31480601311 0.332757987821 1 1 0.332757987821 0.00927643784787 0.0139146567718 -0.0231910946197
2.1288424825 3.31980601311 0.332757987821 1 1 0.332757987821 0.00927643784787 0.0139146567718 -0.0231910946197
2.12662026028 3.32480601311 0.332757987821 1 1 0.332757987821 0.00927643784787 0.00927643784787 -0.0231910946197
2.12439803806 3.32980601311 0.332757987821 1 1 0.332757987821 0.00927643784787 0.00927643784787 -0.0231910946197
2.12087711454 3.33480601311 0.329511234575 1 1 0.329511234575 0.00927643784787 0.00927643784787 -0.0278293135436
2.11865489232 3.33980601311 0.329511234575 1 1 0.329511234575 0.0139146567718 0.00927643784787 -0.0278293135436
2.1164326701 3.34480601311 0.329511234575 1 1 0.329511234575 0.0139146567718 0.00927643784787 -0.0278293135436
2.11421044787 3.34980601311 0.329511234575 1 1 0.329511234575 0.0139146567718 0.00927643784787 -0.0278293135436
2.11198822565 3.35480601311 0.329511234575 1 1 0.329511234575 0.0139146567718 0.00927643784787 -0.0278293135436
2.10976600343 3.35980601311 0.329511234575 1 1 0.329511234575 0.0185528756957 0.00927643784787 -0.0278293135436
2.10754378121 3.36480601311 0.329511234575 1 1 0.329511234575 0.0185528756957 0.00927643784787 -0.0278293135436
2.10532155898 3.36980601311 0.329511234575 1 1 0.329511234575 0.0185528756957 0.00927643784787 -0.0278293135436
2.10309933676 3.37480601311 0.329511234575 1 1 0.329511234575 0.0185528756957 0.00927643784787 -0.0278293135436
2.10087711454 3.37980601311 0.329511234575 1 1 0.329511234575 0.0185528756957 0.00927643784787 -0.0278293135436
2.09865489232 3.38480601311 0.329511234575 1 1 0.329511234575 0.0185528756957 0.00927643784787 -0.0278293135436
2.0964326701 3.38980601311 0.329511234575 1 1 0.329511234575 0.0185528756957 0.00927643784787 -0.0278293135436
2.09421044787 3.39480601311 0.329511234575 1 1 0.329511234575 0.0185528756957 0.00927643784787 -0.0278293135436
2.09198822565 3.39980601311 0.329511234575 1 1 0.329511234575 0.0139146567718 0.00927643784787 -0.0278293135436
2.08976600343 3.40480601311 0.329511234575 1 1 0.329511234575 0.00927643784787 0.00927643784787 -0.0278293135436
2.08754378121 3.40980601311 0.329511234575 1 1 0.329511234575 0.00927643784787 0.00927643784787 -0.0278293135436
2.08532155898 3.41480601311 0.329511234575 1 1 0.329511234575 0.00463821892393 0.00927643784787 -0.0278293135436
2.08309933676 3.41980601311 0.329511234575 1 1 0.329511234575 0.00463821892393 0.00927643784787 -0.0278293135436
2.08087711454 3.42480601311 0.329511234575 1 1 0.329511234575 0.0 0.00927643784787 -0.0278293135436
2.07865489232 3.42980601311 0.329511234575 1 1 0.329511234575 0.0 0.00927643784787 -0.0278293135436
2.0764326701 3.43480601311 0.329511234575 1 1 0.329511234575 -0.00463821892393 0.00927643784787 -0.0278293135436
2.07421044787 3.43980601311 0.329511234575 1 1 0.329511234575 -0.00463821892393 0.00927643784787 -0.0278293135436
2.07198822565 3.44480601311 0.329511234575 1 1 0.329511234575 -0.00463821892393 0.00927643784787 -0.0278293135436
2.07106470473 3.44980601311 0.332757987821 1 1 0.332757987821 -0.00463821892393 0.00927643784787 -0.0231910946197
2.0688424825 3.45480601311 0.332757987821 1 1 0.332757987821 -0.00463821892393 0.00927643784787 -0.0231910946197
2.06662026028 3.45980601311 0.332757987821 1 1 0.332757987821 -0.00463821892393 0.0139146567718 -0.0231910946197
2.06439803806 3.46480601311 0.332757987821 1 1 0.332757987821 -0.00927643784787 0.0185528756957 -0.0231910946197
2.06217581584 3.46980601311 0.332757987821 1 1 0.332757987821 -0.00927643784787 0.0185528756957 -0.0231910946197
2.05995359362 3.47480601311 0.332757987821 1 1 0.332757987821 -0.00927643784787 0.0231910946197 -0.0231910946197
2.05903007269 3.47980601311 0.336004741068 1 1 0.336004741068 -0.00927643784787 0.0231910946197 -0.0185528756957
2.05680785047 3.48480601311 0.336004741068 1 1 0.336004741068 -0.0139146567718 0.0231910946197 -0.0185528756957
2.05588432955 3.48980601311 0.339251494315 1 1 0.339251494315 -0.0185528756957 0.0231910946197 -0.0139146567718
2.05496080862 3.49480601311 0.342498247562 1 1 0.342498247562 -0.0185528756957 0.0231910946197 -0.00927643784787
2.0527385864 3.49980601311 0.342498247562 1 1 0.342498247562 -0.0231910946197 0.0231910946197 -0.00927643784787
2.05051636418 3.50480601311 0.342498247562 1 1 0.342498247562 -0.0231910946197 0.0278293135436 -0.00927643784787
2.04829414196 3.50980601311 0.342498247562 1 1 0.342498247562 -0.0278293135436 0.0278293135436 -0.00927643784787
2.04607191973 3.51480601311 0.342498247562 1 1 0.342498247562 -0.0278293135436 0.0324675324675 -0.00927643784787
2.04384969751 3.51980601311 0.342498247562 1 1 0.342498247562 -0.0278293135436 0.0324675324675 -0.00927643784787
2.04162747529 3.52480601311 0.342498247562 1 1 0.342498247562 -0.0278293135436 0.0324675324675 -0.00927643784787
2.04070395437 3.52980601311 0.345745000808 1 1 0.345745000808 -0.0278293135436 0.0324675324675 -0.00463821892393
2.03848173214 3.53480601311 0.345745000808 1 1 0.345745000808 -0.0278293135436 0.0324675324675 -0.00463821892393
2.03755821122 3.53980601311 0.348991754055 1 1 0.348991754055 -0.0278293135436 0.0324675324675 0.0
2.035335989 3.54480601311 0.348991754055 1 1 0.348991754055 -0.0278293135436 0.0324675324675 0.0
2.03311376678 3.54980601311 0.348991754055 1 1 0.348991754055 -0.0278293135436 0.0324675324675 0.0
2.03219024585 3.55480601311 0.352238507302 1 1 0.352238507302 -0.0278293135436 0.0324675324675 0.00463821892393
2.02996802363 3.55980601311 0.352238507302 1 1 0.352238507302 -0.0278293135436 0.0324675324675 0.00463821892393
2.02774580141 3.56480601311 0.352238507302 1 1 0.352238507302 -0.0278293135436 0.0324675324675 0.00463821892393
2.02552357919 3.56980601311 0.352238507302 1 1 0.352238507302 -0.0278293135436 0.0324675324675 0.00463821892393
2.02460005826 3.57480601311 0.355485260549 1 1 0.355485260549 -0.0278293135436 0.0324675324675 0.00927643784787
2.02237783604 3.57980601311 0.355485260549 1 1 0.355485260549 -0.0278293135436 0.0324675324675 0.00927643784787
2.02015561382 3.58480601311 0.355485260549 1 1 0.355485260549 -0.0278293135436 0.0324675324675 0.00927643784787
2.0179333916 3.58980601311 0.355485260549 1 1 0.355485260549 -0.0278293135436 0.0324675324675 0.00927643784787
2.01571116937 3.59480601311 0.355485260549 1 1 0.355485260549 -0.0278293135436 0.0324675324675 0.00927643784787
2.01348894715 3.59980601311 0.355485260549 1 1 0.355485260549 -0.0278293135436 0.0324675324675 0.00927643784787
2.01126672493 3.60480601311 0.355485260549 1 1 0.355485260549 -0.0278293135436 0.0324675324675 0.00927643784787
2.00904450271 3.60980601311 0.355485260549 1 1 0.355485260549 -0.0278293135436 0.0324675324675 0.00927643784787
2.00682228048 3.61480601311 0.355485260549 1 1 0.355485260549 -0.0278293135436 0.0324675324675 0.00927643784787
2.00460005826 3.61980601311 0.355485260549 1 1 0.355485260549 -0.0278293135436 0.0324675324675 0.00927643784787
2.00237783604 3.62480601311 0.355485260549 1 1 0.355485260549 -0.0231910946197 0.0324675324675 0.00927643784787
2.00015561382 3.62980601311 0.355485260549 1 1 0.355485260549 -0.0231910946197 0.0324675324675 0.00927643784787
1.9979333916 3.63480601311 0.355485260549 1 1 0.355485260549 -0.0139146567718 0.0324675324675 0.00927643784787
1.99571116937 3.63980601311 0.355485260549 1 1 0.355485260549 -0.00927643784787 0.0324675324675 0.00927643784787
1.99348894715 3.64480601311 0.355485260549 1 1 0.355485260549 -0.00463821892393 0.0324675324675 0.00927643784787
1.99126672493 3.64980601311 0.355485260549 1 1 0.355485260549 0.0 0.0371057513915 0.00927643784787
1.98774580141 3.65480601311 0.352238507302 1 1 0.352238507302 0.00463821892393 0.0371057513915 0.00463821892393
1.98552357919 3.65980601311 0.352238507302 1 1 0.352238507302 0.00463821892393 0.0371057513915 0.00463821892393
1.98200265567 3.66480601311 0.348991754055 1 1 0.348991754055 0.00463821892393 0.0417439703154 0.0
1.97978043344 3.66980601311 0.348991754055 1 1 0.348991754055 0.00463821892393 0.0463821892393 0.0
1.97755821122 3.67480601311 0.348991754055 1 1 0.348991754055 0.00463821892393 0.0463821892393 0.0
1.975335989 3.67980601311 0.348991754055 1 1 0.348991754055 0.00927643784787 0.0463821892393 0.0
1.97181506548 3.68480601311 0.345745000808 1 1 0.345745000808 0.00927643784787 0.0463821892393 -0.00463821892393
1.96959284326 3.68980601311 0.345745000808 1 1 0.345745000808 0.00927643784787 0.0510204081633 -0.00463821892393
1.96737062103 3.69480601311 0.345745000808 1 1 0.345745000808 0.00927643784787 0.0510204081633 -0.00463821892393
1.96514839881 3.69980601311 0.345745000808 1 1 0.345745000808 0.00927643784787 0.0556586270872 -0.00463821892393
1.96162747529 3.70480601311 0.342498247562 1 1 0.342498247562 0.00927643784787 0.0556586270872 -0.00927643784787
1.95940525307 3.70980601311 0.342498247562 1 1 0.342498247562 0.0139146567718 0.0556586270872 -0.00927643784787
1.95718303085 3.71480601311 0.342498247562 1 1 0.342498247562 0.0139146567718 0.0556586270872 -0.00927643784787
1.95496080862 3.71980601311 0.342498247562 1 1 0.342498247562 0.0139146567718 0.0556586270872 -0.00927643784787
1.9514398851 3.72480601311 0.339251494315 1 1 0.339251494315 0.0185528756957 0.0602968460111 -0.0139146567718
1.94921766288 3.72980601311 0.339251494315 1 1 0.339251494315 0.0185528756957 0.0602968460111 -0.0139146567718
1.94699544066 3.73480601311 0.339251494315 1 1 0.339251494315 0.0185528756957 0.0602968460111 -0.0139146567718
1.94477321844 3.73980601311 0.339251494315 1 1 0.339251494315 0.0185528756957 0.0602968460111 -0.0139146567718
1.93995359362 3.74480601311 0.332757987821 1 1 0.332757987821 0.0139146567718 0.0602968460111 -0.0231910946197
1.93773137139 3.74980601311 0.332757987821 1 1 0.332757987821 0.0139146567718 0.0602968460111 -0.0231910946197
1.93550914917 3.75480601311 0.332757987821 1 1 0.332757987821 0.0139146567718 0.0602968460111 -0.0231910946197
1.93328692695 3.75980601311 0.332757987821 1 1 0.332757987821 0.00927643784787 0.0602968460111 -0.0231910946197
1.93106470473 3.76480601311 0.332757987821 1 1 0.332757987821 0.00927643784787 0.0602968460111 -0.0231910946197
1.9288424825 3.76980601311 0.332757987821 1 1 0.332757987821 0.00927643784787 0.0556586270872 -0.0231910946197
1.92662026028 3.77480601311 0.332757987821 1 1 0.332757987821 0.00927643784787 0.0556586270872 -0.0231910946197
1.92309933676 3.77980601311 0.329511234575 1 1 0.329511234575 0.00463821892393 0.0510204081633 -0.0278293135436
1.92087711454 3.78480601311 0.329511234575 1 1 0.329511234575 0.0 0.0510204081633 -0.0278293135436
1.91865489232 3.78980601311 0.329511234575 1 1 0.329511234575 -0.00463821892393 0.0510204081633 -0.0278293135436
1.91773137139 3.79480601311 0.332757987821 1 1 0.332757987821 -0.00463821892393 0.0510204081633 -0.0231910946197
1.91550914917 3.79980601311 0.332757987821 1 1 0.332757987821 -0.00463821892393 0.0463821892393 -0.0231910946197
1.91328692695 3.80480601311 0.332757987821 1 1 0.332757987821 -0.00463821892393 0.0417439703154 -0.0231910946197
1.91106470473 3.80980601311 0.332757987821 1 1 0.332757987821 -0.0139146567718 0.0371057513915 -0.0231910946197
1.9088424825 3.81480601311 0.332757987821 1 1 0.332757987821 -0.0139146567718 0.0371057513915 -0.0231910946197
1.90791896158 3.81980601311 0.336004741068 1 1 0.336004741068 -0.0139146567718 0.0324675324675 -0.0185528756957
1.90569673936 3.82480601311 0.336004741068 1 1 0.336004741068 -0.0139146567718 0.0324675324675 -0.0185528756957
1.90347451714 3.82980601311 0.336004741068 1 1 0.336004741068 -0.0139146567718 0.0324675324675 -0.0185528756957
1.90125229491 3.83480601311 0.336004741068 1 1 0.336004741068 -0.0139146567718 0.0324675324675 -0.0185528756957
1.89903007269 3.83980601311 0.336004741068 1 1 0.336004741068 -0.0139146567718 0.0324675324675 -0.0185528756957
1.89680785047 3.84480601311 0.336004741068 1 1 0.336004741068 -0.0139146567718 0.0278293135436 -0.0185528756957
1.89458562825 3.84980601311 0.336004741068 1 1 0.336004741068 -0.0139146567718 0.0278293135436 -0.0185528756957
1.89236340603 3.85480601311 0.336004741068 1 1 0.336004741068 -0.0139146567718 0.0231910946197 -0.0185528756957
1.8901411838 3.85980601311 0.336004741068 1 1 0.336004741068 -0.00927643784787 0.0231910946197 -0.0185528756957
1.88921766288 3.86480601311 0.339251494315 1 1 0.339251494315 -0.00927643784787 0.0231910946197 -0.0139146567718
1.88699544066 3.86980601311 0.339251494315 1 1 0.339251494315 -0.00927643784787 0.0231910946197 -0.0139146567718
1.88477321844 3.87480601311 0.339251494315 1 1 0.339251494315 -0.00927643784787 0.0231910946197 -0.0139146567718
1.88255099621 3.87980601311 0.339251494315 1 1 0.339251494315 -0.00927643784787 0.0231910946197 -0.0139146567718
1.88032877399 3.88480601311 0.339251494315 1 1 0.339251494315 -0.00463821892393 0.0231910946197 -0.0139146567718
1.87810655177 3.88980601311 0.339251494315 1 1 0.339251494315 -0.00463821892393 0.0139146567718 -0.0139146567718
1.87588432955 3.89480601311 0.339251494315 1 1 0.339251494315 -0.00463821892393 0.00927643784787 -0.0139146567718
1.87366210732 3.89980601311 0.339251494315 1 1 0.339251494315 -0.00463821892393 0.00927643784787 -0.0139146567718
1.8714398851 3.90480601311 0.339251494315 1 1 0.339251494315 -0.00463821892393 0.00927643784787 -0.0139146567718
1.86921766288 3.90980601311 0.339251494315 1 1 0.339251494315 -0.00463821892393 0.00927643784787 -0.0139146567718
1.86699544066 3.91480601311 0.339251494315 1 1 0.339251494315 -0.00463821892393 0.00927643784787 -0.0139146567718
1.86477321844 3.91980601311 0.339251494315 1 1 0.339251494315 -0.00463821892393 0.00463821892393 -0.0139146567718
1.86255099621 3.92480601311 0.339251494315 1 1 0.339251494315 -0.00463821892393 0.00463821892393 -0.0139146567718
1.86032877399 3.92980601311 0.339251494315 1 1 0.339251494315 -0.00463821892393 0.0 -0.0139146567718
1.85810655177 3.93480601311 0.339251494315 1 1 0.339251494315 -0.00463821892393 0.0 -0.0139146567718
1.85588432955 3.93980601311 0.339251494315 1 1 0.339251494315 -0.00463821892393 0.0 -0.0139146567718
1.85366210732 3.94480601311 0.339251494315 1 1 0.339251494315 -0.00463821892393 0.0 -0.0139146567718
1.8514398851 3.94980601311 0.339251494315 1 1 0.339251494315 0.00463821892393 0.0 -0.0139146567718
1.84791896158 3.95480601311 0.336004741068 1 1 0.336004741068 0.00927643784787 0.0 -0.0185528756957
1.84439803806 3.95980601311 0.332757987821 1 1 0.332757987821 0.00927643784787 0.0 -0.0231910946197
1.84087711454 3.96480601311 0.329511234575 1 1 0.329511234575 0.00927643784787 0.0 -0.0278293135436
1.83865489232 3.96980601311 0.329511234575 1 1 0.329511234575 0.00927643784787 0.0 -0.0278293135436
1.8364326701 3.97480601311 0.329511234575 1 1 0.329511234575 0.00927643784787 0.0 -0.0278293135436
1.83421044787 3.97980601311 0.329511234575 1 1 0.329511234575 0.00927643784787 0.0 -0.0278293135436
1.83198822565 3.98480601311 0.329511234575 1 1 0.329511234575 0.0139146567718 0.0 -0.0278293135436
1.82976600343 3.98980601311 0.329511234575 1 1 0.329511234575 0.0139146567718 0.0 -0.0278293135436
1.82754378121 3.99480601311 0.329511234575 1 1 0.329511234575 0.0139146567718 0.0 -0.0278293135436
1.82532155898 3.99980601311 0.329511234575 1 1 0.329511234575 0.0139146567718 0.00463821892393 -0.0278293135436
1.82309933676 4.00480601311 0.329511234575 1 1 0.329511234575 0.0139146567718 0.00463821892393 -0.0278293135436
1.82087711454 4.00980601311 0.329511234575 1 1 0.329511234575 0.0139146567718 0.00463821892393 -0.0278293135436
1.81865489232 4.01480601311 0.329511234575 1 1 0.329511234575 0.0139146567718 0.00463821892393 -0.0278293135436
1.8164326701 4.01980601311 0.329511234575 1 1 0.329511234575 0.0139146567718 0.00463821892393 -0.0278293135436
1.81291174657 4.02480601311 0.326264481328 1 1 0.326264481328 0.0139146567718 0.00927643784787 -0.0324675324675
1.81068952435 4.02980601311 0.326264481328 1 1 0.326264481328 0.0139146567718 0.00927643784787 -0.0324675324675
1.80716860083 4.03480601311 0.323017728081 1 1 0.323017728081 0.0139146567718 0.00927643784787 -0.0371057513915
