1.815335989 0.789806013107 0.458991754055 1 1 0.458991754055 0.0 0.0 0.0
1.81682228048 0.794806013107 0.465485260549 1 1 0.465485260549 0.00463821892393 0.00463821892393 0.00927643784787
1.81571116937 0.799806013107 0.465485260549 1 1 0.465485260549 0.00463821892393 0.00463821892393 0.00927643784787
1.81460005826 0.804806013107 0.465485260549 1 1 0.465485260549 0.00927643784787 0.00463821892393 0.00927643784787
1.81478764845 0.809806013107 0.468732013795 1 1 0.468732013795 0.00927643784787 0.00463821892393 0.0139146567718
1.81367653734 0.814806013107 0.468732013795 1 1 0.468732013795 0.0139146567718 0.00463821892393 0.0139146567718
1.81256542623 0.819806013107 0.468732013795 1 1 0.468732013795 0.0139146567718 0.00927643784787 0.0139146567718
1.81145431512 0.824806013107 0.468732013795 1 1 0.468732013795 0.0139146567718 0.0139146567718 0.0139146567718
1.81034320401 0.829806013107 0.468732013795 1 1 0.468732013795 0.0139146567718 0.0139146567718 0.0139146567718
1.80923209289 0.834806013107 0.468732013795 1 1 0.468732013795 0.0139146567718 0.0139146567718 0.0139146567718
1.80812098178 0.839806013107 0.468732013795 1 1 0.468732013795 0.0139146567718 0.0185528756957 0.0139146567718
1.80700987067 0.844806013107 0.468732013795 1 1 0.468732013795 0.0139146567718 0.0185528756957 0.0139146567718
1.80589875956 0.849806013107 0.468732013795 1 1 0.468732013795 0.0139146567718 0.0231910946197 0.0139146567718
1.80478764845 0.854806013107 0.468732013795 1 1 0.468732013795 0.0139146567718 0.0231910946197 0.0139146567718
1.80367653734 0.859806013107 0.468732013795 1 1 0.468732013795 0.00927643784787 0.0231910946197 0.0139146567718
1.80256542623 0.864806013107 0.468732013795 1 1 0.468732013795 0.00463821892393 0.0231910946197 0.0139146567718
1.80275301642 0.869806013107 0.471978767042 1 1 0.471978767042 0.0 0.0231910946197 0.0185528756957
1.8016419053 0.874806013107 0.471978767042 1 1 0.471978767042 0.0 0.0231910946197 0.0185528756957
1.80053079419 0.879806013107 0.471978767042 1 1 0.471978767042 0.0 0.0278293135436 0.0185528756957
1.80071838438 0.884806013107 0.475225520289 1 1 0.475225520289 -0.00463821892393 0.0278293135436 0.0231910946197
1.80090597457 0.889806013107 0.478472273536 1 1 0.478472273536 -0.00463821892393 0.0278293135436 0.0278293135436
1.79979486346 0.894806013107 0.478472273536 1 1 0.478472273536 -0.00463821892393 0.0278293135436 0.0278293135436
1.79868375235 0.899806013107 0.478472273536 1 1 0.478472273536 -0.00463821892393 0.0278293135436 0.0278293135436
1.79757264124 0.904806013107 0.478472273536 1 1 0.478472273536 -0.00927643784787 0.0324675324675 0.0278293135436
1.79646153012 0.909806013107 0.478472273536 1 1 0.478472273536 -0.00927643784787 0.0324675324675 0.0278293135436
1.79535041901 0.914806013107 0.478472273536 1 1 0.478472273536 -0.00927643784787 0.0371057513915 0.0278293135436
1.7942393079 0.919806013107 0.478472273536 1 1 0.478472273536 -0.00927643784787 0.0371057513915 0.0278293135436
1.79182949549 0.924806013107 0.475225520289 1 1 0.475225520289 -0.00927643784787 0.0371057513915 0.0231910946197
1.78941968308 0.929806013107 0.471978767042 1 1 0.471978767042 -0.00927643784787 0.0371057513915 0.0185528756957
1.78830857197 0.934806013107 0.471978767042 1 1 0.471978767042 -0.00927643784787 0.0371057513915 0.0185528756957
1.78589875956 0.939806013107 0.468732013795 1 1 0.468732013795 -0.00927643784787 0.0371057513915 0.0139146567718
1.78478764845 0.944806013107 0.468732013795 1 1 0.468732013795 -0.00927643784787 0.0371057513915 0.0139146567718
1.78237783604 0.949806013107 0.465485260549 1 1 0.465485260549 -0.00927643784787 0.0371057513915 0.00927643784787
1.77996802363 0.954806013107 0.462238507302 1 1 0.462238507302 -0.00927643784787 0.0371057513915 0.00463821892393
1.77885691252 0.959806013107 0.462238507302 1 1 0.462238507302 -0.00927643784787 0.0371057513915 0.00463821892393
1.77774580141 0.964806013107 0.462238507302 1 1 0.462238507302 -0.00927643784787 0.0371057513915 0.00463821892393
1.775335989 0.969806013107 0.458991754055 1 1 0.458991754055 -0.00927643784787 0.0371057513915 0.0
1.77292617659 0.974806013107 0.455745000808 1 1 0.455745000808 -0.00927643784787 0.0371057513915 -0.00463821892393
1.77181506548 0.979806013107 0.455745000808 1 1 0.455745000808 -0.00927643784787 0.0417439703154 -0.00463821892393
1.76940525307 0.984806013107 0.452498247562 1 1 0.452498247562 -0.00927643784787 0.0417439703154 -0.00927643784787
1.76829414196 0.989806013107 0.452498247562 1 1 0.452498247562 -0.00927643784787 0.0417439703154 -0.00927643784787
1.76588432955 0.994806013107 0.449251494315 1 1 0.449251494315 -0.00927643784787 0.0463821892393 -0.0139146567718
1.76477321844 0.999806013107 0.449251494315 1 1 0.449251494315 -0.00927643784787 0.0463821892393 -0.0139146567718
1.76366210732 1.00480601311 0.449251494315 1 1 0.449251494315 -0.00927643784787 0.0510204081633 -0.0139146567718
1.76125229491 1.00980601311 0.446004741068 1 1 0.446004741068 -0.00927643784787 0.0556586270872 -0.0185528756957
1.7601411838 1.01480601311 0.446004741068 1 1 0.446004741068 -0.00463821892393 0.0556586270872 -0.0185528756957
1.75903007269 1.01980601311 0.446004741068 1 1 0.446004741068 -0.00463821892393 0.0602968460111 -0.0185528756957
1.75662026028 1.02480601311 0.442757987821 1 1 0.442757987821 0.0 0.0602968460111 -0.0231910946197
1.75550914917 1.02980601311 0.442757987821 1 1 0.442757987821 -0.00463821892393 0.0602968460111 -0.0231910946197
1.75439803806 1.03480601311 0.442757987821 1 1 0.442757987821 -0.00463821892393 0.0602968460111 -0.0231910946197
1.75328692695 1.03980601311 0.442757987821 1 1 0.442757987821 -0.00927643784787 0.0602968460111 -0.0231910946197
1.75087711454 1.04480601311 0.439511234575 1 1 0.439511234575 -0.00927643784787 0.0602968460111 -0.0278293135436
1.74976600343 1.04980601311 0.439511234575 1 1 0.439511234575 -0.00927643784787 0.0602968460111 -0.0278293135436
1.74865489232 1.05480601311 0.439511234575 1 1 0.439511234575 -0.0139146567718 0.0602968460111 -0.0278293135436
1.74754378121 1.05980601311 0.439511234575 1 1 0.439511234575 -0.0139146567718 0.0602968460111 -0.0278293135436
1.7464326701 1.06480601311 0.439511234575 1 1 0.439511234575 -0.0139146567718 0.0556586270872 -0.0278293135436
1.74532155898 1.06980601311 0.439511234575 1 1 0.439511234575 -0.0185528756957 0.0510204081633 -0.0278293135436
1.74421044787 1.07480601311 0.439511234575 1 1 0.439511234575 -0.0231910946197 0.0510204081633 -0.0278293135436
1.74309933676 1.07980601311 0.439511234575 1 1 0.439511234575 -0.0278293135436 0.0510204081633 -0.0278293135436
1.74198822565 1.08480601311 0.439511234575 1 1 0.439511234575 -0.0278293135436 0.0463821892393 -0.0278293135436
1.74087711454 1.08980601311 0.439511234575 1 1 0.439511234575 -0.0324675324675 0.0417439703154 -0.0278293135436
1.73976600343 1.09480601311 0.439511234575 1 1 0.439511234575 -0.0324675324675 0.0417439703154 -0.0278293135436
1.73865489232 1.09980601311 0.439511234575 1 1 0.439511234575 -0.0371057513915 0.0417439703154 -0.0278293135436
1.73754378121 1.10480601311 0.439511234575 1 1 0.439511234575 -0.0371057513915 0.0371057513915 -0.0278293135436
1.7364326701 1.10980601311 0.439511234575 1 1 0.439511234575 -0.0417439703154 0.0371057513915 -0.0278293135436
1.73532155898 1.11480601311 0.439511234575 1 1 0.439511234575 -0.0417439703154 0.0278293135436 -0.0278293135436
1.73421044787 1.11980601311 0.439511234575 1 1 0.439511234575 -0.0417439703154 0.0278293135436 -0.0278293135436
1.73309933676 1.12480601311 0.439511234575 1 1 0.439511234575 -0.0417439703154 0.0231910946197 -0.0278293135436
1.73068952435 1.12980601311 0.436264481328 1 1 0.436264481328 -0.0417439703154 0.0231910946197 -0.0324675324675
1.72827971194 1.13480601311 0.433017728081 1 1 0.433017728081 -0.0417439703154 0.0185528756957 -0.0371057513915
1.72716860083 1.13980601311 0.433017728081 1 1 0.433017728081 -0.0417439703154 0.0139146567718 -0.0371057513915
1.72605748972 1.14480601311 0.433017728081 1 1 0.433017728081 -0.0417439703154 0.0139146567718 -0.0371057513915
1.72494637861 1.14980601311 0.433017728081 1 1 0.433017728081 -0.0371057513915 0.00927643784787 -0.0371057513915
1.7238352675 1.15480601311 0.433017728081 1 1 0.433017728081 -0.0324675324675 0.00463821892393 -0.0371057513915
1.72272415639 1.15980601311 0.433017728081 1 1 0.433017728081 -0.0324675324675 0.00463821892393 -0.0371057513915
1.72161304528 1.16480601311 0.433017728081 1 1 0.433017728081 -0.0324675324675 0.00463821892393 -0.0371057513915
1.72050193416 1.16980601311 0.433017728081 1 1 0.433017728081 -0.0324675324675 -0.00463821892393 -0.0371057513915
1.71939082305 1.17480601311 0.433017728081 1 1 0.433017728081 -0.0324675324675 -0.00927643784787 -0.0371057513915
1.71827971194 1.17980601311 0.433017728081 1 1 0.433017728081 -0.00463821892393 -0.00927643784787 -0.0371057513915
1.71716860083 1.18480601311 0.433017728081 1 1 0.433017728081 0.0 -0.00927643784787 -0.0371057513915
1.71475878842 1.18980601311 0.429770974834 1 1 0.429770974834 0.0 -0.00927643784787 -0.0417439703154
1.71364767731 1.19480601311 0.429770974834 1 1 0.429770974834 0.0 -0.0139146567718 -0.0417439703154
1.7125365662 1.19980601311 0.429770974834 1 1 0.429770974834 0.0 -0.0139146567718 -0.0417439703154
1.70882805249 1.20480601311 0.423277468341 1 1 0.423277468341 0.0 -0.0139146567718 -0.0510204081633
1.70771694138 1.20980601311 0.423277468341 1 1 0.423277468341 0.0 -0.0139146567718 -0.0510204081633
1.70660583027 1.21480601311 0.423277468341 1 1 0.423277468341 0.0 -0.0139146567718 -0.0510204081633
1.70549471916 1.21980601311 0.423277468341 1 1 0.423277468341 0.0 -0.0139146567718 -0.0510204081633
1.70438360805 1.22480601311 0.423277468341 1 1 0.423277468341 0.00463821892393 -0.0139146567718 -0.0510204081633
1.70327249693 1.22980601311 0.423277468341 1 1 0.423277468341 0.00463821892393 -0.0139146567718 -0.0510204081633
1.70216138582 1.23480601311 0.423277468341 1 1 0.423277468341 0.00463821892393 -0.0139146567718 -0.0510204081633
1.70105027471 1.23980601311 0.423277468341 1 1 0.423277468341 0.00463821892393 -0.0139146567718 -0.0510204081633
1.6999391636 1.24480601311 0.423277468341 1 1 0.423277468341 0.0139146567718 -0.0139146567718 -0.0510204081633
1.69752935119 1.24980601311 0.420030715094 1 1 0.420030715094 0.0185528756957 -0.0139146567718 -0.0556586270872
1.69641824008 1.25480601311 0.420030715094 1 1 0.420030715094 0.0185528756957 -0.0139146567718 -0.0556586270872
1.69530712897 1.25980601311 0.420030715094 1 1 0.420030715094 0.0185528756957 -0.0139146567718 -0.0556586270872
1.69419601786 1.26480601311 0.420030715094 1 1 0.420030715094 0.0185528756957 -0.0139146567718 -0.0556586270872
1.69308490675 1.26980601311 0.420030715094 1 1 0.420030715094 0.0185528756957 -0.0139146567718 -0.0556586270872
1.69197379564 1.27480601311 0.420030715094 1 1 0.420030715094 0.0185528756957 -0.0139146567718 -0.0556586270872
1.69216138582 1.27980601311 0.423277468341 1 1 0.423277468341 0.0231910946197 -0.0139146567718 -0.0510204081633
1.69105027471 1.28480601311 0.423277468341 1 1 0.423277468341 0.0231910946197 -0.0139146567718 -0.0510204081633
1.6899391636 1.28980601311 0.423277468341 1 1 0.423277468341 0.0278293135436 -0.0139146567718 -0.0510204081633
1.69012675379 1.29480601311 0.426524221587 1 1 0.426524221587 0.0324675324675 -0.0139146567718 -0.0463821892393
1.68901564268 1.29980601311 0.426524221587 1 1 0.426524221587 0.0324675324675 -0.0139146567718 -0.0463821892393
1.68790453157 1.30480601311 0.426524221587 1 1 0.426524221587 0.0324675324675 -0.00927643784787 -0.0463821892393
1.68679342046 1.30980601311 0.426524221587 1 1 0.426524221587 0.0324675324675 -0.00927643784787 -0.0463821892393
1.68568230934 1.31480601311 0.426524221587 1 1 0.426524221587 0.0324675324675 -0.00927643784787 -0.0463821892393
1.68457119823 1.31980601311 0.426524221587 1 1 0.426524221587 0.0324675324675 -0.00927643784787 -0.0463821892393
1.68346008712 1.32480601311 0.426524221587 1 1 0.426524221587 0.0324675324675 -0.00927643784787 -0.0463821892393
1.68234897601 1.32980601311 0.426524221587 1 1 0.426524221587 0.0324675324675 -0.00927643784787 -0.0463821892393
1.6812378649 1.33480601311 0.426524221587 1 1 0.426524221587 0.0324675324675 -0.00927643784787 -0.0463821892393
1.68142545509 1.33980601311 0.429770974834 1 1 0.429770974834 0.0324675324675 -0.00927643784787 -0.0417439703154
1.68031434398 1.34480601311 0.429770974834 1 1 0.429770974834 0.0324675324675 -0.00927643784787 -0.0417439703154
1.68180063546 1.34980601311 0.436264481328 1 1 0.436264481328 0.0324675324675 -0.00927643784787 -0.0324675324675
1.68068952435 1.35480601311 0.436264481328 1 1 0.436264481328 0.0371057513915 -0.00463821892393 -0.0324675324675
1.68087711454 1.35980601311 0.439511234575 1 1 0.439511234575 0.0371057513915 -0.00463821892393 -0.0278293135436
1.67976600343 1.36480601311 0.439511234575 1 1 0.439511234575 0.0371057513915 -0.00463821892393 -0.0278293135436
1.67865489232 1.36980601311 0.439511234575 1 1 0.439511234575 0.0371057513915 -0.00463821892393 -0.0278293135436
1.67754378121 1.37480601311 0.439511234575 1 1 0.439511234575 0.0371057513915 -0.00463821892393 -0.0278293135436
1.6764326701 1.37980601311 0.439511234575 1 1 0.439511234575 0.0371057513915 -0.00463821892393 -0.0278293135436
1.67662026028 1.38480601311 0.442757987821 1 1 0.442757987821 0.0371057513915 -0.00463821892393 -0.0231910946197
1.67550914917 1.38980601311 0.442757987821 1 1 0.442757987821 0.0371057513915 -0.00463821892393 -0.0231910946197
1.67439803806 1.39480601311 0.442757987821 1 1 0.442757987821 0.0371057513915 0.0 -0.0231910946197
1.67328692695 1.39980601311 0.442757987821 1 1 0.442757987821 0.0371057513915 0.0 -0.0231910946197
1.67347451714 1.40480601311 0.446004741068 1 1 0.446004741068 0.0371057513915 0.0 -0.0185528756957
1.67236340603 1.40980601311 0.446004741068 1 1 0.446004741068 0.0324675324675 0.0 -0.0185528756957
1.67125229491 1.41480601311 0.446004741068 1 1 0.446004741068 0.0324675324675 0.0 -0.0185528756957
1.6701411838 1.41980601311 0.446004741068 1 1 0.446004741068 0.0278293135436 0.0 -0.0185528756957
1.66903007269 1.42480601311 0.446004741068 1 1 0.446004741068 0.0231910946197 0.00463821892393 -0.0185528756957
1.66791896158 1.42980601311 0.446004741068 1 1 0.446004741068 0.0185528756957 0.00463821892393 -0.0185528756957
1.66680785047 1.43480601311 0.446004741068 1 1 0.446004741068 0.0185528756957 0.00463821892393 -0.0185528756957
1.66569673936 1.43980601311 0.446004741068 1 1 0.446004741068 0.0139146567718 0.00463821892393 -0.0185528756957
1.66588432955 1.44480601311 0.449251494315 1 1 0.449251494315 0.00927643784787 0.00463821892393 -0.0139146567718
1.66477321844 1.44980601311 0.449251494315 1 1 0.449251494315 0.00927643784787 0.00927643784787 -0.0139146567718
1.66625950992 1.45480601311 0.455745000808 1 1 0.455745000808 0.00927643784787 0.00927643784787 -0.00463821892393
1.66514839881 1.45980601311 0.455745000808 1 1 0.455745000808 0.00927643784787 0.0139146567718 -0.00463821892393
1.6640372877 1.46480601311 0.455745000808 1 1 0.455745000808 0.00927643784787 0.0139146567718 -0.00463821892393
1.66422487789 1.46980601311 0.458991754055 1 1 0.458991754055 0.00927643784787 0.0185528756957 0.0
1.66311376678 1.47480601311 0.458991754055 1 1 0.458991754055 0.00927643784787 0.0185528756957 0.0
1.66200265567 1.47980601311 0.458991754055 1 1 0.458991754055 0.00927643784787 0.0185528756957 0.0
1.66089154455 1.48480601311 0.458991754055 1 1 0.458991754055 0.00927643784787 0.0185528756957 0.0
1.65978043344 1.48980601311 0.458991754055 1 1 0.458991754055 0.00927643784787 0.0185528756957 0.0
1.65866932233 1.49480601311 0.458991754055 1 1 0.458991754055 0.00927643784787 0.0185528756957 0.0
1.65755821122 1.49980601311 0.458991754055 1 1 0.458991754055 0.00463821892393 0.0185528756957 0.0
1.65644710011 1.50480601311 0.458991754055 1 1 0.458991754055 0.00463821892393 0.0231910946197 0.0
1.655335989 1.50980601311 0.458991754055 1 1 0.458991754055 0.00463821892393 0.0231910946197 0.0
1.65552357919 1.51480601311 0.462238507302 1 1 0.462238507302 0.00463821892393 0.0231910946197 0.00463821892393
1.65571116937 1.51980601311 0.465485260549 1 1 0.465485260549 0.00463821892393 0.0231910946197 0.00927643784787
1.65589875956 1.52480601311 0.468732013795 1 1 0.468732013795 0.00463821892393 0.0278293135436 0.0139146567718
1.65478764845 1.52980601311 0.468732013795 1 1 0.468732013795 0.00463821892393 0.0278293135436 0.0139146567718
1.65497523864 1.53480601311 0.471978767042 1 1 0.471978767042 0.00927643784787 0.0278293135436 0.0185528756957
1.65516282883 1.53980601311 0.475225520289 1 1 0.475225520289 0.00927643784787 0.0278293135436 0.0231910946197
1.65405171771 1.54480601311 0.475225520289 1 1 0.475225520289 0.00927643784787 0.0278293135436 0.0231910946197
1.6542393079 1.54980601311 0.478472273536 1 1 0.478472273536 0.00927643784787 0.0278293135436 0.0278293135436
1.65312819679 1.55480601311 0.478472273536 1 1 0.478472273536 0.00927643784787 0.0278293135436 0.0278293135436
1.65201708568 1.55980601311 0.478472273536 1 1 0.478472273536 0.0139146567718 0.0278293135436 0.0278293135436
1.65090597457 1.56480601311 0.478472273536 1 1 0.478472273536 0.0139146567718 0.0278293135436 0.0278293135436
1.64979486346 1.56980601311 0.478472273536 1 1 0.478472273536 0.0185528756957 0.0278293135436 0.0278293135436
1.64868375235 1.57480601311 0.478472273536 1 1 0.478472273536 0.0185528756957 0.0278293135436 0.0278293135436
1.64757264124 1.57980601311 0.478472273536 1 1 0.478472273536 0.0185528756957 0.0278293135436 0.0278293135436
1.64646153012 1.58480601311 0.478472273536 1 1 0.478472273536 0.0185528756957 0.0278293135436 0.0278293135436
1.64535041901 1.58980601311 0.478472273536 1 1 0.478472273536 0.0185528756957 0.0278293135436 0.0278293135436
1.6442393079 1.59480601311 0.478472273536 1 1 0.478472273536 0.0231910946197 0.0278293135436 0.0278293135436
1.64312819679 1.59980601311 0.478472273536 1 1 0.478472273536 0.0231910946197 0.0324675324675 0.0278293135436
1.64201708568 1.60480601311 0.478472273536 1 1 0.478472273536 0.0231910946197 0.0371057513915 0.0278293135436
1.64090597457 1.60980601311 0.478472273536 1 1 0.478472273536 0.0231910946197 0.0371057513915 0.0278293135436
1.63849616216 1.61480601311 0.475225520289 1 1 0.475225520289 0.0231910946197 0.0324675324675 0.0231910946197
1.63738505105 1.61980601311 0.475225520289 1 1 0.475225520289 0.0231910946197 0.0324675324675 0.0231910946197
1.63627393994 1.62480601311 0.475225520289 1 1 0.475225520289 0.0231910946197 0.0324675324675 0.0231910946197
1.63386412753 1.62980601311 0.471978767042 1 1 0.471978767042 0.0231910946197 0.0324675324675 0.0185528756957
1.63275301642 1.63480601311 0.471978767042 1 1 0.471978767042 0.0231910946197 0.0371057513915 0.0185528756957
1.6316419053 1.63980601311 0.471978767042 1 1 0.471978767042 0.0231910946197 0.0371057513915 0.0185528756957
1.63053079419 1.64480601311 0.471978767042 1 1 0.471978767042 0.0231910946197 0.0371057513915 0.0185528756957
1.62941968308 1.64980601311 0.471978767042 1 1 0.471978767042 0.0231910946197 0.0371057513915 0.0185528756957
1.62830857197 1.65480601311 0.471978767042 1 1 0.471978767042 0.0231910946197 0.0371057513915 0.0185528756957
1.62719746086 1.65980601311 0.471978767042 1 1 0.471978767042 0.0185528756957 0.0371057513915 0.0185528756957
1.62478764845 1.66480601311 0.468732013795 1 1 0.468732013795 0.0185528756957 0.0324675324675 0.0139146567718
1.62367653734 1.66980601311 0.468732013795 1 1 0.468732013795 0.0139146567718 0.0324675324675 0.0139146567718
1.62126672493 1.67480601311 0.465485260549 1 1 0.465485260549 0.0139146567718 0.0324675324675 0.00927643784787
1.62015561382 1.67980601311 0.465485260549 1 1 0.465485260549 0.0139146567718 0.0278293135436 0.00927643784787
1.61904450271 1.68480601311 0.465485260549 1 1 0.465485260549 0.0139146567718 0.0278293135436 0.00927643784787
1.6179333916 1.68980601311 0.465485260549 1 1 0.465485260549 0.0139146567718 0.0231910946197 0.00927643784787
1.61682228048 1.69480601311 0.465485260549 1 1 0.465485260549 0.0139146567718 0.0185528756957 0.00927643784787
1.61441246807 1.69980601311 0.462238507302 1 1 0.462238507302 0.0139146567718 0.0185528756957 0.00463821892393
1.61330135696 1.70480601311 0.462238507302 1 1 0.462238507302 0.0139146567718 0.0185528756957 0.00463821892393
1.61089154455 1.70980601311 0.458991754055 1 1 0.458991754055 0.0139146567718 0.0139146567718 0.0
1.60978043344 1.71480601311 0.458991754055 1 1 0.458991754055 0.0139146567718 0.0139146567718 0.0
1.60866932233 1.71980601311 0.458991754055 1 1 0.458991754055 0.0139146567718 0.0139146567718 0.0
1.60755821122 1.72480601311 0.458991754055 1 1 0.458991754055 0.0139146567718 0.0139146567718 0.0
1.60644710011 1.72980601311 0.458991754055 1 1 0.458991754055 0.0139146567718 0.0139146567718 0.0
1.605335989 1.73480601311 0.458991754055 1 1 0.458991754055 0.0139146567718 0.00927643784787 0.0
1.60422487789 1.73980601311 0.458991754055 1 1 0.458991754055 0.0139146567718 0.00927643784787 0.0
1.60181506548 1.74480601311 0.455745000808 1 1 0.455745000808 0.0139146567718 0.00927643784787 -0.00463821892393
1.60070395437 1.74980601311 0.455745000808 1 1 0.455745000808 0.00927643784787 0.00927643784787 -0.00463821892393
1.59829414196 1.75480601311 0.452498247562 1 1 0.452498247562 0.00463821892393 0.00927643784787 -0.00927643784787
1.59718303085 1.75980601311 0.452498247562 1 1 0.452498247562 0.00463821892393 0.00927643784787 -0.00927643784787
1.59607191973 1.76480601311 0.452498247562 1 1 0.452498247562 0.0 0.00927643784787 -0.00927643784787
1.59496080862 1.76980601311 0.452498247562 1 1 0.452498247562 0.0 0.00927643784787 -0.00927643784787
1.59384969751 1.77480601311 0.452498247562 1 1 0.452498247562 -0.00463821892393 0.00927643784787 -0.00927643784787
1.5927385864 1.77980601311 0.452498247562 1 1 0.452498247562 -0.00463821892393 0.0139146567718 -0.00927643784787
1.59162747529 1.78480601311 0.452498247562 1 1 0.452498247562 -0.00463821892393 0.0139146567718 -0.00927643784787
1.59051636418 1.78980601311 0.452498247562 1 1 0.452498247562 -0.00463821892393 0.0139146567718 -0.00927643784787
1.58940525307 1.79480601311 0.452498247562 1 1 0.452498247562 -0.00463821892393 0.0139146567718 -0.00927643784787
1.58829414196 1.79980601311 0.452498247562 1 1 0.452498247562 -0.00927643784787 0.0139146567718 -0.00927643784787
1.58718303085 1.80480601311 0.452498247562 1 1 0.452498247562 -0.00927643784787 0.0139146567718 -0.00927643784787
1.58607191973 1.80980601311 0.452498247562 1 1 0.452498247562 -0.00927643784787 0.00927643784787 -0.00927643784787
1.58496080862 1.81480601311 0.452498247562 1 1 0.452498247562 -0.00927643784787 0.00927643784787 -0.00927643784787
1.58384969751 1.81980601311 0.452498247562 1 1 0.452498247562 -0.00927643784787 0.00463821892393 -0.00927643784787
1.5827385864 1.82480601311 0.452498247562 1 1 0.452498247562 -0.00927643784787 0.00463821892393 -0.00927643784787
1.58162747529 1.82980601311 0.452498247562 1 1 0.452498247562 -0.00927643784787 0.00463821892393 -0.00927643784787
1.58051636418 1.83480601311 0.452498247562 1 1 0.452498247562 -0.0139146567718 0.00463821892393 -0.00927643784787
1.57940525307 1.83980601311 0.452498247562 1 1 0.452498247562 -0.0139146567718 0.00463821892393 -0.00927643784787
1.57829414196 1.84480601311 0.452498247562 1 1 0.452498247562 -0.0139146567718 0.00463821892393 -0.00927643784787
1.57718303085 1.84980601311 0.452498247562 1 1 0.452498247562 -0.0185528756957 0.00463821892393 -0.00927643784787
1.57607191973 1.85480601311 0.452498247562 1 1 0.452498247562 -0.0185528756957 0.00463821892393 -0.00927643784787
1.57496080862 1.85980601311 0.452498247562 1 1 0.452498247562 -0.0231910946197 0.00463821892393 -0.00927643784787
1.57514839881 1.86480601311 0.455745000808 1 1 0.455745000808 -0.0231910946197 0.00463821892393 -0.00463821892393
1.575335989 1.86980601311 0.458991754055 1 1 0.458991754055 -0.0231910946197 0.00463821892393 0.0
1.57422487789 1.87480601311 0.458991754055 1 1 0.458991754055 -0.0231910946197 0.00463821892393 0.0
1.57311376678 1.87980601311 0.458991754055 1 1 0.458991754055 -0.0231910946197 0.00463821892393 0.0
1.57200265567 1.88480601311 0.458991754055 1 1 0.458991754055 -0.0231910946197 0.00463821892393 0.0
1.57219024585 1.88980601311 0.462238507302 1 1 0.462238507302 -0.0231910946197 0.00463821892393 0.00463821892393
1.57107913474 1.89480601311 0.462238507302 1 1 0.462238507302 -0.0231910946197 0.00927643784787 0.00463821892393
1.56996802363 1.89980601311 0.462238507302 1 1 0.462238507302 -0.0231910946197 0.00927643784787 0.00463821892393
1.57015561382 1.90480601311 0.465485260549 1 1 0.465485260549 -0.0231910946197 0.0139146567718 0.00927643784787
1.57034320401 1.90980601311 0.468732013795 1 1 0.468732013795 -0.0231910946197 0.0139146567718 0.0139146567718
1.56923209289 1.91480601311 0.468732013795 1 1 0.468732013795 -0.0231910946197 0.0185528756957 0.0139146567718
1.56812098178 1.91980601311 0.468732013795 1 1 0.468732013795 -0.0231910946197 0.0185528756957 0.0139146567718
1.56700987067 1.92480601311 0.468732013795 1 1 0.468732013795 -0.0231910946197 0.0185528756957 0.0139146567718
1.56589875956 1.92980601311 0.468732013795 1 1 0.468732013795 -0.0231910946197 0.0231910946197 0.0139146567718
1.56478764845 1.93480601311 0.468732013795 1 1 0.468732013795 -0.0231910946197 0.0231910946197 0.0139146567718
1.56367653734 1.93980601311 0.468732013795 1 1 0.468732013795 -0.0231910946197 0.0231910946197 0.0139146567718
1.56256542623 1.94480601311 0.468732013795 1 1 0.468732013795 -0.0278293135436 0.0231910946197 0.0139146567718
1.56145431512 1.94980601311 0.468732013795 1 1 0.468732013795 -0.0278293135436 0.0231910946197 0.0139146567718
1.55904450271 1.95480601311 0.465485260549 1 1 0.465485260549 -0.0278293135436 0.0231910946197 0.00927643784787
1.5579333916 1.95980601311 0.465485260549 1 1 0.465485260549 -0.0278293135436 0.0231910946197 0.00927643784787
1.55682228048 1.96480601311 0.465485260549 1 1 0.465485260549 -0.0278293135436 0.0231910946197 0.00927643784787
1.55571116937 1.96980601311 0.465485260549 1 1 0.465485260549 -0.0278293135436 0.0231910946197 0.00927643784787
1.55460005826 1.97480601311 0.465485260549 1 1 0.465485260549 -0.0278293135436 0.0231910946197 0.00927643784787
1.55348894715 1.97980601311 0.465485260549 1 1 0.465485260549 -0.0278293135436 0.0231910946197 0.00927643784787
1.55237783604 1.98480601311 0.465485260549 1 1 0.465485260549 -0.0278293135436 0.0231910946197 0.00927643784787
1.55126672493 1.98980601311 0.465485260549 1 1 0.465485260549 -0.0231910946197 0.0231910946197 0.00927643784787
1.55015561382 1.99480601311 0.465485260549 1 1 0.465485260549 -0.0231910946197 0.0231910946197 0.00927643784787
1.54904450271 1.99980601311 0.465485260549 1 1 0.465485260549 -0.0231910946197 0.0231910946197 0.00927643784787
1.5479333916 2.00480601311 0.465485260549 1 1 0.465485260549 -0.0231910946197 0.0231910946197 0.00927643784787
1.54682228048 2.00980601311 0.465485260549 1 1 0.465485260549 -0.0185528756957 0.0185528756957 0.00927643784787
1.54571116937 2.01480601311 0.465485260549 1 1 0.465485260549 -0.0185528756957 0.0185528756957 0.00927643784787
1.54460005826 2.01980601311 0.465485260549 1 1 0.465485260549 -0.0185528756957 0.0139146567718 0.00927643784787
1.54348894715 2.02480601311 0.465485260549 1 1 0.465485260549 -0.0139146567718 0.0139146567718 0.00927643784787
1.54237783604 2.02980601311 0.465485260549 1 1 0.465485260549 -0.00927643784787 0.0139146567718 0.00927643784787
1.54126672493 2.03480601311 0.465485260549 1 1 0.465485260549 -0.00463821892393 0.0139146567718 0.00927643784787
1.54015561382 2.03980601311 0.465485260549 1 1 0.465485260549 -0.00463821892393 0.0139146567718 0.00927643784787
1.53904450271 2.04480601311 0.465485260549 1 1 0.465485260549 0.0 0.0139146567718 0.00927643784787
1.5379333916 2.04980601311 0.465485260549 1 1 0.465485260549 0.0 0.0139146567718 0.00927643784787
1.53682228048 2.05480601311 0.465485260549 1 1 0.465485260549 0.0 0.0139146567718 0.00927643784787
1.53571116937 2.05980601311 0.465485260549 1 1 0.465485260549 0.00463821892393 0.0139146567718 0.00927643784787
1.53460005826 2.06480601311 0.465485260549 1 1 0.465485260549 0.00463821892393 0.0185528756957 0.00927643784787
1.53348894715 2.06980601311 0.465485260549 1 1 0.465485260549 0.00463821892393 0.0185528756957 0.00927643784787
1.53237783604 2.07480601311 0.465485260549 1 1 0.465485260549 0.00463821892393 0.0231910946197 0.00927643784787
1.53126672493 2.07980601311 0.465485260549 1 1 0.465485260549 0.00463821892393 0.0231910946197 0.00927643784787
1.53015561382 2.08480601311 0.465485260549 1 1 0.465485260549 0.00463821892393 0.0231910946197 0.00927643784787
1.52904450271 2.08980601311 0.465485260549 1 1 0.465485260549 0.00463821892393 0.0278293135436 0.00927643784787
1.5279333916 2.09480601311 0.465485260549 1 1 0.465485260549 0.00927643784787 0.0278293135436 0.00927643784787
1.52682228048 2.09980601311 0.465485260549 1 1 0.465485260549 0.00927643784787 0.0278293135436 0.00927643784787
1.52700987067 2.10480601311 0.468732013795 1 1 0.468732013795 0.0139146567718 0.0278293135436 0.0139146567718
1.52589875956 2.10980601311 0.468732013795 1 1 0.468732013795 0.0185528756957 0.0278293135436 0.0139146567718
1.52478764845 2.11480601311 0.468732013795 1 1 0.468732013795 0.0185528756957 0.0278293135436 0.0139146567718
1.52237783604 2.11980601311 0.465485260549 1 1 0.465485260549 0.0185528756957 0.0278293135436 0.00927643784787
1.52126672493 2.12480601311 0.465485260549 1 1 0.465485260549 0.0185528756957 0.0278293135436 0.00927643784787
1.52015561382 2.12980601311 0.465485260549 1 1 0.465485260549 0.0185528756957 0.0278293135436 0.00927643784787
1.51904450271 2.13480601311 0.465485260549 1 1 0.465485260549 0.0185528756957 0.0278293135436 0.00927643784787
1.5166346903 2.13980601311 0.462238507302 1 1 0.462238507302 0.0185528756957 0.0278293135436 0.00463821892393
1.51552357919 2.14480601311 0.462238507302 1 1 0.462238507302 0.0185528756957 0.0278293135436 0.00463821892393
1.51441246807 2.14980601311 0.462238507302 1 1 0.462238507302 0.0185528756957 0.0278293135436 0.00463821892393
1.51330135696 2.15480601311 0.462238507302 1 1 0.462238507302 0.0185528756957 0.0278293135436 0.00463821892393
1.51219024585 2.15980601311 0.462238507302 1 1 0.462238507302 0.0185528756957 0.0371057513915 0.00463821892393
1.50978043344 2.16480601311 0.458991754055 1 1 0.458991754055 0.0185528756957 0.0371057513915 0.0
1.50866932233 2.16980601311 0.458991754055 1 1 0.458991754055 0.0185528756957 0.0417439703154 0.0
1.50755821122 2.17480601311 0.458991754055 1 1 0.458991754055 0.0139146567718 0.0417439703154 0.0
1.50644710011 2.17980601311 0.458991754055 1 1 0.458991754055 0.00927643784787 0.0417439703154 0.0
1.5040372877 2.18480601311 0.455745000808 1 1 0.455745000808 0.00463821892393 0.0417439703154 -0.00463821892393
1.50292617659 2.18980601311 0.455745000808 1 1 0.455745000808 0.00463821892393 0.0417439703154 -0.00463821892393
1.50181506548 2.19480601311 0.455745000808 1 1 0.455745000808 0.00463821892393 0.0463821892393 -0.00463821892393
1.50070395437 2.19980601311 0.455745000808 1 1 0.455745000808 0.00463821892393 0.0463821892393 -0.00463821892393
1.49959284326 2.20480601311 0.455745000808 1 1 0.455745000808 0.0 0.0463821892393 -0.00463821892393
1.49718303085 2.20980601311 0.452498247562 1 1 0.452498247562 -0.00463821892393 0.0463821892393 -0.00927643784787
1.49607191973 2.21480601311 0.452498247562 1 1 0.452498247562 -0.00463821892393 0.0463821892393 -0.00927643784787
1.49496080862 2.21980601311 0.452498247562 1 1 0.452498247562 -0.00463821892393 0.0417439703154 -0.00927643784787
1.49514839881 2.22480601311 0.455745000808 1 1 0.455745000808 -0.00463821892393 0.0417439703154 -0.00463821892393
1.4940372877 2.22980601311 0.455745000808 1 1 0.455745000808 -0.00463821892393 0.0417439703154 -0.00463821892393
1.49292617659 2.23480601311 0.455745000808 1 1 0.455745000808 -0.00463821892393 0.0417439703154 -0.00463821892393
1.49181506548 2.23980601311 0.455745000808 1 1 0.455745000808 -0.00463821892393 0.0371057513915 -0.00463821892393
1.49070395437 2.24480601311 0.455745000808 1 1 0.455745000808 -0.00463821892393 0.0324675324675 -0.00463821892393
1.48959284326 2.24980601311 0.455745000808 1 1 0.455745000808 0.0 0.0324675324675 -0.00463821892393
1.48848173214 2.25480601311 0.455745000808 1 1 0.455745000808 0.0 0.0324675324675 -0.00463821892393
1.48607191973 2.25980601311 0.452498247562 1 1 0.452498247562 0.0 0.0324675324675 -0.00927643784787
1.48496080862 2.26480601311 0.452498247562 1 1 0.452498247562 0.0 0.0324675324675 -0.00927643784787
1.48255099621 2.26980601311 0.449251494315 1 1 0.449251494315 0.00463821892393 0.0324675324675 -0.0139146567718
1.4814398851 2.27480601311 0.449251494315 1 1 0.449251494315 0.00463821892393 0.0324675324675 -0.0139146567718
1.48032877399 2.27980601311 0.449251494315 1 1 0.449251494315 0.00927643784787 0.0324675324675 -0.0139146567718
1.47921766288 2.28480601311 0.449251494315 1 1 0.449251494315 0.00927643784787 0.0324675324675 -0.0139146567718
1.47680785047 2.28980601311 0.446004741068 1 1 0.446004741068 0.00927643784787 0.0278293135436 -0.0185528756957
1.47569673936 2.29480601311 0.446004741068 1 1 0.446004741068 0.00927643784787 0.0278293135436 -0.0185528756957
1.47458562825 2.29980601311 0.446004741068 1 1 0.446004741068 0.00927643784787 0.0278293135436 -0.0185528756957
1.47347451714 2.30480601311 0.446004741068 1 1 0.446004741068 0.00927643784787 0.0231910946197 -0.0185528756957
1.47106470473 2.30980601311 0.442757987821 1 1 0.442757987821 0.00927643784787 0.0185528756957 -0.0231910946197
1.46995359362 2.31480601311 0.442757987821 1 1 0.442757987821 0.00927643784787 0.0139146567718 -0.0231910946197
1.4688424825 2.31980601311 0.442757987821 1 1 0.442757987821 0.00927643784787 0.0139146567718 -0.0231910946197
1.46773137139 2.32480601311 0.442757987821 1 1 0.442757987821 0.00927643784787 0.00927643784787 -0.0231910946197
1.46662026028 2.32980601311 0.442757987821 1 1 0.442757987821 0.00927643784787 0.00927643784787 -0.0231910946197
1.46421044787 2.33480601311 0.439511234575 1 1 0.439511234575 0.00927643784787 0.00927643784787 -0.0278293135436
1.46309933676 2.33980601311 0.439511234575 1 1 0.439511234575 0.0139146567718 0.00927643784787 -0.0278293135436
1.46198822565 2.34480601311 0.439511234575 1 1 0.439511234575 0.0139146567718 0.00927643784787 -0.0278293135436
1.46087711454 2.34980601311 0.439511234575 1 1 0.439511234575 0.0139146567718 0.00927643784787 -0.0278293135436
1.45976600343 2.35480601311 0.439511234575 1 1 0.439511234575 0.0139146567718 0.00927643784787 -0.0278293135436
1.45865489232 2.35980601311 0.439511234575 1 1 0.439511234575 0.0185528756957 0.00927643784787 -0.0278293135436
1.45754378121 2.36480601311 0.439511234575 1 1 0.439511234575 0.0185528756957 0.00927643784787 -0.0278293135436
1.4564326701 2.36980601311 0.439511234575 1 1 0.439511234575 0.0185528756957 0.00927643784787 -0.0278293135436
1.45532155898 2.37480601311 0.439511234575 1 1 0.439511234575 0.0185528756957 0.00927643784787 -0.0278293135436
1.45421044787 2.37980601311 0.439511234575 1 1 0.439511234575 0.0185528756957 0.00927643784787 -0.0278293135436
1.45309933676 2.38480601311 0.439511234575 1 1 0.439511234575 0.0185528756957 0.00927643784787 -0.0278293135436
1.45198822565 2.38980601311 0.439511234575 1 1 0.439511234575 0.0185528756957 0.00927643784787 -0.0278293135436
1.45087711454 2.39480601311 0.439511234575 1 1 0.439511234575 0.0185528756957 0.00927643784787 -0.0278293135436
1.44976600343 2.39980601311 0.439511234575 1 1 0.439511234575 0.0139146567718 0.00927643784787 -0.0278293135436
1.44865489232 2.40480601311 0.439511234575 1 1 0.439511234575 0.00927643784787 0.00927643784787 -0.0278293135436
1.44754378121 2.40980601311 0.439511234575 1 1 0.439511234575 0.00927643784787 0.00927643784787 -0.0278293135436
1.4464326701 2.41480601311 0.439511234575 1 1 0.439511234575 0.00463821892393 0.00927643784787 -0.0278293135436
1.44532155898 2.41980601311 0.439511234575 1 1 0.439511234575 0.00463821892393 0.00927643784787 -0.0278293135436
1.44421044787 2.42480601311 0.439511234575 1 1 0.439511234575 0.0 0.00927643784787 -0.0278293135436
1.44309933676 2.42980601311 0.439511234575 1 1 0.439511234575 0.0 0.00927643784787 -0.0278293135436
1.44198822565 2.43480601311 0.439511234575 1 1 0.439511234575 -0.00463821892393 0.00927643784787 -0.0278293135436
1.44087711454 2.43980601311 0.439511234575 1 1 0.439511234575 -0.00463821892393 0.00927643784787 -0.0278293135436
1.43976600343 2.44480601311 0.439511234575 1 1 0.439511234575 -0.00463821892393 0.00927643784787 -0.0278293135436
1.43995359362 2.44980601311 0.442757987821 1 1 0.442757987821 -0.00463821892393 0.00927643784787 -0.0231910946197
1.4388424825 2.45480601311 0.442757987821 1 1 0.442757987821 -0.00463821892393 0.00927643784787 -0.0231910946197
1.43773137139 2.45980601311 0.442757987821 1 1 0.442757987821 -0.00463821892393 0.0139146567718 -0.0231910946197
1.43662026028 2.46480601311 0.442757987821 1 1 0.442757987821 -0.00927643784787 0.0185528756957 -0.0231910946197
1.43550914917 2.46980601311 0.442757987821 1 1 0.442757987821 -0.00927643784787 0.0185528756957 -0.0231910946197
1.43439803806 2.47480601311 0.442757987821 1 1 0.442757987821 -0.00927643784787 0.0231910946197 -0.0231910946197
1.43458562825 2.47980601311 0.446004741068 1 1 0.446004741068 -0.00927643784787 0.0231910946197 -0.0185528756957
1.43347451714 2.48480601311 0.446004741068 1 1 0.446004741068 -0.0139146567718 0.0231910946197 -0.0185528756957
1.43366210732 2.48980601311 0.449251494315 1 1 0.449251494315 -0.0185528756957 0.0231910946197 -0.0139146567718
1.43384969751 2.49480601311 0.452498247562 1 1 0.452498247562 -0.0185528756957 0.0231910946197 -0.00927643784787
1.4327385864 2.49980601311 0.452498247562 1 1 0.452498247562 -0.0231910946197 0.0231910946197 -0.00927643784787
1.43162747529 2.50480601311 0.452498247562 1 1 0.452498247562 -0.0231910946197 0.0278293135436 -0.00927643784787
1.43051636418 2.50980601311 0.452498247562 1 1 0.452498247562 -0.0278293135436 0.0278293135436 -0.00927643784787
1.42940525307 2.51480601311 0.452498247562 1 1 0.452498247562 -0.0278293135436 0.0324675324675 -0.00927643784787
1.42829414196 2.51980601311 0.452498247562 1 1 0.452498247562 -0.0278293135436 0.0324675324675 -0.00927643784787
1.42718303085 2.52480601311 0.452498247562 1 1 0.452498247562 -0.0278293135436 0.0324675324675 -0.00927643784787
1.42737062103 2.52980601311 0.455745000808 1 1 0.455745000808 -0.0278293135436 0.0324675324675 -0.00463821892393
1.42625950992 2.53480601311 0.455745000808 1 1 0.455745000808 -0.0278293135436 0.0324675324675 -0.00463821892393
1.42644710011 2.53980601311 0.458991754055 1 1 0.458991754055 -0.0278293135436 0.0324675324675 0.0
1.425335989 2.54480601311 0.458991754055 1 1 0.458991754055 -0.0278293135436 0.0324675324675 0.0
1.42422487789 2.54980601311 0.458991754055 1 1 0.458991754055 -0.0278293135436 0.0324675324675 0.0
1.42441246807 2.55480601311 0.462238507302 1 1 0.462238507302 -0.0278293135436 0.0324675324675 0.00463821892393
1.42330135696 2.55980601311 0.462238507302 1 1 0.462238507302 -0.0278293135436 0.0324675324675 0.00463821892393
1.42219024585 2.56480601311 0.462238507302 1 1 0.462238507302 -0.0278293135436 0.0324675324675 0.00463821892393
1.42107913474 2.56980601311 0.462238507302 1 1 0.462238507302 -0.0278293135436 0.0324675324675 0.00463821892393
1.42126672493 2.57480601311 0.465485260549 1 1 0.465485260549 -0.0278293135436 0.0324675324675 0.00927643784787
1.42015561382 2.57980601311 0.465485260549 1 1 0.465485260549 -0.0278293135436 0.0324675324675 0.00927643784787
1.41904450271 2.58480601311 0.465485260549 1 1 0.465485260549 -0.0278293135436 0.0324675324675 0.00927643784787
1.4179333916 2.58980601311 0.465485260549 1 1 0.465485260549 -0.0278293135436 0.0324675324675 0.00927643784787
1.41682228048 2.59480601311 0.465485260549 1 1 0.465485260549 -0.0278293135436 0.0324675324675 0.00927643784787
1.41571116937 2.59980601311 0.465485260549 1 1 0.465485260549 -0.0278293135436 0.0324675324675 0.00927643784787
1.41460005826 2.60480601311 0.465485260549 1 1 0.465485260549 -0.0278293135436 0.0324675324675 0.00927643784787
1.41348894715 2.60980601311 0.465485260549 1 1 0.465485260549 -0.0278293135436 0.0324675324675 0.00927643784787
1.41237783604 2.61480601311 0.465485260549 1 1 0.465485260549 -0.0278293135436 0.0324675324675 0.00927643784787
1.41126672493 2.61980601311 0.465485260549 1 1 0.465485260549 -0.0278293135436 0.0324675324675 0.00927643784787
1.41015561382 2.62480601311 0.465485260549 1 1 0.465485260549 -0.0231910946197 0.0324675324675 0.00927643784787
1.40904450271 2.62980601311 0.465485260549 1 1 0.465485260549 -0.0231910946197 0.0324675324675 0.00927643784787
1.4079333916 2.63480601311 0.465485260549 1 1 0.465485260549 -0.0139146567718 0.0324675324675 0.00927643784787
1.40682228048 2.63980601311 0.465485260549 1 1 0.465485260549 -0.00927643784787 0.0324675324675 0.00927643784787
1.40571116937 2.64480601311 0.465485260549 1 1 0.465485260549 -0.00463821892393 0.0324675324675 0.00927643784787
1.40460005826 2.64980601311 0.465485260549 1 1 0.465485260549 0.0 0.0371057513915 0.00927643784787
1.40219024585 2.65480601311 0.462238507302 1 1 0.462238507302 0.00463821892393 0.0371057513915 0.00463821892393
1.40107913474 2.65980601311 0.462238507302 1 1 0.462238507302 0.00463821892393 0.0371057513915 0.00463821892393
1.39866932233 2.66480601311 0.458991754055 1 1 0.458991754055 0.00463821892393 0.0417439703154 0.0
1.39755821122 2.66980601311 0.458991754055 1 1 0.458991754055 0.00463821892393 0.0463821892393 0.0
1.39644710011 2.67480601311 0.458991754055 1 1 0.458991754055 0.00463821892393 0.0463821892393 0.0
1.395335989 2.67980601311 0.458991754055 1 1 0.458991754055 0.00927643784787 0.0463821892393 0.0
1.39292617659 2.68480601311 0.455745000808 1 1 0.455745000808 0.00927643784787 0.0463821892393 -0.00463821892393
1.39181506548 2.68980601311 0.455745000808 1 1 0.455745000808 0.00927643784787 0.0510204081633 -0.00463821892393
1.39070395437 2.69480601311 0.455745000808 1 1 0.455745000808 0.00927643784787 0.0510204081633 -0.00463821892393
1.38959284326 2.69980601311 0.455745000808 1 1 0.455745000808 0.00927643784787 0.0556586270872 -0.00463821892393
1.38718303085 2.70480601311 0.452498247562 1 1 0.452498247562 0.00927643784787 0.0556586270872 -0.00927643784787
1.38607191973 2.70980601311 0.452498247562 1 1 0.452498247562 0.0139146567718 0.0556586270872 -0.00927643784787
1.38496080862 2.71480601311 0.452498247562 1 1 0.452498247562 0.0139146567718 0.0556586270872 -0.00927643784787
1.38384969751 2.71980601311 0.452498247562 1 1 0.452498247562 0.0139146567718 0.0556586270872 -0.00927643784787
1.3814398851 2.72480601311 0.449251494315 1 1 0.449251494315 0.0185528756957 0.0602968460111 -0.0139146567718
1.38032877399 2.72980601311 0.449251494315 1 1 0.449251494315 0.0185528756957 0.0602968460111 -0.0139146567718
1.37921766288 2.73480601311 0.449251494315 1 1 0.449251494315 0.0185528756957 0.0602968460111 -0.0139146567718
1.37810655177 2.73980601311 0.449251494315 1 1 0.449251494315 0.0185528756957 0.0602968460111 -0.0139146567718
1.37439803806 2.74480601311 0.442757987821 1 1 0.442757987821 0.0139146567718 0.0602968460111 -0.0231910946197
1.37328692695 2.74980601311 0.442757987821 1 1 0.442757987821 0.0139146567718 0.0602968460111 -0.0231910946197
1.37217581584 2.75480601311 0.442757987821 1 1 0.442757987821 0.0139146567718 0.0602968460111 -0.0231910946197
1.37106470473 2.75980601311 0.442757987821 1 1 0.442757987821 0.00927643784787 0.0602968460111 -0.0231910946197
1.36995359362 2.76480601311 0.442757987821 1 1 0.442757987821 0.00927643784787 0.0602968460111 -0.0231910946197
1.3688424825 2.76980601311 0.442757987821 1 1 0.442757987821 0.00927643784787 0.0556586270872 -0.0231910946197
1.36773137139 2.77480601311 0.442757987821 1 1 0.442757987821 0.00927643784787 0.0556586270872 -0.0231910946197
1.36532155898 2.77980601311 0.439511234575 1 1 0.439511234575 0.00463821892393 0.0510204081633 -0.0278293135436
1.36421044787 2.78480601311 0.439511234575 1 1 0.439511234575 0.0 0.0510204081633 -0.0278293135436
1.36309933676 2.78980601311 0.439511234575 1 1 0.439511234575 -0.00463821892393 0.0510204081633 -0.0278293135436
1.36328692695 2.79480601311 0.442757987821 1 1 0.442757987821 -0.00463821892393 0.0510204081633 -0.0231910946197
1.36217581584 2.79980601311 0.442757987821 1 1 0.442757987821 -0.00463821892393 0.0463821892393 -0.0231910946197
1.36106470473 2.80480601311 0.442757987821 1 1 0.442757987821 -0.00463821892393 0.0417439703154 -0.0231910946197
1.35995359362 2.80980601311 0.442757987821 1 1 0.442757987821 -0.0139146567718 0.0371057513915 -0.0231910946197
1.3588424825 2.81480601311 0.442757987821 1 1 0.442757987821 -0.0139146567718 0.0371057513915 -0.0231910946197
1.35903007269 2.81980601311 0.446004741068 1 1 0.446004741068 -0.0139146567718 0.0324675324675 -0.0185528756957
1.35791896158 2.82480601311 0.446004741068 1 1 0.446004741068 -0.0139146567718 0.0324675324675 -0.0185528756957
1.35680785047 2.82980601311 0.446004741068 1 1 0.446004741068 -0.0139146567718 0.0324675324675 -0.0185528756957
1.35569673936 2.83480601311 0.446004741068 1 1 0.446004741068 -0.0139146567718 0.0324675324675 -0.0185528756957
1.35458562825 2.83980601311 0.446004741068 1 1 0.446004741068 -0.0139146567718 0.0324675324675 -0.0185528756957
1.35347451714 2.84480601311 0.446004741068 1 1 0.446004741068 -0.0139146567718 0.0278293135436 -0.0185528756957
1.35236340603 2.84980601311 0.446004741068 1 1 0.446004741068 -0.0139146567718 0.0278293135436 -0.0185528756957
1.35125229491 2.85480601311 0.446004741068 1 1 0.446004741068 -0.0139146567718 0.0231910946197 -0.0185528756957
1.3501411838 2.85980601311 0.446004741068 1 1 0.446004741068 -0.00927643784787 0.0231910946197 -0.0185528756957
1.35032877399 2.86480601311 0.449251494315 1 1 0.449251494315 -0.00927643784787 0.0231910946197 -0.0139146567718
1.34921766288 2.86980601311 0.449251494315 1 1 0.449251494315 -0.00927643784787 0.0231910946197 -0.0139146567718
1.34810655177 2.87480601311 0.449251494315 1 1 0.449251494315 -0.00927643784787 0.0231910946197 -0.0139146567718
1.34699544066 2.87980601311 0.449251494315 1 1 0.449251494315 -0.00927643784787 0.0231910946197 -0.0139146567718
1.34588432955 2.88480601311 0.449251494315 1 1 0.449251494315 -0.00463821892393 0.0231910946197 -0.0139146567718
1.34477321844 2.88980601311 0.449251494315 1 1 0.449251494315 -0.00463821892393 0.0139146567718 -0.0139146567718
1.34366210732 2.89480601311 0.449251494315 1 1 0.449251494315 -0.00463821892393 0.00927643784787 -0.0139146567718
1.34255099621 2.89980601311 0.449251494315 1 1 0.449251494315 -0.00463821892393 0.00927643784787 -0.0139146567718
1.3414398851 2.90480601311 0.449251494315 1 1 0.449251494315 -0.00463821892393 0.00927643784787 -0.0139146567718
1.34032877399 2.90980601311 0.449251494315 1 1 0.449251494315 -0.00463821892393 0.00927643784787 -0.0139146567718
1.33921766288 2.91480601311 0.449251494315 1 1 0.449251494315 -0.00463821892393 0.00927643784787 -0.0139146567718
1.33810655177 2.91980601311 0.449251494315 1 1 0.449251494315 -0.00463821892393 0.00463821892393 -0.0139146567718
1.33699544066 2.92480601311 0.449251494315 1 1 0.449251494315 -0.00463821892393 0.00463821892393 -0.0139146567718
1.33588432955 2.92980601311 0.449251494315 1 1 0.449251494315 -0.00463821892393 0.0 -0.0139146567718
1.33477321844 2.93480601311 0.449251494315 1 1 0.449251494315 -0.00463821892393 0.0 -0.0139146567718
1.33366210732 2.93980601311 0.449251494315 1 1 0.449251494315 -0.00463821892393 0.0 -0.0139146567718
1.33255099621 2.94480601311 0.449251494315 1 1 0.449251494315 -0.00463821892393 0.0 -0.0139146567718
1.3314398851 2.94980601311 0.449251494315 1 1 0.449251494315 0.00463821892393 0.0 -0.0139146567718
1.32903007269 2.95480601311 0.446004741068 1 1 0.446004741068 0.00927643784787 0.0 -0.0185528756957
1.32662026028 2.95980601311 0.442757987821 1 1 0.442757987821 0.00927643784787 0.0 -0.0231910946197
1.32421044787 2.96480601311 0.439511234575 1 1 0.439511234575 0.00927643784787 0.0 -0.0278293135436
1.32309933676 2.96980601311 0.439511234575 1 1 0.439511234575 0.00927643784787 0.0 -0.0278293135436
1.32198822565 2.97480601311 0.439511234575 1 1 0.439511234575 0.00927643784787 0.0 -0.0278293135436
1.32087711454 2.97980601311 0.439511234575 1 1 0.439511234575 0.00927643784787 0.0 -0.0278293135436
1.31976600343 2.98480601311 0.439511234575 1 1 0.439511234575 0.0139146567718 0.0 -0.0278293135436
1.31865489232 2.98980601311 0.439511234575 1 1 0.439511234575 0.0139146567718 0.0 -0.0278293135436
1.31754378121 2.99480601311 0.439511234575 1 1 0.439511234575 0.0139146567718 0.0 -0.0278293135436
1.3164326701 2.99980601311 0.439511234575 1 1 0.439511234575 0.0139146567718 0.00463821892393 -0.0278293135436
1.31532155898 3.00480601311 0.439511234575 1 1 0.439511234575 0.0139146567718 0.00463821892393 -0.0278293135436
1.31421044787 3.00980601311 0.439511234575 1 1 0.439511234575 0.0139146567718 0.00463821892393 -0.0278293135436
1.31309933676 3.01480601311 0.439511234575 1 1 0.439511234575 0.0139146567718 0.00463821892393 -0.0278293135436
1.31198822565 3.01980601311 0.439511234575 1 1 0.439511234575 0.0139146567718 0.00463821892393 -0.0278293135436
1.30957841324 3.02480601311 0.436264481328 1 1 0.436264481328 0.0139146567718 0.00927643784787 -0.0324675324675
1.30846730213 3.02980601311 0.436264481328 1 1 0.436264481328 0.0139146567718 0.00927643784787 -0.0324675324675
1.30605748972 3.03480601311 0.433017728081 1 1 0.433017728081 0.0139146567718 0.00927643784787 -0.0371057513915
