1.815335989 1.78980601311 -0.041008245945 1 1 -0.041008245945 0.0 0.0 0.0
1.8179333916 1.79480601311 -0.0345147394515 1 1 -0.0345147394515 0.00463821892393 0.00463821892393 0.00927643784787
1.8179333916 1.79980601311 -0.0345147394515 1 1 -0.0345147394515 0.00463821892393 0.00463821892393 0.00927643784787
1.8179333916 1.80480601311 -0.0345147394515 1 1 -0.0345147394515 0.00927643784787 0.00463821892393 0.00927643784787
1.81923209289 1.80980601311 -0.0312679862047 1 1 -0.0312679862047 0.00927643784787 0.00463821892393 0.0139146567718
1.81923209289 1.81480601311 -0.0312679862047 1 1 -0.0312679862047 0.0139146567718 0.00463821892393 0.0139146567718
1.81923209289 1.81980601311 -0.0312679862047 1 1 -0.0312679862047 0.0139146567718 0.00927643784787 0.0139146567718
1.81923209289 1.82480601311 -0.0312679862047 1 1 -0.0312679862047 0.0139146567718 0.0139146567718 0.0139146567718
1.81923209289 1.82980601311 -0.0312679862047 1 1 -0.0312679862047 0.0139146567718 0.0139146567718 0.0139146567718
1.81923209289 1.83480601311 -0.0312679862047 1 1 -0.0312679862047 0.0139146567718 0.0139146567718 0.0139146567718
1.81923209289 1.83980601311 -0.0312679862047 1 1 -0.0312679862047 0.0139146567718 0.0185528756957 0.0139146567718
1.81923209289 1.84480601311 -0.0312679862047 1 1 -0.0312679862047 0.0139146567718 0.0185528756957 0.0139146567718
1.81923209289 1.84980601311 -0.0312679862047 1 1 -0.0312679862047 0.0139146567718 0.0231910946197 0.0139146567718
1.81923209289 1.85480601311 -0.0312679862047 1 1 -0.0312679862047 0.0139146567718 0.0231910946197 0.0139146567718
1.81923209289 1.85980601311 -0.0312679862047 1 1 -0.0312679862047 0.00927643784787 0.0231910946197 0.0139146567718
1.81923209289 1.86480601311 -0.0312679862047 1 1 -0.0312679862047 0.00463821892393 0.0231910946197 0.0139146567718
1.82053079419 1.86980601311 -0.028021232958 1 1 -0.028021232958 0.0 0.0231910946197 0.0185528756957
1.82053079419 1.87480601311 -0.028021232958 1 1 -0.028021232958 0.0 0.0231910946197 0.0185528756957
1.82053079419 1.87980601311 -0.028021232958 1 1 -0.028021232958 0.0 0.0278293135436 0.0185528756957
1.82182949549 1.88480601311 -0.0247744797112 1 1 -0.0247744797112 -0.00463821892393 0.0278293135436 0.0231910946197
1.82312819679 1.88980601311 -0.0215277264645 1 1 -0.0215277264645 -0.00463821892393 0.0278293135436 0.0278293135436
1.82312819679 1.89480601311 -0.0215277264645 1 1 -0.0215277264645 -0.00463821892393 0.0278293135436 0.0278293135436
1.82312819679 1.89980601311 -0.0215277264645 1 1 -0.0215277264645 -0.00463821892393 0.0278293135436 0.0278293135436
1.82312819679 1.90480601311 -0.0215277264645 1 1 -0.0215277264645 -0.00927643784787 0.0324675324675 0.0278293135436
1.82312819679 1.90980601311 -0.0215277264645 1 1 -0.0215277264645 -0.00927643784787 0.0324675324675 0.0278293135436
1.82312819679 1.91480601311 -0.0215277264645 1 1 -0.0215277264645 -0.00927643784787 0.0371057513915 0.0278293135436
1.82312819679 1.91980601311 -0.0215277264645 1 1 -0.0215277264645 -0.00927643784787 0.0371057513915 0.0278293135436
1.82182949549 1.92480601311 -0.0247744797112 1 1 -0.0247744797112 -0.00927643784787 0.0371057513915 0.0231910946197
1.82053079419 1.92980601311 -0.028021232958 1 1 -0.028021232958 -0.00927643784787 0.0371057513915 0.0185528756957
1.82053079419 1.93480601311 -0.028021232958 1 1 -0.028021232958 -0.00927643784787 0.0371057513915 0.0185528756957
1.81923209289 1.93980601311 -0.0312679862047 1 1 -0.0312679862047 -0.00927643784787 0.0371057513915 0.0139146567718
1.81923209289 1.94480601311 -0.0312679862047 1 1 -0.0312679862047 -0.00927643784787 0.0371057513915 0.0139146567718
1.8179333916 1.94980601311 -0.0345147394515 1 1 -0.0345147394515 -0.00927643784787 0.0371057513915 0.00927643784787
1.8166346903 1.95480601311 -0.0377614926982 1 1 -0.0377614926982 -0.00927643784787 0.0371057513915 0.00463821892393
1.8166346903 1.95980601311 -0.0377614926982 1 1 -0.0377614926982 -0.00927643784787 0.0371057513915 0.00463821892393
1.8166346903 1.96480601311 -0.0377614926982 1 1 -0.0377614926982 -0.00927643784787 0.0371057513915 0.00463821892393
1.815335989 1.96980601311 -0.041008245945 1 1 -0.041008245945 -0.00927643784787 0.0371057513915 0.0
1.8140372877 1.97480601311 -0.0442549991917 1 1 -0.0442549991917 -0.00927643784787 0.0371057513915 -0.00463821892393
1.8140372877 1.97980601311 -0.0442549991917 1 1 -0.0442549991917 -0.00927643784787 0.0417439703154 -0.00463821892393
1.8127385864 1.98480601311 -0.0475017524385 1 1 -0.0475017524385 -0.00927643784787 0.0417439703154 -0.00927643784787
1.8127385864 1.98980601311 -0.0475017524385 1 1 -0.0475017524385 -0.00927643784787 0.0417439703154 -0.00927643784787
1.8114398851 1.99480601311 -0.0507485056852 1 1 -0.0507485056852 -0.00927643784787 0.0463821892393 -0.0139146567718
1.8114398851 1.99980601311 -0.0507485056852 1 1 -0.0507485056852 -0.00927643784787 0.0463821892393 -0.0139146567718
1.8114398851 2.00480601311 -0.0507485056852 1 1 -0.0507485056852 -0.00927643784787 0.0510204081633 -0.0139146567718
1.8101411838 2.00980601311 -0.053995258932 1 1 -0.053995258932 -0.00927643784787 0.0556586270872 -0.0185528756957
1.8101411838 2.01480601311 -0.053995258932 1 1 -0.053995258932 -0.00463821892393 0.0556586270872 -0.0185528756957
1.8101411838 2.01980601311 -0.053995258932 1 1 -0.053995258932 -0.00463821892393 0.0602968460111 -0.0185528756957
1.8088424825 2.02480601311 -0.0572420121787 1 1 -0.0572420121787 0.0 0.0602968460111 -0.0231910946197
1.8088424825 2.02980601311 -0.0572420121787 1 1 -0.0572420121787 -0.00463821892393 0.0602968460111 -0.0231910946197
1.8088424825 2.03480601311 -0.0572420121787 1 1 -0.0572420121787 -0.00463821892393 0.0602968460111 -0.0231910946197
1.8088424825 2.03980601311 -0.0572420121787 1 1 -0.0572420121787 -0.00927643784787 0.0602968460111 -0.0231910946197
1.80754378121 2.04480601311 -0.0604887654255 1 1 -0.0604887654255 -0.00927643784787 0.0602968460111 -0.0278293135436
1.80754378121 2.04980601311 -0.0604887654255 1 1 -0.0604887654255 -0.00927643784787 0.0602968460111 -0.0278293135436
1.80754378121 2.05480601311 -0.0604887654255 1 1 -0.0604887654255 -0.0139146567718 0.0602968460111 -0.0278293135436
1.80754378121 2.05980601311 -0.0604887654255 1 1 -0.0604887654255 -0.0139146567718 0.0602968460111 -0.0278293135436
1.80754378121 2.06480601311 -0.0604887654255 1 1 -0.0604887654255 -0.0139146567718 0.0556586270872 -0.0278293135436
1.80754378121 2.06980601311 -0.0604887654255 1 1 -0.0604887654255 -0.0185528756957 0.0510204081633 -0.0278293135436
1.80754378121 2.07480601311 -0.0604887654255 1 1 -0.0604887654255 -0.0231910946197 0.0510204081633 -0.0278293135436
1.80754378121 2.07980601311 -0.0604887654255 1 1 -0.0604887654255 -0.0278293135436 0.0510204081633 -0.0278293135436
1.80754378121 2.08480601311 -0.0604887654255 1 1 -0.0604887654255 -0.0278293135436 0.0463821892393 -0.0278293135436
1.80754378121 2.08980601311 -0.0604887654255 1 1 -0.0604887654255 -0.0324675324675 0.0417439703154 -0.0278293135436
1.80754378121 2.09480601311 -0.0604887654255 1 1 -0.0604887654255 -0.0324675324675 0.0417439703154 -0.0278293135436
1.80754378121 2.09980601311 -0.0604887654255 1 1 -0.0604887654255 -0.0371057513915 0.0417439703154 -0.0278293135436
1.80754378121 2.10480601311 -0.0604887654255 1 1 -0.0604887654255 -0.0371057513915 0.0371057513915 -0.0278293135436
1.80754378121 2.10980601311 -0.0604887654255 1 1 -0.0604887654255 -0.0417439703154 0.0371057513915 -0.0278293135436
1.80754378121 2.11480601311 -0.0604887654255 1 1 -0.0604887654255 -0.0417439703154 0.0278293135436 -0.0278293135436
1.80754378121 2.11980601311 -0.0604887654255 1 1 -0.0604887654255 -0.0417439703154 0.0278293135436 -0.0278293135436
1.80754378121 2.12480601311 -0.0604887654255 1 1 -0.0604887654255 -0.0417439703154 0.0231910946197 -0.0278293135436
1.80624507991 2.12980601311 -0.0637355186722 1 1 -0.0637355186722 -0.0417439703154 0.0231910946197 -0.0324675324675
1.80494637861 2.13480601311 -0.066982271919 1 1 -0.066982271919 -0.0417439703154 0.0185528756957 -0.0371057513915
1.80494637861 2.13980601311 -0.066982271919 1 1 -0.066982271919 -0.0417439703154 0.0139146567718 -0.0371057513915
1.80494637861 2.14480601311 -0.066982271919 1 1 -0.066982271919 -0.0417439703154 0.0139146567718 -0.0371057513915
1.80494637861 2.14980601311 -0.066982271919 1 1 -0.066982271919 -0.0371057513915 0.00927643784787 -0.0371057513915
1.80494637861 2.15480601311 -0.066982271919 1 1 -0.066982271919 -0.0324675324675 0.00463821892393 -0.0371057513915
1.80494637861 2.15980601311 -0.066982271919 1 1 -0.066982271919 -0.0324675324675 0.00463821892393 -0.0371057513915
1.80494637861 2.16480601311 -0.066982271919 1 1 -0.066982271919 -0.0324675324675 0.00463821892393 -0.0371057513915
1.80494637861 2.16980601311 -0.066982271919 1 1 -0.066982271919 -0.0324675324675 -0.00463821892393 -0.0371057513915
1.80494637861 2.17480601311 -0.066982271919 1 1 -0.066982271919 -0.0324675324675 -0.00927643784787 -0.0371057513915
1.80494637861 2.17980601311 -0.066982271919 1 1 -0.066982271919 -0.00463821892393 -0.00927643784787 -0.0371057513915
1.80494637861 2.18480601311 -0.066982271919 1 1 -0.066982271919 0.0 -0.00927643784787 -0.0371057513915
1.80364767731 2.18980601311 -0.0702290251658 1 1 -0.0702290251658 0.0 -0.00927643784787 -0.0417439703154
1.80364767731 2.19480601311 -0.0702290251658 1 1 -0.0702290251658 0.0 -0.0139146567718 -0.0417439703154
1.80364767731 2.19980601311 -0.0702290251658 1 1 -0.0702290251658 0.0 -0.0139146567718 -0.0417439703154
1.80105027471 2.20480601311 -0.0767225316593 1 1 -0.0767225316593 0.0 -0.0139146567718 -0.0510204081633
1.80105027471 2.20980601311 -0.0767225316593 1 1 -0.0767225316593 0.0 -0.0139146567718 -0.0510204081633
1.80105027471 2.21480601311 -0.0767225316593 1 1 -0.0767225316593 0.0 -0.0139146567718 -0.0510204081633
1.80105027471 2.21980601311 -0.0767225316593 1 1 -0.0767225316593 0.0 -0.0139146567718 -0.0510204081633
1.80105027471 2.22480601311 -0.0767225316593 1 1 -0.0767225316593 0.00463821892393 -0.0139146567718 -0.0510204081633
1.80105027471 2.22980601311 -0.0767225316593 1 1 -0.0767225316593 0.00463821892393 -0.0139146567718 -0.0510204081633
1.80105027471 2.23480601311 -0.0767225316593 1 1 -0.0767225316593 0.00463821892393 -0.0139146567718 -0.0510204081633
1.80105027471 2.23980601311 -0.0767225316593 1 1 -0.0767225316593 0.00463821892393 -0.0139146567718 -0.0510204081633
1.80105027471 2.24480601311 -0.0767225316593 1 1 -0.0767225316593 0.0139146567718 -0.0139146567718 -0.0510204081633
1.79975157341 2.24980601311 -0.079969284906 1 1 -0.079969284906 0.0185528756957 -0.0139146567718 -0.0556586270872
1.79975157341 2.25480601311 -0.079969284906 1 1 -0.079969284906 0.0185528756957 -0.0139146567718 -0.0556586270872
1.79975157341 2.25980601311 -0.079969284906 1 1 -0.079969284906 0.0185528756957 -0.0139146567718 -0.0556586270872
1.79975157341 2.26480601311 -0.079969284906 1 1 -0.079969284906 0.0185528756957 -0.0139146567718 -0.0556586270872
1.79975157341 2.26980601311 -0.079969284906 1 1 -0.079969284906 0.0185528756957 -0.0139146567718 -0.0556586270872
1.79975157341 2.27480601311 -0.079969284906 1 1 -0.079969284906 0.0185528756957 -0.0139146567718 -0.0556586270872
1.80105027471 2.27980601311 -0.0767225316593 1 1 -0.0767225316593 0.0231910946197 -0.0139146567718 -0.0510204081633
1.80105027471 2.28480601311 -0.0767225316593 1 1 -0.0767225316593 0.0231910946197 -0.0139146567718 -0.0510204081633
1.80105027471 2.28980601311 -0.0767225316593 1 1 -0.0767225316593 0.0278293135436 -0.0139146567718 -0.0510204081633
1.80234897601 2.29480601311 -0.0734757784125 1 1 -0.0734757784125 0.0324675324675 -0.0139146567718 -0.0463821892393
1.80234897601 2.29980601311 -0.0734757784125 1 1 -0.0734757784125 0.0324675324675 -0.0139146567718 -0.0463821892393
1.80234897601 2.30480601311 -0.0734757784125 1 1 -0.0734757784125 0.0324675324675 -0.00927643784787 -0.0463821892393
1.80234897601 2.30980601311 -0.0734757784125 1 1 -0.0734757784125 0.0324675324675 -0.00927643784787 -0.0463821892393
1.80234897601 2.31480601311 -0.0734757784125 1 1 -0.0734757784125 0.0324675324675 -0.00927643784787 -0.0463821892393
1.80234897601 2.31980601311 -0.0734757784125 1 1 -0.0734757784125 0.0324675324675 -0.00927643784787 -0.0463821892393
1.80234897601 2.32480601311 -0.0734757784125 1 1 -0.0734757784125 0.0324675324675 -0.00927643784787 -0.0463821892393
1.80234897601 2.32980601311 -0.0734757784125 1 1 -0.0734757784125 0.0324675324675 -0.00927643784787 -0.0463821892393
1.80234897601 2.33480601311 -0.0734757784125 1 1 -0.0734757784125 0.0324675324675 -0.00927643784787 -0.0463821892393
1.80364767731 2.33980601311 -0.0702290251658 1 1 -0.0702290251658 0.0324675324675 -0.00927643784787 -0.0417439703154
1.80364767731 2.34480601311 -0.0702290251658 1 1 -0.0702290251658 0.0324675324675 -0.00927643784787 -0.0417439703154
1.80624507991 2.34980601311 -0.0637355186722 1 1 -0.0637355186722 0.0324675324675 -0.00927643784787 -0.0324675324675
1.80624507991 2.35480601311 -0.0637355186722 1 1 -0.0637355186722 0.0371057513915 -0.00463821892393 -0.0324675324675
1.80754378121 2.35980601311 -0.0604887654255 1 1 -0.0604887654255 0.0371057513915 -0.00463821892393 -0.0278293135436
1.80754378121 2.36480601311 -0.0604887654255 1 1 -0.0604887654255 0.0371057513915 -0.00463821892393 -0.0278293135436
1.80754378121 2.36980601311 -0.0604887654255 1 1 -0.0604887654255 0.0371057513915 -0.00463821892393 -0.0278293135436
1.80754378121 2.37480601311 -0.0604887654255 1 1 -0.0604887654255 0.0371057513915 -0.00463821892393 -0.0278293135436
1.80754378121 2.37980601311 -0.0604887654255 1 1 -0.0604887654255 0.0371057513915 -0.00463821892393 -0.0278293135436
1.8088424825 2.38480601311 -0.0572420121787 1 1 -0.0572420121787 0.0371057513915 -0.00463821892393 -0.0231910946197
1.8088424825 2.38980601311 -0.0572420121787 1 1 -0.0572420121787 0.0371057513915 -0.00463821892393 -0.0231910946197
1.8088424825 2.39480601311 -0.0572420121787 1 1 -0.0572420121787 0.0371057513915 0.0 -0.0231910946197
1.8088424825 2.39980601311 -0.0572420121787 1 1 -0.0572420121787 0.0371057513915 0.0 -0.0231910946197
1.8101411838 2.40480601311 -0.053995258932 1 1 -0.053995258932 0.0371057513915 0.0 -0.0185528756957
1.8101411838 2.40980601311 -0.053995258932 1 1 -0.053995258932 0.0324675324675 0.0 -0.0185528756957
1.8101411838 2.41480601311 -0.053995258932 1 1 -0.053995258932 0.0324675324675 0.0 -0.0185528756957
1.8101411838 2.41980601311 -0.053995258932 1 1 -0.053995258932 0.0278293135436 0.0 -0.0185528756957
1.8101411838 2.42480601311 -0.053995258932 1 1 -0.053995258932 0.0231910946197 0.00463821892393 -0.0185528756957
1.8101411838 2.42980601311 -0.053995258932 1 1 -0.053995258932 0.0185528756957 0.00463821892393 -0.0185528756957
1.8101411838 2.43480601311 -0.053995258932 1 1 -0.053995258932 0.0185528756957 0.00463821892393 -0.0185528756957
1.8101411838 2.43980601311 -0.053995258932 1 1 -0.053995258932 0.0139146567718 0.00463821892393 -0.0185528756957
1.8114398851 2.44480601311 -0.0507485056852 1 1 -0.0507485056852 0.00927643784787 0.00463821892393 -0.0139146567718
1.8114398851 2.44980601311 -0.0507485056852 1 1 -0.0507485056852 0.00927643784787 0.00927643784787 -0.0139146567718
1.8140372877 2.45480601311 -0.0442549991917 1 1 -0.0442549991917 0.00927643784787 0.00927643784787 -0.00463821892393
1.8140372877 2.45980601311 -0.0442549991917 1 1 -0.0442549991917 0.00927643784787 0.0139146567718 -0.00463821892393
1.8140372877 2.46480601311 -0.0442549991917 1 1 -0.0442549991917 0.00927643784787 0.0139146567718 -0.00463821892393
1.815335989 2.46980601311 -0.041008245945 1 1 -0.041008245945 0.00927643784787 0.0185528756957 0.0
1.815335989 2.47480601311 -0.041008245945 1 1 -0.041008245945 0.00927643784787 0.0185528756957 0.0
1.815335989 2.47980601311 -0.041008245945 1 1 -0.041008245945 0.00927643784787 0.0185528756957 0.0
1.815335989 2.48480601311 -0.041008245945 1 1 -0.041008245945 0.00927643784787 0.0185528756957 0.0
1.815335989 2.48980601311 -0.041008245945 1 1 -0.041008245945 0.00927643784787 0.0185528756957 0.0
1.815335989 2.49480601311 -0.041008245945 1 1 -0.041008245945 0.00927643784787 0.0185528756957 0.0
1.815335989 2.49980601311 -0.041008245945 1 1 -0.041008245945 0.00463821892393 0.0185528756957 0.0
1.815335989 2.50480601311 -0.041008245945 1 1 -0.041008245945 0.00463821892393 0.0231910946197 0.0
1.815335989 2.50980601311 -0.041008245945 1 1 -0.041008245945 0.00463821892393 0.0231910946197 0.0
1.8166346903 2.51480601311 -0.0377614926982 1 1 -0.0377614926982 0.00463821892393 0.0231910946197 0.00463821892393
1.8179333916 2.51980601311 -0.0345147394515 1 1 -0.0345147394515 0.00463821892393 0.0231910946197 0.00927643784787
1.81923209289 2.52480601311 -0.0312679862047 1 1 -0.0312679862047 0.00463821892393 0.0278293135436 0.0139146567718
1.81923209289 2.52980601311 -0.0312679862047 1 1 -0.0312679862047 0.00463821892393 0.0278293135436 0.0139146567718
1.82053079419 2.53480601311 -0.028021232958 1 1 -0.028021232958 0.00927643784787 0.0278293135436 0.0185528756957
1.82182949549 2.53980601311 -0.0247744797112 1 1 -0.0247744797112 0.00927643784787 0.0278293135436 0.0231910946197
1.82182949549 2.54480601311 -0.0247744797112 1 1 -0.0247744797112 0.00927643784787 0.0278293135436 0.0231910946197
1.82312819679 2.54980601311 -0.0215277264645 1 1 -0.0215277264645 0.00927643784787 0.0278293135436 0.0278293135436
1.82312819679 2.55480601311 -0.0215277264645 1 1 -0.0215277264645 0.00927643784787 0.0278293135436 0.0278293135436
1.82312819679 2.55980601311 -0.0215277264645 1 1 -0.0215277264645 0.0139146567718 0.0278293135436 0.0278293135436
1.82312819679 2.56480601311 -0.0215277264645 1 1 -0.0215277264645 0.0139146567718 0.0278293135436 0.0278293135436
1.82312819679 2.56980601311 -0.0215277264645 1 1 -0.0215277264645 0.0185528756957 0.0278293135436 0.0278293135436
1.82312819679 2.57480601311 -0.0215277264645 1 1 -0.0215277264645 0.0185528756957 0.0278293135436 0.0278293135436
1.82312819679 2.57980601311 -0.0215277264645 1 1 -0.0215277264645 0.0185528756957 0.0278293135436 0.0278293135436
1.82312819679 2.58480601311 -0.0215277264645 1 1 -0.0215277264645 0.0185528756957 0.0278293135436 0.0278293135436
1.82312819679 2.58980601311 -0.0215277264645 1 1 -0.0215277264645 0.0185528756957 0.0278293135436 0.0278293135436
1.82312819679 2.59480601311 -0.0215277264645 1 1 -0.0215277264645 0.0231910946197 0.0278293135436 0.0278293135436
1.82312819679 2.59980601311 -0.0215277264645 1 1 -0.0215277264645 0.0231910946197 0.0324675324675 0.0278293135436
1.82312819679 2.60480601311 -0.0215277264645 1 1 -0.0215277264645 0.0231910946197 0.0371057513915 0.0278293135436
1.82312819679 2.60980601311 -0.0215277264645 1 1 -0.0215277264645 0.0231910946197 0.0371057513915 0.0278293135436
1.82182949549 2.61480601311 -0.0247744797112 1 1 -0.0247744797112 0.0231910946197 0.0324675324675 0.0231910946197
1.82182949549 2.61980601311 -0.0247744797112 1 1 -0.0247744797112 0.0231910946197 0.0324675324675 0.0231910946197
1.82182949549 2.62480601311 -0.0247744797112 1 1 -0.0247744797112 0.0231910946197 0.0324675324675 0.0231910946197
1.82053079419 2.62980601311 -0.028021232958 1 1 -0.028021232958 0.0231910946197 0.0324675324675 0.0185528756957
1.82053079419 2.63480601311 -0.028021232958 1 1 -0.028021232958 0.0231910946197 0.0371057513915 0.0185528756957
1.82053079419 2.63980601311 -0.028021232958 1 1 -0.028021232958 0.0231910946197 0.0371057513915 0.0185528756957
1.82053079419 2.64480601311 -0.028021232958 1 1 -0.028021232958 0.0231910946197 0.0371057513915 0.0185528756957
1.82053079419 2.64980601311 -0.028021232958 1 1 -0.028021232958 0.0231910946197 0.0371057513915 0.0185528756957
1.82053079419 2.65480601311 -0.028021232958 1 1 -0.028021232958 0.0231910946197 0.0371057513915 0.0185528756957
1.82053079419 2.65980601311 -0.028021232958 1 1 -0.028021232958 0.0185528756957 0.0371057513915 0.0185528756957
1.81923209289 2.66480601311 -0.0312679862047 1 1 -0.0312679862047 0.0185528756957 0.0324675324675 0.0139146567718
1.81923209289 2.66980601311 -0.0312679862047 1 1 -0.0312679862047 0.0139146567718 0.0324675324675 0.0139146567718
1.8179333916 2.67480601311 -0.0345147394515 1 1 -0.0345147394515 0.0139146567718 0.0324675324675 0.00927643784787
1.8179333916 2.67980601311 -0.0345147394515 1 1 -0.0345147394515 0.0139146567718 0.0278293135436 0.00927643784787
1.8179333916 2.68480601311 -0.0345147394515 1 1 -0.0345147394515 0.0139146567718 0.0278293135436 0.00927643784787
1.8179333916 2.68980601311 -0.0345147394515 1 1 -0.0345147394515 0.0139146567718 0.0231910946197 0.00927643784787
1.8179333916 2.69480601311 -0.0345147394515 1 1 -0.0345147394515 0.0139146567718 0.0185528756957 0.00927643784787
1.8166346903 2.69980601311 -0.0377614926982 1 1 -0.0377614926982 0.0139146567718 0.0185528756957 0.00463821892393
1.8166346903 2.70480601311 -0.0377614926982 1 1 -0.0377614926982 0.0139146567718 0.0185528756957 0.00463821892393
1.815335989 2.70980601311 -0.041008245945 1 1 -0.041008245945 0.0139146567718 0.0139146567718 0.0
1.815335989 2.71480601311 -0.041008245945 1 1 -0.041008245945 0.0139146567718 0.0139146567718 0.0
1.815335989 2.71980601311 -0.041008245945 1 1 -0.041008245945 0.0139146567718 0.0139146567718 0.0
1.815335989 2.72480601311 -0.041008245945 1 1 -0.041008245945 0.0139146567718 0.0139146567718 0.0
1.815335989 2.72980601311 -0.041008245945 1 1 -0.041008245945 0.0139146567718 0.0139146567718 0.0
1.815335989 2.73480601311 -0.041008245945 1 1 -0.041008245945 0.0139146567718 0.00927643784787 0.0
1.815335989 2.73980601311 -0.041008245945 1 1 -0.041008245945 0.0139146567718 0.00927643784787 0.0
1.8140372877 2.74480601311 -0.0442549991917 1 1 -0.0442549991917 0.0139146567718 0.00927643784787 -0.00463821892393
1.8140372877 2.74980601311 -0.0442549991917 1 1 -0.0442549991917 0.00927643784787 0.00927643784787 -0.00463821892393
1.8127385864 2.75480601311 -0.0475017524385 1 1 -0.0475017524385 0.00463821892393 0.00927643784787 -0.00927643784787
1.8127385864 2.75980601311 -0.0475017524385 1 1 -0.0475017524385 0.00463821892393 0.00927643784787 -0.00927643784787
1.8127385864 2.76480601311 -0.0475017524385 1 1 -0.0475017524385 0.0 0.00927643784787 -0.00927643784787
1.8127385864 2.76980601311 -0.0475017524385 1 1 -0.0475017524385 0.0 0.00927643784787 -0.00927643784787
1.8127385864 2.77480601311 -0.0475017524385 1 1 -0.0475017524385 -0.00463821892393 0.00927643784787 -0.00927643784787
1.8127385864 2.77980601311 -0.0475017524385 1 1 -0.0475017524385 -0.00463821892393 0.0139146567718 -0.00927643784787
1.8127385864 2.78480601311 -0.0475017524385 1 1 -0.0475017524385 -0.00463821892393 0.0139146567718 -0.00927643784787
1.8127385864 2.78980601311 -0.0475017524385 1 1 -0.0475017524385 -0.00463821892393 0.0139146567718 -0.00927643784787
1.8127385864 2.79480601311 -0.0475017524385 1 1 -0.0475017524385 -0.00463821892393 0.0139146567718 -0.00927643784787
1.8127385864 2.79980601311 -0.0475017524385 1 1 -0.0475017524385 -0.00927643784787 0.0139146567718 -0.00927643784787
1.8127385864 2.80480601311 -0.0475017524385 1 1 -0.0475017524385 -0.00927643784787 0.0139146567718 -0.00927643784787
1.8127385864 2.80980601311 -0.0475017524385 1 1 -0.0475017524385 -0.00927643784787 0.00927643784787 -0.00927643784787
1.8127385864 2.81480601311 -0.0475017524385 1 1 -0.0475017524385 -0.00927643784787 0.00927643784787 -0.00927643784787
1.8127385864 2.81980601311 -0.0475017524385 1 1 -0.0475017524385 -0.00927643784787 0.00463821892393 -0.00927643784787
1.8127385864 2.82480601311 -0.0475017524385 1 1 -0.0475017524385 -0.00927643784787 0.00463821892393 -0.00927643784787
1.8127385864 2.82980601311 -0.0475017524385 1 1 -0.0475017524385 -0.00927643784787 0.00463821892393 -0.00927643784787
1.8127385864 2.83480601311 -0.0475017524385 1 1 -0.0475017524385 -0.0139146567718 0.00463821892393 -0.00927643784787
1.8127385864 2.83980601311 -0.0475017524385 1 1 -0.0475017524385 -0.0139146567718 0.00463821892393 -0.00927643784787
1.8127385864 2.84480601311 -0.0475017524385 1 1 -0.0475017524385 -0.0139146567718 0.00463821892393 -0.00927643784787
1.8127385864 2.84980601311 -0.0475017524385 1 1 -0.0475017524385 -0.0185528756957 0.00463821892393 -0.00927643784787
1.8127385864 2.85480601311 -0.0475017524385 1 1 -0.0475017524385 -0.0185528756957 0.00463821892393 -0.00927643784787
1.8127385864 2.85980601311 -0.0475017524385 1 1 -0.0475017524385 -0.0231910946197 0.00463821892393 -0.00927643784787
1.8140372877 2.86480601311 -0.0442549991917 1 1 -0.0442549991917 -0.0231910946197 0.00463821892393 -0.00463821892393
1.815335989 2.86980601311 -0.041008245945 1 1 -0.041008245945 -0.0231910946197 0.00463821892393 0.0
1.815335989 2.87480601311 -0.041008245945 1 1 -0.041008245945 -0.0231910946197 0.00463821892393 0.0
1.815335989 2.87980601311 -0.041008245945 1 1 -0.041008245945 -0.0231910946197 0.00463821892393 0.0
1.815335989 2.88480601311 -0.041008245945 1 1 -0.041008245945 -0.0231910946197 0.00463821892393 0.0
1.8166346903 2.88980601311 -0.0377614926982 1 1 -0.0377614926982 -0.0231910946197 0.00463821892393 0.00463821892393
1.8166346903 2.89480601311 -0.0377614926982 1 1 -0.0377614926982 -0.0231910946197 0.00927643784787 0.00463821892393
1.8166346903 2.89980601311 -0.0377614926982 1 1 -0.0377614926982 -0.0231910946197 0.00927643784787 0.00463821892393
1.8179333916 2.90480601311 -0.0345147394515 1 1 -0.0345147394515 -0.0231910946197 0.0139146567718 0.00927643784787
1.81923209289 2.90980601311 -0.0312679862047 1 1 -0.0312679862047 -0.0231910946197 0.0139146567718 0.0139146567718
1.81923209289 2.91480601311 -0.0312679862047 1 1 -0.0312679862047 -0.0231910946197 0.0185528756957 0.0139146567718
1.81923209289 2.91980601311 -0.0312679862047 1 1 -0.0312679862047 -0.0231910946197 0.0185528756957 0.0139146567718
1.81923209289 2.92480601311 -0.0312679862047 1 1 -0.0312679862047 -0.0231910946197 0.0185528756957 0.0139146567718
1.81923209289 2.92980601311 -0.0312679862047 1 1 -0.0312679862047 -0.0231910946197 0.0231910946197 0.0139146567718
1.81923209289 2.93480601311 -0.0312679862047 1 1 -0.0312679862047 -0.0231910946197 0.0231910946197 0.0139146567718
1.81923209289 2.93980601311 -0.0312679862047 1 1 -0.0312679862047 -0.0231910946197 0.0231910946197 0.0139146567718
1.81923209289 2.94480601311 -0.0312679862047 1 1 -0.0312679862047 -0.0278293135436 0.0231910946197 0.0139146567718
1.81923209289 2.94980601311 -0.0312679862047 1 1 -0.0312679862047 -0.0278293135436 0.0231910946197 0.0139146567718
1.8179333916 2.95480601311 -0.0345147394515 1 1 -0.0345147394515 -0.0278293135436 0.0231910946197 0.00927643784787
1.8179333916 2.95980601311 -0.0345147394515 1 1 -0.0345147394515 -0.0278293135436 0.0231910946197 0.00927643784787
1.8179333916 2.96480601311 -0.0345147394515 1 1 -0.0345147394515 -0.0278293135436 0.0231910946197 0.00927643784787
1.8179333916 2.96980601311 -0.0345147394515 1 1 -0.0345147394515 -0.0278293135436 0.0231910946197 0.00927643784787
1.8179333916 2.97480601311 -0.0345147394515 1 1 -0.0345147394515 -0.0278293135436 0.0231910946197 0.00927643784787
1.8179333916 2.97980601311 -0.0345147394515 1 1 -0.0345147394515 -0.0278293135436 0.0231910946197 0.00927643784787
1.8179333916 2.98480601311 -0.0345147394515 1 1 -0.0345147394515 -0.0278293135436 0.0231910946197 0.00927643784787
1.8179333916 2.98980601311 -0.0345147394515 1 1 -0.0345147394515 -0.0231910946197 0.0231910946197 0.00927643784787
1.8179333916 2.99480601311 -0.0345147394515 1 1 -0.0345147394515 -0.0231910946197 0.0231910946197 0.00927643784787
1.8179333916 2.99980601311 -0.0345147394515 1 1 -0.0345147394515 -0.0231910946197 0.0231910946197 0.00927643784787
1.8179333916 3.00480601311 -0.0345147394515 1 1 -0.0345147394515 -0.0231910946197 0.0231910946197 0.00927643784787
1.8179333916 3.00980601311 -0.0345147394515 1 1 -0.0345147394515 -0.0185528756957 0.0185528756957 0.00927643784787
1.8179333916 3.01480601311 -0.0345147394515 1 1 -0.0345147394515 -0.0185528756957 0.0185528756957 0.00927643784787
1.8179333916 3.01980601311 -0.0345147394515 1 1 -0.0345147394515 -0.0185528756957 0.0139146567718 0.00927643784787
1.8179333916 3.02480601311 -0.0345147394515 1 1 -0.0345147394515 -0.0139146567718 0.0139146567718 0.00927643784787
1.8179333916 3.02980601311 -0.0345147394515 1 1 -0.0345147394515 -0.00927643784787 0.0139146567718 0.00927643784787
1.8179333916 3.03480601311 -0.0345147394515 1 1 -0.0345147394515 -0.00463821892393 0.0139146567718 0.00927643784787
1.8179333916 3.03980601311 -0.0345147394515 1 1 -0.0345147394515 -0.00463821892393 0.0139146567718 0.00927643784787
1.8179333916 3.04480601311 -0.0345147394515 1 1 -0.0345147394515 0.0 0.0139146567718 0.00927643784787
1.8179333916 3.04980601311 -0.0345147394515 1 1 -0.0345147394515 0.0 0.0139146567718 0.00927643784787
1.8179333916 3.05480601311 -0.0345147394515 1 1 -0.0345147394515 0.0 0.0139146567718 0.00927643784787
1.8179333916 3.05980601311 -0.0345147394515 1 1 -0.0345147394515 0.00463821892393 0.0139146567718 0.00927643784787
1.8179333916 3.06480601311 -0.0345147394515 1 1 -0.0345147394515 0.00463821892393 0.0185528756957 0.00927643784787
1.8179333916 3.06980601311 -0.0345147394515 1 1 -0.0345147394515 0.00463821892393 0.0185528756957 0.00927643784787
1.8179333916 3.07480601311 -0.0345147394515 1 1 -0.0345147394515 0.00463821892393 0.0231910946197 0.00927643784787
1.8179333916 3.07980601311 -0.0345147394515 1 1 -0.0345147394515 0.00463821892393 0.0231910946197 0.00927643784787
1.8179333916 3.08480601311 -0.0345147394515 1 1 -0.0345147394515 0.00463821892393 0.0231910946197 0.00927643784787
1.8179333916 3.08980601311 -0.0345147394515 1 1 -0.0345147394515 0.00463821892393 0.0278293135436 0.00927643784787
1.8179333916 3.09480601311 -0.0345147394515 1 1 -0.0345147394515 0.00927643784787 0.0278293135436 0.00927643784787
1.8179333916 3.09980601311 -0.0345147394515 1 1 -0.0345147394515 0.00927643784787 0.0278293135436 0.00927643784787
1.81923209289 3.10480601311 -0.0312679862047 1 1 -0.0312679862047 0.0139146567718 0.0278293135436 0.0139146567718
1.81923209289 3.10980601311 -0.0312679862047 1 1 -0.0312679862047 0.0185528756957 0.0278293135436 0.0139146567718
1.81923209289 3.11480601311 -0.0312679862047 1 1 -0.0312679862047 0.0185528756957 0.0278293135436 0.0139146567718
1.8179333916 3.11980601311 -0.0345147394515 1 1 -0.0345147394515 0.0185528756957 0.0278293135436 0.00927643784787
1.8179333916 3.12480601311 -0.0345147394515 1 1 -0.0345147394515 0.0185528756957 0.0278293135436 0.00927643784787
1.8179333916 3.12980601311 -0.0345147394515 1 1 -0.0345147394515 0.0185528756957 0.0278293135436 0.00927643784787
1.8179333916 3.13480601311 -0.0345147394515 1 1 -0.0345147394515 0.0185528756957 0.0278293135436 0.00927643784787
1.8166346903 3.13980601311 -0.0377614926982 1 1 -0.0377614926982 0.0185528756957 0.0278293135436 0.00463821892393
1.8166346903 3.14480601311 -0.0377614926982 1 1 -0.0377614926982 0.0185528756957 0.0278293135436 0.00463821892393
1.8166346903 3.14980601311 -0.0377614926982 1 1 -0.0377614926982 0.0185528756957 0.0278293135436 0.00463821892393
1.8166346903 3.15480601311 -0.0377614926982 1 1 -0.0377614926982 0.0185528756957 0.0278293135436 0.00463821892393
1.8166346903 3.15980601311 -0.0377614926982 1 1 -0.0377614926982 0.0185528756957 0.0371057513915 0.00463821892393
1.815335989 3.16480601311 -0.041008245945 1 1 -0.041008245945 0.0185528756957 0.0371057513915 0.0
1.815335989 3.16980601311 -0.041008245945 1 1 -0.041008245945 0.0185528756957 0.0417439703154 0.0
1.815335989 3.17480601311 -0.041008245945 1 1 -0.041008245945 0.0139146567718 0.0417439703154 0.0
1.815335989 3.17980601311 -0.041008245945 1 1 -0.041008245945 0.00927643784787 0.0417439703154 0.0
1.8140372877 3.18480601311 -0.0442549991917 1 1 -0.0442549991917 0.00463821892393 0.0417439703154 -0.00463821892393
1.8140372877 3.18980601311 -0.0442549991917 1 1 -0.0442549991917 0.00463821892393 0.0417439703154 -0.00463821892393
1.8140372877 3.19480601311 -0.0442549991917 1 1 -0.0442549991917 0.00463821892393 0.0463821892393 -0.00463821892393
1.8140372877 3.19980601311 -0.0442549991917 1 1 -0.0442549991917 0.00463821892393 0.0463821892393 -0.00463821892393
1.8140372877 3.20480601311 -0.0442549991917 1 1 -0.0442549991917 0.0 0.0463821892393 -0.00463821892393
1.8127385864 3.20980601311 -0.0475017524385 1 1 -0.0475017524385 -0.00463821892393 0.0463821892393 -0.00927643784787
1.8127385864 3.21480601311 -0.0475017524385 1 1 -0.0475017524385 -0.00463821892393 0.0463821892393 -0.00927643784787
1.8127385864 3.21980601311 -0.0475017524385 1 1 -0.0475017524385 -0.00463821892393 0.0417439703154 -0.00927643784787
1.8140372877 3.22480601311 -0.0442549991917 1 1 -0.0442549991917 -0.00463821892393 0.0417439703154 -0.00463821892393
1.8140372877 3.22980601311 -0.0442549991917 1 1 -0.0442549991917 -0.00463821892393 0.0417439703154 -0.00463821892393
1.8140372877 3.23480601311 -0.0442549991917 1 1 -0.0442549991917 -0.00463821892393 0.0417439703154 -0.00463821892393
1.8140372877 3.23980601311 -0.0442549991917 1 1 -0.0442549991917 -0.00463821892393 0.0371057513915 -0.00463821892393
1.8140372877 3.24480601311 -0.0442549991917 1 1 -0.0442549991917 -0.00463821892393 0.0324675324675 -0.00463821892393
1.8140372877 3.24980601311 -0.0442549991917 1 1 -0.0442549991917 0.0 0.0324675324675 -0.00463821892393
1.8140372877 3.25480601311 -0.0442549991917 1 1 -0.0442549991917 0.0 0.0324675324675 -0.00463821892393
1.8127385864 3.25980601311 -0.0475017524385 1 1 -0.0475017524385 0.0 0.0324675324675 -0.00927643784787
1.8127385864 3.26480601311 -0.0475017524385 1 1 -0.0475017524385 0.0 0.0324675324675 -0.00927643784787
1.8114398851 3.26980601311 -0.0507485056852 1 1 -0.0507485056852 0.00463821892393 0.0324675324675 -0.0139146567718
1.8114398851 3.27480601311 -0.0507485056852 1 1 -0.0507485056852 0.00463821892393 0.0324675324675 -0.0139146567718
1.8114398851 3.27980601311 -0.0507485056852 1 1 -0.0507485056852 0.00927643784787 0.0324675324675 -0.0139146567718
1.8114398851 3.28480601311 -0.0507485056852 1 1 -0.0507485056852 0.00927643784787 0.0324675324675 -0.0139146567718
1.8101411838 3.28980601311 -0.053995258932 1 1 -0.053995258932 0.00927643784787 0.0278293135436 -0.0185528756957
1.8101411838 3.29480601311 -0.053995258932 1 1 -0.053995258932 0.00927643784787 0.0278293135436 -0.0185528756957
1.8101411838 3.29980601311 -0.053995258932 1 1 -0.053995258932 0.00927643784787 0.0278293135436 -0.0185528756957
1.8101411838 3.30480601311 -0.053995258932 1 1 -0.053995258932 0.00927643784787 0.0231910946197 -0.0185528756957
1.8088424825 3.30980601311 -0.0572420121787 1 1 -0.0572420121787 0.00927643784787 0.0185528756957 -0.0231910946197
1.8088424825 3.31480601311 -0.0572420121787 1 1 -0.0572420121787 0.00927643784787 0.0139146567718 -0.0231910946197
1.8088424825 3.31980601311 -0.0572420121787 1 1 -0.0572420121787 0.00927643784787 0.0139146567718 -0.0231910946197
1.8088424825 3.32480601311 -0.0572420121787 1 1 -0.0572420121787 0.00927643784787 0.00927643784787 -0.0231910946197
1.8088424825 3.32980601311 -0.0572420121787 1 1 -0.0572420121787 0.00927643784787 0.00927643784787 -0.0231910946197
1.80754378121 3.33480601311 -0.0604887654255 1 1 -0.0604887654255 0.00927643784787 0.00927643784787 -0.0278293135436
1.80754378121 3.33980601311 -0.0604887654255 1 1 -0.0604887654255 0.0139146567718 0.00927643784787 -0.0278293135436
1.80754378121 3.34480601311 -0.0604887654255 1 1 -0.0604887654255 0.0139146567718 0.00927643784787 -0.0278293135436
1.80754378121 3.34980601311 -0.0604887654255 1 1 -0.0604887654255 0.0139146567718 0.00927643784787 -0.0278293135436
1.80754378121 3.35480601311 -0.0604887654255 1 1 -0.0604887654255 0.0139146567718 0.00927643784787 -0.0278293135436
1.80754378121 3.35980601311 -0.0604887654255 1 1 -0.0604887654255 0.0185528756957 0.00927643784787 -0.0278293135436
1.80754378121 3.36480601311 -0.0604887654255 1 1 -0.0604887654255 0.0185528756957 0.00927643784787 -0.0278293135436
1.80754378121 3.36980601311 -0.0604887654255 1 1 -0.0604887654255 0.0185528756957 0.00927643784787 -0.0278293135436
1.80754378121 3.37480601311 -0.0604887654255 1 1 -0.0604887654255 0.0185528756957 0.00927643784787 -0.0278293135436
1.80754378121 3.37980601311 -0.0604887654255 1 1 -0.0604887654255 0.0185528756957 0.00927643784787 -0.0278293135436
1.80754378121 3.38480601311 -0.0604887654255 1 1 -0.0604887654255 0.0185528756957 0.00927643784787 -0.0278293135436
1.80754378121 3.38980601311 -0.0604887654255 1 1 -0.0604887654255 0.0185528756957 0.00927643784787 -0.0278293135436
1.80754378121 3.39480601311 -0.0604887654255 1 1 -0.0604887654255 0.0185528756957 0.00927643784787 -0.0278293135436
1.80754378121 3.39980601311 -0.0604887654255 1 1 -0.0604887654255 0.0139146567718 0.00927643784787 -0.0278293135436
1.80754378121 3.40480601311 -0.0604887654255 1 1 -0.0604887654255 0.00927643784787 0.00927643784787 -0.0278293135436
1.80754378121 3.40980601311 -0.0604887654255 1 1 -0.0604887654255 0.00927643784787 0.00927643784787 -0.0278293135436
1.80754378121 3.41480601311 -0.0604887654255 1 1 -0.0604887654255 0.00463821892393 0.00927643784787 -0.0278293135436
1.80754378121 3.41980601311 -0.0604887654255 1 1 -0.0604887654255 0.00463821892393 0.00927643784787 -0.0278293135436
1.80754378121 3.42480601311 -0.0604887654255 1 1 -0.0604887654255 0.0 0.00927643784787 -0.0278293135436
1.80754378121 3.42980601311 -0.0604887654255 1 1 -0.0604887654255 0.0 0.00927643784787 -0.0278293135436
1.80754378121 3.43480601311 -0.0604887654255 1 1 -0.0604887654255 -0.00463821892393 0.00927643784787 -0.0278293135436
1.80754378121 3.43980601311 -0.0604887654255 1 1 -0.0604887654255 -0.00463821892393 0.00927643784787 -0.0278293135436
1.80754378121 3.44480601311 -0.0604887654255 1 1 -0.0604887654255 -0.00463821892393 0.00927643784787 -0.0278293135436
1.8088424825 3.44980601311 -0.0572420121787 1 1 -0.0572420121787 -0.00463821892393 0.00927643784787 -0.0231910946197
1.8088424825 3.45480601311 -0.0572420121787 1 1 -0.0572420121787 -0.00463821892393 0.00927643784787 -0.0231910946197
1.8088424825 3.45980601311 -0.0572420121787 1 1 -0.0572420121787 -0.00463821892393 0.0139146567718 -0.0231910946197
1.8088424825 3.46480601311 -0.0572420121787 1 1 -0.0572420121787 -0.00927643784787 0.0185528756957 -0.0231910946197
1.8088424825 3.46980601311 -0.0572420121787 1 1 -0.0572420121787 -0.00927643784787 0.0185528756957 -0.0231910946197
1.8088424825 3.47480601311 -0.0572420121787 1 1 -0.0572420121787 -0.00927643784787 0.0231910946197 -0.0231910946197
1.8101411838 3.47980601311 -0.053995258932 1 1 -0.053995258932 -0.00927643784787 0.0231910946197 -0.0185528756957
1.8101411838 3.48480601311 -0.053995258932 1 1 -0.053995258932 -0.0139146567718 0.0231910946197 -0.0185528756957
1.8114398851 3.48980601311 -0.0507485056852 1 1 -0.0507485056852 -0.0185528756957 0.0231910946197 -0.0139146567718
1.8127385864 3.49480601311 -0.0475017524385 1 1 -0.0475017524385 -0.0185528756957 0.0231910946197 -0.00927643784787
1.8127385864 3.49980601311 -0.0475017524385 1 1 -0.0475017524385 -0.0231910946197 0.0231910946197 -0.00927643784787
1.8127385864 3.50480601311 -0.0475017524385 1 1 -0.0475017524385 -0.0231910946197 0.0278293135436 -0.00927643784787
1.8127385864 3.50980601311 -0.0475017524385 1 1 -0.0475017524385 -0.0278293135436 0.0278293135436 -0.00927643784787
1.8127385864 3.51480601311 -0.0475017524385 1 1 -0.0475017524385 -0.0278293135436 0.0324675324675 -0.00927643784787
1.8127385864 3.51980601311 -0.0475017524385 1 1 -0.0475017524385 -0.0278293135436 0.0324675324675 -0.00927643784787
1.8127385864 3.52480601311 -0.0475017524385 1 1 -0.0475017524385 -0.0278293135436 0.0324675324675 -0.00927643784787
1.8140372877 3.52980601311 -0.0442549991917 1 1 -0.0442549991917 -0.0278293135436 0.0324675324675 -0.00463821892393
1.8140372877 3.53480601311 -0.0442549991917 1 1 -0.0442549991917 -0.0278293135436 0.0324675324675 -0.00463821892393
1.815335989 3.53980601311 -0.041008245945 1 1 -0.041008245945 -0.0278293135436 0.0324675324675 0.0
1.815335989 3.54480601311 -0.041008245945 1 1 -0.041008245945 -0.0278293135436 0.0324675324675 0.0
1.815335989 3.54980601311 -0.041008245945 1 1 -0.041008245945 -0.0278293135436 0.0324675324675 0.0
1.8166346903 3.55480601311 -0.0377614926982 1 1 -0.0377614926982 -0.0278293135436 0.0324675324675 0.00463821892393
1.8166346903 3.55980601311 -0.0377614926982 1 1 -0.0377614926982 -0.0278293135436 0.0324675324675 0.00463821892393
1.8166346903 3.56480601311 -0.0377614926982 1 1 -0.0377614926982 -0.0278293135436 0.0324675324675 0.00463821892393
1.8166346903 3.56980601311 -0.0377614926982 1 1 -0.0377614926982 -0.0278293135436 0.0324675324675 0.00463821892393
1.8179333916 3.57480601311 -0.0345147394515 1 1 -0.0345147394515 -0.0278293135436 0.0324675324675 0.00927643784787
1.8179333916 3.57980601311 -0.0345147394515 1 1 -0.0345147394515 -0.0278293135436 0.0324675324675 0.00927643784787
1.8179333916 3.58480601311 -0.0345147394515 1 1 -0.0345147394515 -0.0278293135436 0.0324675324675 0.00927643784787
1.8179333916 3.58980601311 -0.0345147394515 1 1 -0.0345147394515 -0.0278293135436 0.0324675324675 0.00927643784787
1.8179333916 3.59480601311 -0.0345147394515 1 1 -0.0345147394515 -0.0278293135436 0.0324675324675 0.00927643784787
1.8179333916 3.59980601311 -0.0345147394515 1 1 -0.0345147394515 -0.0278293135436 0.0324675324675 0.00927643784787
1.8179333916 3.60480601311 -0.0345147394515 1 1 -0.0345147394515 -0.0278293135436 0.0324675324675 0.00927643784787
1.8179333916 3.60980601311 -0.0345147394515 1 1 -0.0345147394515 -0.0278293135436 0.0324675324675 0.00927643784787
1.8179333916 3.61480601311 -0.0345147394515 1 1 -0.0345147394515 -0.0278293135436 0.0324675324675 0.00927643784787
1.8179333916 3.61980601311 -0.0345147394515 1 1 -0.0345147394515 -0.0278293135436 0.0324675324675 0.00927643784787
1.8179333916 3.62480601311 -0.0345147394515 1 1 -0.0345147394515 -0.0231910946197 0.0324675324675 0.00927643784787
1.8179333916 3.62980601311 -0.0345147394515 1 1 -0.0345147394515 -0.0231910946197 0.0324675324675 0.00927643784787
1.8179333916 3.63480601311 -0.0345147394515 1 1 -0.0345147394515 -0.0139146567718 0.0324675324675 0.00927643784787
1.8179333916 3.63980601311 -0.0345147394515 1 1 -0.0345147394515 -0.00927643784787 0.0324675324675 0.00927643784787
1.8179333916 3.64480601311 -0.0345147394515 1 1 -0.0345147394515 -0.00463821892393 0.0324675324675 0.00927643784787
1.8179333916 3.64980601311 -0.0345147394515 1 1 -0.0345147394515 0.0 0.0371057513915 0.00927643784787
1.8166346903 3.65480601311 -0.0377614926982 1 1 -0.0377614926982 0.00463821892393 0.0371057513915 0.00463821892393
1.8166346903 3.65980601311 -0.0377614926982 1 1 -0.0377614926982 0.00463821892393 0.0371057513915 0.00463821892393
1.815335989 3.66480601311 -0.041008245945 1 1 -0.041008245945 0.00463821892393 0.0417439703154 0.0
1.815335989 3.66980601311 -0.041008245945 1 1 -0.041008245945 0.00463821892393 0.0463821892393 0.0
1.815335989 3.67480601311 -0.041008245945 1 1 -0.041008245945 0.00463821892393 0.0463821892393 0.0
1.815335989 3.67980601311 -0.041008245945 1 1 -0.041008245945 0.00927643784787 0.0463821892393 0.0
1.8140372877 3.68480601311 -0.0442549991917 1 1 -0.0442549991917 0.00927643784787 0.0463821892393 -0.00463821892393
1.8140372877 3.68980601311 -0.0442549991917 1 1 -0.0442549991917 0.00927643784787 0.0510204081633 -0.00463821892393
1.8140372877 3.69480601311 -0.0442549991917 1 1 -0.0442549991917 0.00927643784787 0.0510204081633 -0.00463821892393
1.8140372877 3.69980601311 -0.0442549991917 1 1 -0.0442549991917 0.00927643784787 0.0556586270872 -0.00463821892393
1.8127385864 3.70480601311 -0.0475017524385 1 1 -0.0475017524385 0.00927643784787 0.0556586270872 -0.00927643784787
1.8127385864 3.70980601311 -0.0475017524385 1 1 -0.0475017524385 0.0139146567718 0.0556586270872 -0.00927643784787
1.8127385864 3.71480601311 -0.0475017524385 1 1 -0.0475017524385 0.0139146567718 0.0556586270872 -0.00927643784787
1.8127385864 3.71980601311 -0.0475017524385 1 1 -0.0475017524385 0.0139146567718 0.0556586270872 -0.00927643784787
1.8114398851 3.72480601311 -0.0507485056852 1 1 -0.0507485056852 0.0185528756957 0.0602968460111 -0.0139146567718
1.8114398851 3.72980601311 -0.0507485056852 1 1 -0.0507485056852 0.0185528756957 0.0602968460111 -0.0139146567718
1.8114398851 3.73480601311 -0.0507485056852 1 1 -0.0507485056852 0.0185528756957 0.0602968460111 -0.0139146567718
1.8114398851 3.73980601311 -0.0507485056852 1 1 -0.0507485056852 0.0185528756957 0.0602968460111 -0.0139146567718
1.8088424825 3.74480601311 -0.0572420121787 1 1 -0.0572420121787 0.0139146567718 0.0602968460111 -0.0231910946197
1.8088424825 3.74980601311 -0.0572420121787 1 1 -0.0572420121787 0.0139146567718 0.0602968460111 -0.0231910946197
1.8088424825 3.75480601311 -0.0572420121787 1 1 -0.0572420121787 0.0139146567718 0.0602968460111 -0.0231910946197
1.8088424825 3.75980601311 -0.0572420121787 1 1 -0.0572420121787 0.00927643784787 0.0602968460111 -0.0231910946197
1.8088424825 3.76480601311 -0.0572420121787 1 1 -0.0572420121787 0.00927643784787 0.0602968460111 -0.0231910946197
1.8088424825 3.76980601311 -0.0572420121787 1 1 -0.0572420121787 0.00927643784787 0.0556586270872 -0.0231910946197
1.8088424825 3.77480601311 -0.0572420121787 1 1 -0.0572420121787 0.00927643784787 0.0556586270872 -0.0231910946197
1.80754378121 3.77980601311 -0.0604887654255 1 1 -0.0604887654255 0.00463821892393 0.0510204081633 -0.0278293135436
1.80754378121 3.78480601311 -0.0604887654255 1 1 -0.0604887654255 0.0 0.0510204081633 -0.0278293135436
1.80754378121 3.78980601311 -0.0604887654255 1 1 -0.0604887654255 -0.00463821892393 0.0510204081633 -0.0278293135436
1.8088424825 3.79480601311 -0.0572420121787 1 1 -0.0572420121787 -0.00463821892393 0.0510204081633 -0.0231910946197
1.8088424825 3.79980601311 -0.0572420121787 1 1 -0.0572420121787 -0.00463821892393 0.0463821892393 -0.0231910946197
1.8088424825 3.80480601311 -0.0572420121787 1 1 -0.0572420121787 -0.00463821892393 0.0417439703154 -0.0231910946197
1.8088424825 3.80980601311 -0.0572420121787 1 1 -0.0572420121787 -0.0139146567718 0.0371057513915 -0.0231910946197
1.8088424825 3.81480601311 -0.0572420121787 1 1 -0.0572420121787 -0.0139146567718 0.0371057513915 -0.0231910946197
1.8101411838 3.81980601311 -0.053995258932 1 1 -0.053995258932 -0.0139146567718 0.0324675324675 -0.0185528756957
1.8101411838 3.82480601311 -0.053995258932 1 1 -0.053995258932 -0.0139146567718 0.0324675324675 -0.0185528756957
1.8101411838 3.82980601311 -0.053995258932 1 1 -0.053995258932 -0.0139146567718 0.0324675324675 -0.0185528756957
1.8101411838 3.83480601311 -0.053995258932 1 1 -0.053995258932 -0.0139146567718 0.0324675324675 -0.0185528756957
1.8101411838 3.83980601311 -0.053995258932 1 1 -0.053995258932 -0.0139146567718 0.0324675324675 -0.0185528756957
1.8101411838 3.84480601311 -0.053995258932 1 1 -0.053995258932 -0.0139146567718 0.0278293135436 -0.0185528756957
1.8101411838 3.84980601311 -0.053995258932 1 1 -0.053995258932 -0.0139146567718 0.0278293135436 -0.0185528756957
1.8101411838 3.85480601311 -0.053995258932 1 1 -0.053995258932 -0.0139146567718 0.0231910946197 -0.0185528756957
1.8101411838 3.85980601311 -0.053995258932 1 1 -0.053995258932 -0.00927643784787 0.0231910946197 -0.0185528756957
1.8114398851 3.86480601311 -0.0507485056852 1 1 -0.0507485056852 -0.00927643784787 0.0231910946197 -0.0139146567718
1.8114398851 3.86980601311 -0.0507485056852 1 1 -0.0507485056852 -0.00927643784787 0.0231910946197 -0.0139146567718
1.8114398851 3.87480601311 -0.0507485056852 1 1 -0.0507485056852 -0.00927643784787 0.0231910946197 -0.0139146567718
1.8114398851 3.87980601311 -0.0507485056852 1 1 -0.0507485056852 -0.00927643784787 0.0231910946197 -0.0139146567718
1.8114398851 3.88480601311 -0.0507485056852 1 1 -0.0507485056852 -0.00463821892393 0.0231910946197 -0.0139146567718
1.8114398851 3.88980601311 -0.0507485056852 1 1 -0.0507485056852 -0.00463821892393 0.0139146567718 -0.0139146567718
1.8114398851 3.89480601311 -0.0507485056852 1 1 -0.0507485056852 -0.00463821892393 0.00927643784787 -0.0139146567718
1.8114398851 3.89980601311 -0.0507485056852 1 1 -0.0507485056852 -0.00463821892393 0.00927643784787 -0.0139146567718
1.8114398851 3.90480601311 -0.0507485056852 1 1 -0.0507485056852 -0.00463821892393 0.00927643784787 -0.0139146567718
1.8114398851 3.90980601311 -0.0507485056852 1 1 -0.0507485056852 -0.00463821892393 0.00927643784787 -0.0139146567718
1.8114398851 3.91480601311 -0.0507485056852 1 1 -0.0507485056852 -0.00463821892393 0.00927643784787 -0.0139146567718
1.8114398851 3.91980601311 -0.0507485056852 1 1 -0.0507485056852 -0.00463821892393 0.00463821892393 -0.0139146567718
1.8114398851 3.92480601311 -0.0507485056852 1 1 -0.0507485056852 -0.00463821892393 0.00463821892393 -0.0139146567718
1.8114398851 3.92980601311 -0.0507485056852 1 1 -0.0507485056852 -0.00463821892393 0.0 -0.0139146567718
1.8114398851 3.93480601311 -0.0507485056852 1 1 -0.0507485056852 -0.00463821892393 0.0 -0.0139146567718
1.8114398851 3.93980601311 -0.0507485056852 1 1 -0.0507485056852 -0.00463821892393 0.0 -0.0139146567718
1.8114398851 3.94480601311 -0.0507485056852 1 1 -0.0507485056852 -0.00463821892393 0.0 -0.0139146567718
1.8114398851 3.94980601311 -0.0507485056852 1 1 -0.0507485056852 0.00463821892393 0.0 -0.0139146567718
1.8101411838 3.95480601311 -0.053995258932 1 1 -0.053995258932 0.00927643784787 0.0 -0.0185528756957
1.8088424825 3.95980601311 -0.0572420121787 1 1 -0.0572420121787 0.00927643784787 0.0 -0.0231910946197
1.80754378121 3.96480601311 -0.0604887654255 1 1 -0.0604887654255 0.00927643784787 0.0 -0.0278293135436
1.80754378121 3.96980601311 -0.0604887654255 1 1 -0.0604887654255 0.00927643784787 0.0 -0.0278293135436
1.80754378121 3.97480601311 -0.0604887654255 1 1 -0.0604887654255 0.00927643784787 0.0 -0.0278293135436
1.80754378121 3.97980601311 -0.0604887654255 1 1 -0.0604887654255 0.00927643784787 0.0 -0.0278293135436
1.80754378121 3.98480601311 -0.0604887654255 1 1 -0.0604887654255 0.0139146567718 0.0 -0.0278293135436
1.80754378121 3.98980601311 -0.0604887654255 1 1 -0.0604887654255 0.0139146567718 0.0 -0.0278293135436
1.80754378121 3.99480601311 -0.0604887654255 1 1 -0.0604887654255 0.0139146567718 0.0 -0.0278293135436
1.80754378121 3.99980601311 -0.0604887654255 1 1 -0.0604887654255 0.0139146567718 0.00463821892393 -0.0278293135436
1.80754378121 4.00480601311 -0.0604887654255 1 1 -0.0604887654255 0.0139146567718 0.00463821892393 -0.0278293135436
1.80754378121 4.00980601311 -0.0604887654255 1 1 -0.0604887654255 0.0139146567718 0.00463821892393 -0.0278293135436
1.80754378121 4.01480601311 -0.0604887654255 1 1 -0.0604887654255 0.0139146567718 0.00463821892393 -0.0278293135436
1.80754378121 4.01980601311 -0.0604887654255 1 1 -0.0604887654255 0.0139146567718 0.00463821892393 -0.0278293135436
1.80624507991 4.02480601311 -0.0637355186722 1 1 -0.0637355186722 0.0139146567718 0.00927643784787 -0.0324675324675
1.80624507991 4.02980601311 -0.0637355186722 1 1 -0.0637355186722 0.0139146567718 0.00927643784787 -0.0324675324675
1.80494637861 4.03480601311 -0.066982271919 1 1 -0.066982271919 0.0139146567718 0.00927643784787 -0.0371057513915
