1.535252571105957 1.664161205291748 -1.3915585577487946 -1.464747428894043 1.664161205291748 -1.3915585577487946 0.032 0 0 0 -0.10109646551647052 -0.13474156914070567 0.06930888646437987
1.5354894384945088 1.6264630856416902 -1.3915585577487946 -1.4642736941169394 1.5887649659916323 -1.3915585577487946 0.032 0 0 0 0.16912828591254836 0.16621248314228315 0.16985979101413712
1.5362000032560572 1.5887709189617356 -1.3915585577487946 -1.4628525645938426 1.5133806326317232 -1.3915585577487946 0.032 0 0 0 0.1707167647152712 -0.0634223550729057 0.02761912164481765
1.5373841531841892 1.5510906572819445 -1.3915585577487946 -1.4604842647375786 1.438020109272141 -1.3915585577487946 0.032 0 0 0 0.17345891217613746 0.010167830375029663 0.09691108589250229
1.5390417012879047 1.5134282507524395 -1.3915585577487946 -1.4571691685301476 1.362695296213131 -1.3915585577487946 0.032 0 0 0 0.018418385717266283 -0.05021079465100281 0.113024599844681
1.5411723858211426 1.4757896467038079 -1.3915585577487946 -1.4529077994636719 1.2874180881158677 -1.3915585577487946 0.032 0 0 0 0.15004335358539606 0.1393794810593454 0.159970052898905
1.5437758703241151 1.4381807887079499 -1.3915585577487946 -1.4477008304577268 1.2122003721241517 -1.3915585577487946 0.032 0 0 0 -0.014167702927668835 -0.050329748027493154 0.02898923723960107
1.5468517436764397 1.4006076156395184 -1.3915585577487946 -1.4415490837530776 1.1370540259872888 -1.3915585577487946 0.032 0 0 0 0.12912106836010795 0.05448446998414955 0.14390115962111838
1.5503995201620566 1.3630760607381034 -1.3915585577487946 -1.4344535307818438 1.0619909161844587 -1.3915585577487946 0.032 0 0 0 0.007969258447141775 0.09935513258322964 0.1274471879769849
1.5544186395459318 1.325592050671303 -1.3915585577487946 -1.4264152920140933 0.987022896050858 -1.3915585577487946 0.032 0 0 0 0.07015478604014441 0.07109227594946982 0.08389280634387226
1.5589084671625235 1.2881615045988353 -1.3915585577487946 -1.41743563678091 0.9121618039059225 -1.3915585577487946 0.032 0 0 0 -0.009293865867705697 0.003271533541549465 0.15381904534441243
1.5638682940160034 1.2507903332378338 -1.3915585577487946 -1.4075159830739503 0.8374194611839196 -1.3915585577487946 0.032 0 0 0 -0.14150803997491165 0.08525715442002824 0.16927538901394873
1.5692973368922147 1.213484437929477 -1.3915585577487946 -1.3966578973215276 0.7628076705672058 -1.3915585577487946 0.032 0 0 0 -0.15201029506890135 0.04932913644008402 0.14627224747246687
1.5751947384823528 1.1762497097070974 -1.3915585577487946 -1.3848630941412514 0.6883382141224468 -1.3915585577487946 0.032 0 0 0 -0.03133392793416789 -0.16676070788627131 0.15070676660061988
1.5815595675183411 1.13909202836592 -1.3915585577487946 -1.3721334360692747 0.614022851440092 -1.3915585577487946 0.032 0 0 0 0.09517151380065114 -0.09610694079380214 0.02465560260491019
1.588390818919891 1.1020172615345742 -1.3915585577487946 -1.358470933266175 0.5398733177774004 -1.3915585577487946 0.032 0 0 0 -0.06548379429571793 -0.17538230402768282 0.07299114114773025
1.5956874139532164 1.0650312637485269 -1.3915585577487946 -1.3438777431995241 0.46590132220530567 -1.3915585577487946 0.032 0 0 0 -0.061463113322620985 0.12787327057151365 0.1441045495622979
1.6034482004013766 1.0281398755255842 -1.3915585577487946 -1.3283561703032039 0.3921185457594203 -1.3915585577487946 0.032 0 0 0 0.15098375581020407 0.17955481987917649 0.13182600860522684
1.6116719527462258 0.9913489224436046 -1.3915585577487946 -1.3119086656135055 0.3185366395954612 -1.3915585577487946 0.032 0 0 0 0.06623202097662195 -0.023348721814283713 0.1578080153943771
1.6203573723619353 0.954664214220574 -1.3915585577487946 -1.2945378263820864 0.24516722314939998 -1.3915585577487946 0.032 0 0 0 0.15339227810371203 -0.03007174833738238 0.13838271046942957
1.6295030877200638 0.9180915437971837 -1.3915585577487946 -1.2762463956658294 0.1720218823026194 -1.3915585577487946 0.032 0 0 0 0.05260428367669287 -0.09583542447969197 0.1589656260571184
1.6391076546061356 0.8816366864220573 -1.3915585577487946 -1.2570372618936858 0.09911216755236651 -1.3915585577487946 0.032 0 0 0 0.08575075558349449 -0.10286714542560307 0.0497972221613907
1.6491695563476991 0.8453053987397725 -1.3915585577487946 -1.2369134584105588 0.026449592187796966 -1.3915585577487946 0.032 0 0 0 -0.1130546884011073 0.033124959183951724 0.13914549727451025
1.6596872040538297 0.8091034178818197 -1.3915585577487946 -1.2158781629982975 -0.04595436952810861 -1.3915585577487946 0.032 0 0 0 0.038771004902108525 0.11347467590347898 0.09192987611096645
1.6706589368660283 0.7730364605606432 -1.3915585577487946 -1.1939346973739005 -0.11808828417046158 -1.3915585577487946 0.032 0 0 0 0.09264579601857725 -0.1509297828839527 0.08004094556272782
1.6820830222204965 0.7371102221669059 -1.3915585577487946 -1.171086526664964 -0.18994076095793622 -1.3915585577487946 0.032 0 0 0 -0.12140408120728288 -0.13305757315694255 0.028953120243721583
1.6939576561217242 0.7013303758701196 -1.3915585577487946 -1.1473372588625086 -0.26150045355150886 -1.3915585577487946 0.032 0 0 0 -0.15593822381269745 0.0655687463559223 0.13310430325112754
1.7062809634273632 0.6657025717227882 -1.3915585577487946 -1.1226906442512306 -0.33275606184617157 -1.3915585577487946 0.032 0 0 0 0.135017962892025 0.10116745983572895 0.04872009498125905
1.719050998144335 0.630232435768197 -1.3915585577487946 -1.0971505748172872 -0.4036963337553541 -1.3915585577487946 0.032 0 0 0 -0.012548930906965072 0.051102473826835304 0.12351708688348378
1.732265743736121 0.5949255691519957 -1.3915585577487946 -1.0707210836337149 -0.4743100669877567 -1.3915585577487946 0.032 0 0 0 -0.16973129374092943 -0.04317160537569359 0.09728276881205586
1.7459231134412025 0.5597875472377143 -1.3915585577487946 -1.043406344223552 -0.5445861108163195 -1.3915585577487946 0.032 0 0 0 0.1522628406999883 -0.07836315603871856 0.029550515578064457
1.7600209506025828 0.5248239187263448 -1.3915585577487946 -1.0152106699007915 -0.6145133678390584 -1.3915585577487946 0.032 0 0 0 -0.1769393954894926 0.14060072765931703 0.09183689078271018
1.7745570290083457 0.4900402047801409 -1.3915585577487946 -0.9861385130892657 -0.6840807957314663 -1.3915585577487946 0.032 0 0 0 -0.1621872041908812 -0.15086197076191296 0.12349920128217484
1.7895290532432044 0.4554418981507602 -1.3915585577487946 -0.9561944646195482 -0.7532774089902277 -1.3915585577487946 0.032 0 0 0 -0.052875137752815576 -0.13900755224410347 0.1160584771806453
1.80493465905097 0.42103446231189556 -1.3915585577487946 -0.9253832530040169 -0.8220922806679569 -1.3915585577487946 0.032 0 0 0 -0.17517831346011273 -0.141131115634292 0.04175665127612917
1.8207714137078987 0.38682333059652985 -1.3915585577487946 -0.8937097436901595 -0.8905145440986884 -1.3915585577487946 0.032 0 0 0 -0.0697206205370336 -0.169387801253265 0.04750458491812551
1.8370368164068438 0.35281390533894963 -1.3915585577487946 -0.8611789382922694 -0.9585333946138488 -1.3915585577487946 0.032 0 0 0 0.017218361958399736 0.027726168180520733 0.07819411411647022
1.8537282986521655 0.3190115570216514 -1.3915585577487946 -0.8277959738016261 -1.0261380912484452 -1.3915585577487946 0.032 0 0 0 0.05353909997975437 0.16820202070802964 0.17029442828893077
1.8708432246653235 0.2854216234272846 -1.3915585577487946 -0.79356612177531 -1.0933179584371788 -1.3915585577487946 0.032 0 0 0 0.032883132786568015 -0.11623307301326495 0.05147737840334421
1.8883788918010973 0.25204940879575055 -1.3915585577487946 -0.7584947875037624 -1.160062387700247 -1.3915585577487946 0.032 0 0 0 -0.010382658069325507 0.11950085034828128 0.1601996115615681
1.9063325309743662 0.21890018298660197 -1.3915585577487946 -0.7225875091572247 -1.2263608393185441 -1.3915585577487946 0.032 0 0 0 0.05802961116736122 -0.11767019020138533 0.11400859779663816
1.9247013070973802 0.18597918064687335 -1.3915585577487946 -0.6858499569111967 -1.2922028439980013 -1.3915585577487946 0.032 0 0 0 -0.13233086033376534 0.11813461114431723 0.16374198585893976
1.943482319527451 0.15329160038446554 -1.3915585577487946 -0.6482879320510548 -1.357578004522817 -1.3915585577487946 0.032 0 0 0 -0.021250171922395644 0.08815947249238065 0.03228635529167871
1.962672602525 0.12084260394722879 -1.3915585577487946 -0.6099073660559569 -1.4224759973972905 -1.3915585577487946 0.032 0 0 0 -0.11899460917294938 -0.025993108675327586 0.1283395242902228
1.9822691257218814 0.08863731540786124 -1.3915585577487946 -0.5707143196621942 -1.4868865744760256 -1.3915585577487946 0.032 0 0 0 -0.16134936160806648 -0.08499651010922929 0.027128374167060224
2.002268794599912 0.056680820354757966 -1.3915585577487946 -0.530714981906133 -1.5507995645822321 -1.3915585577487946 0.032 0 0 0 0.09504778333059166 0.17672092829680286 0.09819703225874554
2.022668450979532 0.024978165088940685 -1.3915585577487946 -0.48991566914689333 -1.6142048751138667 -1.3915585577487946 0.032 0 0 0 0.14133428612809912 -0.14460656748270637 0.17689430792515973
2.043464873518519 -0.006465644172815921 -1.3915585577487946 -0.448322824068919 -1.6770924936373799 -1.3915585577487946 0.032 0 0 0 0.05287204500677123 0.003012099099661575 0.11423493609399583
2.0646547782206746 -0.03764564208852139 -1.3915585577487946 -0.4059430146646079 -1.7394524894687908 -1.3915585577487946 0.032 0 0 0 -0.07070333029617877 -0.08516802978158108 0.04290142989471295
2.0862348189544053 -0.06855690497505496 -1.3915585577487946 -0.3627829331971464 -1.801275015241858 -1.3915585577487946 0.032 0 0 0 -0.1557702635015249 0.09909820833160332 0.09361090885188375
2.1082015879811147 -0.09919455158567136 -1.3915585577487946 -0.3188493951437277 -1.8625503084630908 -1.3915585577487946 0.032 0 0 0 -0.17967817940584507 0.04882117361913951 0.090245969836052
2.130551616493327 -0.12955374388080854 -1.3915585577487946 -0.27414933811930275 -1.9232686930533651 -1.3915585577487946 0.032 0 0 0 0.035555693068599625 0.10464198565418448 0.1367073873553903
2.153281375162451 -0.159629687792068 -1.3915585577487946 -0.22868982078105482 -1.983420580875884 -1.3915585577487946 0.032 0 0 0 0.004174267778585206 0.1071088002374212 0.15477947728113753
2.1763872746961 -0.18941763397925504 -1.3915585577487946 -0.1824780217137567 -2.042996473250258 -1.3915585577487946 0.032 0 0 0 -0.14240593875535643 -0.02659201606101208 0.1630504573342204
2.199865666404887 -0.21891287858035335 -1.3915585577487946 -0.13552123829618345 -2.1019869624524548 -1.3915585577487946 0.032 0 0 0 -0.015594510693883623 0.17088533708452802 0.07443514699710292
2.223712842778589 -0.24811076395432075 -1.3915585577487946 -0.08782688554877893 -2.1603827332003895 -1.3915585577487946 0.032 0 0 0 -0.12427092619285673 -0.07192545909919659 0.17646025298839044
2.2479250380716134 -0.27700667941658463 -1.3915585577487946 -0.039402494962730295 -2.2181745641249173 -1.3915585577487946 0.032 0 0 0 -0.0912320519262785 -0.07245655942547191 0.08455122684080836
2.272498428897646 -0.30559606196712163 -1.3915585577487946 0.009744286689334913 -2.2753533292259913 -1.3915585577487946 0.032 0 0 0 -0.03589291622743773 0.013490439492558792 0.04762733606029597
2.297429134833411 -0.33387439701100696 -1.3915585577487946 0.05960569856086462 -2.331909999313762 -1.3915585577487946 0.032 0 0 0 -0.059225261265218 -0.16785882792061657 0.13591184799767264
2.322713219031435 -0.36183721907132504 -1.3915585577487946 0.110173866956913 -2.387835643434398 -1.3915585577487946 0.032 0 0 0 -0.03419329960302189 -0.14385074336329856 0.026283813571585442
2.3483466888417226 -0.3894801124943177 -1.3915585577487946 0.16144080657748816 -2.4431214302803834 -1.3915585577487946 0.032 0 0 0 0.17362064484258438 0.174695344603515 0.1030515656387253
2.3743254964422364 -0.41679871214666697 -1.3915585577487946 0.21339842177851587 -2.497758629585082 -1.3915585577487946 0.032 0 0 0 0.09873284163983798 0.004930205278488892 0.17349974098945958
2.4006455394781008 -0.4437887041047994 -1.3915585577487946 0.2660385078502445 -2.551738613501347 -1.3915585577487946 0.032 0 0 0 0.11966275990244885 -0.02068416349083757 0.15836338306329872
2.4273026617094096 -0.47044582633610776 -1.3915585577487946 0.3193527523128621 -2.6050528579639636 -1.3915585577487946 0.032 0 0 0 0.05038908176180165 -0.054074610672943696 0.1318767042841114
2.454292653667542 -0.49676586937197253 -1.3915585577487946 0.373332736229127 -2.657692944035693 -1.3915585577487946 0.032 0 0 0 -0.08171818939433799 0.12779186299858603 0.1721252474366387
2.4816112533198913 -0.5227446769724864 -1.3915585577487946 0.42796993553382556 -2.709650559236721 -1.3915585577487946 0.032 0 0 0 0.08837868405502364 0.017922978891694447 0.1615629551460666
2.5092541467428835 -0.548378146782774 -1.3915585577487946 0.48325572237980996 -2.760917498857296 -1.3915585577487946 0.032 0 0 0 -0.01394743168121415 0.022943647371660353 0.14808302097956927
2.537216968803202 -0.5736622309807982 -1.3915585577487946 0.539181366500447 -2.8114856672533444 -1.3915585577487946 0.032 0 0 0 -0.1077011079065866 -0.008712690330338058 0.07179920036182331
2.565495303847088 -0.598592936916563 -1.3915585577487946 0.5957380365882186 -2.861347079124874 -1.3915585577487946 0.032 0 0 0 0.09613557214004032 0.005300746468281464 0.029106427995966914
2.594084686397624 -0.6231663277425956 -1.3915585577487946 0.6529168016892912 -2.9104938607769393 -1.3915585577487946 0.032 0 0 0 0.03423905985181491 -0.10896163861092034 0.05180038803961118
2.6229806018598882 -0.6473785230356199 -1.3915585577487946 0.7107086326138194 -2.958918251362988 -1.3915585577487946 0.032 0 0 0 0.033769382145663523 -0.10851057344753126 0.022758575428931536
2.652178487233855 -0.6712256994093222 -1.3915585577487946 0.7691044033617533 -3.0066126041103924 -1.3915585577487946 0.032 0 0 0 0.0001203678121103613 0.05362784903260126 0.039783464353006885
2.6816737318349535 -0.6947040911181084 -1.3915585577487946 0.82809489256395 -3.053569387527965 -1.3915585577487946 0.032 0 0 0 0.1370748915571381 -0.12556607772027156 0.16023685918880226
2.7114616780221406 -0.7178099906517579 -1.3915585577487946 0.8876707849383241 -3.099781186595264 -1.3915585577487946 0.032 0 0 0 0.09290607282288216 0.16890299549623367 0.057233766013653056
2.7415376219334 -0.7405397493208814 -1.3915585577487946 0.947822672760843 -3.145240703933511 -1.3915585577487946 0.032 0 0 0 -0.005042993385297234 -0.04379985628194469 0.11642465344763078
2.771896814228538 -0.7628897778330943 -1.3915585577487946 1.0085410573511187 -3.1899407609579367 -1.3915585577487946 0.032 0 0 0 0.06874479062319366 -0.0223475486374633 0.05501454364860006
2.802534460839154 -0.7848565468598037 -1.3915585577487946 1.069816350572351 -3.2338742990113554 -1.3915585577487946 0.032 0 0 0 0.03020697523158794 0.05953872262258761 0.1303702792699367
2.8334457237256876 -0.8064365875935344 -1.3915585577487946 1.1316388763454182 -3.277034380478817 -1.3915585577487946 0.032 0 0 0 0.018829647950831002 -0.10991195417910059 0.1253895950400747
2.864625721641393 -0.8276264922956895 -1.3915585577487946 1.193998872176829 -3.319414189883127 -1.3915585577487946 0.032 0 0 0 0.04841185369584186 0.11263746053562063 0.08734663587684233
2.8960695309031497 -0.8484229148346767 -1.3915585577487946 1.2568864907003423 -3.3610070349611014 -1.3915585577487946 0.032 0 0 0 -0.1312931464466753 0.17868103964169335 0.16649210289064748
2.9277721861689674 -0.868822571214297 -1.3915585577487946 1.3202918012319778 -3.401806347720342 -1.3915585577487946 0.032 0 0 0 0.05188693954783247 0.14388458229861323 0.11705055875316767
2.95972868122207 -0.8888222400923276 -1.3915585577487946 1.384204791338183 -3.441805685476403 -1.3915585577487946 0.032 0 0 0 0.02124896146750499 0.12175026735326483 0.12831240150042328
2.9919339697614378 -0.9084187632892089 -1.3915585577487946 1.4486153684169185 -3.480998731870166 -1.3915585577487946 0.032 0 0 0 0.13004099185928253 0.02251536809428864 0.03747526516883308
3.024382966198674 -0.9276090462867579 -1.3915585577487946 1.5135133612913911 -3.519379297865264 -1.3915585577487946 0.032 0 0 0 0.021245926525784414 -0.17119710608413471 0.12375179030723846
3.057070546461082 -0.9463900587168288 -1.3915585577487946 1.5788885218162072 -3.5569413227254056 -1.3915585577487946 0.032 0 0 0 0.05703646884989169 -0.11672871873780842 0.13407288860518465
3.0899915488008114 -0.9647588348398433 -1.3915585577487946 1.6447305264956658 -3.5936788749714346 -1.3915585577487946 0.032 0 0 0 -0.05661007430253988 0.062063913050693725 0.06001886861938817
3.1231407746099586 -0.9827124740131117 -1.3915585577487946 1.7110289781139603 -3.6295861533179714 -1.3915585577487946 0.032 0 0 0 0.10572429931480104 0.007841382057621499 0.12666735973379506
3.1565129892414934 -1.0002481411488855 -1.3915585577487946 1.7777734073770297 -3.664657487589519 -1.3915585577487946 0.032 0 0 0 -0.0085190298874529 -0.05734266038406935 0.11521235091404915
3.1901029228358597 -1.017363067162043 -1.3915585577487946 1.8449532745657624 -3.698887339615834 -1.3915585577487946 0.032 0 0 0 -0.048519448916291646 -0.11625183703421145 0.12630027068006394
3.223905271153158 -1.0340545494073647 -1.3915585577487946 1.9125579712003589 -3.7322703041064775 -1.3915585577487946 0.032 0 0 0 -0.08624999252389884 -0.06548303439454882 0.09535655634969861
3.2579146964107393 -1.0503199521063107 -1.3915585577487946 1.9805768217155215 -3.7648011095043694 -1.3915585577487946 0.032 0 0 0 -0.05876237055390898 -0.06863282511175187 0.1248527783578206
3.292125828126104 -1.066156706763239 -1.3915585577487946 2.048999085146251 -3.796474618818226 -1.3915585577487946 0.032 0 0 0 -0.021269677074425897 0.0782192630604171 0.11066554355483064
3.326533263964969 -1.0815623125710045 -1.3915585577487946 2.117813956823981 -3.827285830433757 -1.3915585577487946 0.032 0 0 0 0.13129998741867854 0.055717999077662506 0.03674522453536918
3.3611315705943494 -1.0965343368058629 -1.3915585577487946 2.187010570082742 -3.857229878903474 -1.3915585577487946 0.032 0 0 0 -0.1473302353106366 -0.11066842000343738 0.09692330429858385
3.395915284540554 -1.1110704152116262 -1.3915585577487946 2.2565779979751506 -3.8863020357150004 -1.3915585577487946 0.032 0 0 0 0.04365052019204299 0.15383221778850575 0.10139592584614594
3.430878913051923 -1.125168252373006 -1.3915585577487946 2.3265052549978886 -3.91449771003776 -1.3915585577487946 0.032 0 0 0 -0.027118198540057703 0.06518314525175947 0.022478219713811743
3.4660169349662047 -1.138825622078088 -1.3915585577487946 2.3967812988264523 -3.941812449447924 -1.3915585577487946 0.032 0 0 0 -0.006522528750218859 0.173516755351233 0.0993784418404204
3.501323801582406 -1.152040367669874 -1.3915585577487946 2.467395032058855 -3.968241940631496 -1.3915585577487946 0.032 0 0 0 -0.07976083832854049 0.04718666455567394 0.032199518530562285
3.536793937536997 -1.1648104023868453 -1.3915585577487946 2.5383353039680365 -3.9937820100654386 -1.3915585577487946 0.032 0 0 0 0.1533607780985991 -0.12285499780024903 0.10646067880162156
3.5724217416843285 -1.1771337096924848 -1.3915585577487946 2.6095909122627 -4.018428624676718 -1.3915585577487946 0.032 0 0 0 -0.05129346963020545 -0.07223235582328838 0.025659345698726396
3.6082015879811147 -1.1890083435937124 -1.3915585577487946 2.6811506048562723 -4.042177892479173 -1.3915585577487946 0.032 0 0 0 -0.10109646551647052 -0.13474156914070567 0.06930888646437987
3.644127826374852 -1.2004324289481807 -1.3915585577487946 2.7530030816437474 -4.065026063188109 -1.3915585577487946 0.032 0 0 0 0.16912828591254836 0.16621248314228315 0.16985979101413712
3.6801947836960283 -1.2114041617603792 -1.3915585577487946 2.8251369962860995 -4.0869695288125065 -1.3915585577487946 0.032 0 0 0 0.1707167647152712 -0.0634223550729057 0.02761912164481765
3.7163967645539806 -1.2219218094665094 -1.3915585577487946 2.897540958002004 -4.108004824224767 -1.3915585577487946 0.032 0 0 0 0.17345891217613746 0.010167830375029663 0.09691108589250229
3.7527280522362663 -1.2319837112080734 -1.3915585577487946 2.9702035333665755 -4.128128627707895 -1.3915585577487946 0.032 0 0 0 0.018418385717266283 -0.05021079465100281 0.113024599844681
3.7891829096113923 -1.2415882780941452 -1.3915585577487946 3.0431132481168275 -4.147337761480038 -1.3915585577487946 0.032 0 0 0 0.15004335358539606 0.1393794810593454 0.159970052898905
3.825755580034783 -1.2507339934522737 -1.3915585577487946 3.1162585889636087 -4.165629192196295 -1.3915585577487946 0.032 0 0 0 -0.014167702927668835 -0.050329748027493154 0.02898923723960107
3.8624402882578135 -1.2594194130679832 -1.3915585577487946 3.18962800540967 -4.1830000314277145 -1.3915585577487946 0.032 0 0 0 0.12912106836010795 0.05448446998414955 0.14390115962111838
3.899231241339793 -1.2676431654128324 -1.3915585577487946 3.263209911573629 -4.199447536117413 -1.3915585577487946 0.032 0 0 0 0.007969258447141775 0.09935513258322964 0.1274471879769849
3.9361226295627363 -1.2754039518609925 -1.3915585577487946 3.3369926880195155 -4.214969109013733 -1.3915585577487946 0.032 0 0 0 0.07015478604014441 0.07109227594946982 0.08389280634387226
3.9731086273487826 -1.2827005468943176 -1.3915585577487946 3.410964683591608 -4.229562299080383 -1.3915585577487946 0.032 0 0 0 -0.009293865867705697 0.003271533541549465 0.15381904534441243
4.010183394180129 -1.2895317982958678 -1.3915585577487946 3.485114217254301 -4.243224801883484 -1.3915585577487946 0.032 0 0 0 -0.14150803997491165 0.08525715442002824 0.16927538901394873
4.047341075521306 -1.2958966273318562 -1.3915585577487946 3.559429579936655 -4.25595445995546 -1.3915585577487946 0.032 0 0 0 -0.15201029506890135 0.04932913644008402 0.14627224747246687
4.084575803743686 -1.3017940289219943 -1.3915585577487946 3.6338990363814148 -4.2677492631357365 -1.3915585577487946 0.032 0 0 0 -0.03133392793416789 -0.16676070788627131 0.15070676660061988
4.121881699052043 -1.3072230717982056 -1.3915585577487946 3.708510826998129 -4.278607348888159 -1.3915585577487946 0.032 0 0 0 0.09517151380065114 -0.09610694079380214 0.02465560260491019
4.159252870413044 -1.3121828986516855 -1.3915585577487946 3.7832531697201315 -4.288527002595119 -1.3915585577487946 0.032 0 0 0 -0.06548379429571793 -0.17538230402768282 0.07299114114773025
4.196683416485512 -1.3166727262682771 -1.3915585577487946 3.858114261865067 -4.297506657828302 -1.3915585577487946 0.032 0 0 0 -0.061463113322620985 0.12787327057151365 0.1441045495622979
4.234167426552312 -1.3206918456521524 -1.3915585577487946 3.933082281998667 -4.305544896596053 -1.3915585577487946 0.032 0 0 0 0.15098375581020407 0.17955481987917649 0.13182600860522684
4.271698981453727 -1.3242396221377692 -1.3915585577487946 4.008145391801497 -4.3126404495672865 -1.3915585577487946 0.032 0 0 0 0.06623202097662195 -0.023348721814283713 0.1578080153943771
4.309272154522159 -1.3273154954900939 -1.3915585577487946 4.08329173793836 -4.318792196271936 -1.3915585577487946 0.032 0 0 0 0.15339227810371203 -0.03007174833738238 0.13838271046942957
4.346881012518017 -1.3299189799930664 -1.3915585577487946 4.158509453930076 -4.323999165277881 -1.3915585577487946 0.032 0 0 0 0.05260428367669287 -0.09583542447969197 0.1589656260571184
4.3845196165666485 -1.3320496645263042 -1.3915585577487946 4.23378666202734 -4.3282605343443565 -1.3915585577487946 0.032 0 0 0 0.08575075558349449 -0.10286714542560307 0.0497972221613907
4.422182023096153 -1.3337072126300198 -1.3915585577487946 4.309111475086349 -4.331575630551788 -1.3915585577487946 0.032 0 0 0 -0.1130546884011073 0.033124959183951724 0.13914549727451025
4.459862284775944 -1.3348913625581518 -1.3915585577487946 4.384471998445932 -4.333943930408052 -1.3915585577487946 0.032 0 0 0 0.038771004902108525 0.11347467590347898 0.09192987611096645
4.4975544514558985 -1.3356019273197002 -1.3915585577487946 4.45985633180584 -4.335365059931148 -1.3915585577487946 0.032 0 0 0 0.09264579601857725 -0.1509297828839527 0.08004094556272782
4.535252571105957 -1.335838794708252 -1.3915585577487946 4.535252571105957 -4.335838794708252 -1.3915585577487946 0.032 0 0 0 -0.12140408120728288 -0.13305757315694255 0.028953120243721583
4.572950690756015 -1.3356019273197002 -1.3915585577487946 4.610648810406072 -4.335365059931148 -1.3915585577487946 0.032 0 0 0 -0.15593822381269745 0.0655687463559223 0.13310430325112754
4.61064285743597 -1.3348913625581518 -1.3915585577487946 4.686033143765982 -4.333943930408052 -1.3915585577487946 0.032 0 0 0 0.135017962892025 0.10116745983572895 0.04872009498125905
4.64832311911576 -1.3337072126300198 -1.3915585577487946 4.761393667125564 -4.331575630551788 -1.3915585577487946 0.032 0 0 0 -0.012548930906965072 0.051102473826835304 0.12351708688348378
4.685985525645266 -1.3320496645263042 -1.3915585577487946 4.836718480184574 -4.3282605343443565 -1.3915585577487946 0.032 0 0 0 -0.16973129374092943 -0.04317160537569359 0.09728276881205586
4.7236241296938974 -1.3299189799930664 -1.3915585577487946 4.911995688281838 -4.323999165277881 -1.3915585577487946 0.032 0 0 0 0.1522628406999883 -0.07836315603871856 0.029550515578064457
4.761232987689755 -1.3273154954900939 -1.3915585577487946 4.987213404273552 -4.318792196271936 -1.3915585577487946 0.032 0 0 0 -0.1769393954894926 0.14060072765931703 0.09183689078271018
4.798806160758186 -1.3242396221377692 -1.3915585577487946 5.062359750410415 -4.3126404495672865 -1.3915585577487946 0.032 0 0 0 -0.1621872041908812 -0.15086197076191296 0.12349920128217484
4.836337715659602 -1.3206918456521524 -1.3915585577487946 5.137422860213247 -4.305544896596053 -1.3915585577487946 0.032 0 0 0 -0.052875137752815576 -0.13900755224410347 0.1160584771806453
4.873821725726402 -1.3166727262682771 -1.3915585577487946 5.212390880346847 -4.297506657828302 -1.3915585577487946 0.032 0 0 0 -0.17517831346011273 -0.141131115634292 0.04175665127612917
4.91125227179887 -1.3121828986516855 -1.3915585577487946 5.287251972491783 -4.288527002595119 -1.3915585577487946 0.032 0 0 0 -0.0697206205370336 -0.169387801253265 0.04750458491812551
4.948623443159871 -1.3072230717982056 -1.3915585577487946 5.361994315213785 -4.278607348888159 -1.3915585577487946 0.032 0 0 0 0.017218361958399736 0.027726168180520733 0.07819411411647022
4.985929338468228 -1.3017940289219938 -1.3915585577487946 5.436606105830499 -4.267749263135736 -1.3915585577487946 0.032 0 0 0 0.05353909997975437 0.16820202070802964 0.17029442828893077
5.023164066690608 -1.2958966273318562 -1.3915585577487946 5.511075562275259 -4.25595445995546 -1.3915585577487946 0.032 0 0 0 0.032883132786568015 -0.11623307301326495 0.05147737840334421
5.060321748031786 -1.2895317982958678 -1.3915585577487946 5.585390924957615 -4.243224801883484 -1.3915585577487946 0.032 0 0 0 -0.010382658069325507 0.11950085034828128 0.1601996115615681
5.0973965148631315 -1.2827005468943176 -1.3915585577487946 5.659540458620306 -4.229562299080383 -1.3915585577487946 0.032 0 0 0 0.05802961116736122 -0.11767019020138533 0.11400859779663816
5.134382512649178 -1.2754039518609925 -1.3915585577487946 5.7335124541923985 -4.214969109013733 -1.3915585577487946 0.032 0 0 0 -0.13233086033376534 0.11813461114431723 0.16374198585893976
5.17127390087212 -1.2676431654128324 -1.3915585577487946 5.8072952306382835 -4.199447536117413 -1.3915585577487946 0.032 0 0 0 -0.021250171922395644 0.08815947249238065 0.03228635529167871
5.208064853954101 -1.2594194130679837 -1.3915585577487946 5.880877136802244 -4.183000031427715 -1.3915585577487946 0.032 0 0 0 -0.11899460917294938 -0.025993108675327586 0.1283395242902228
5.24474956217713 -1.2507339934522737 -1.3915585577487946 5.9542465532483035 -4.165629192196295 -1.3915585577487946 0.032 0 0 0 -0.16134936160806648 -0.08499651010922929 0.027128374167060224
5.281322232600521 -1.2415882780941456 -1.3915585577487946 6.027391894095086 -4.147337761480039 -1.3915585577487946 0.032 0 0 0 0.09504778333059166 0.17672092829680286 0.09819703225874554
5.317777089975647 -1.2319837112080738 -1.3915585577487946 6.100301608845337 -4.128128627707896 -1.3915585577487946 0.032 0 0 0 0.14133428612809912 -0.14460656748270637 0.17689430792515973
5.354108377657932 -1.2219218094665099 -1.3915585577487946 6.172964184209906 -4.108004824224768 -1.3915585577487946 0.032 0 0 0 0.05287204500677123 0.003012099099661575 0.11423493609399583
5.390310358515885 -1.2114041617603797 -1.3915585577487946 6.245368145925813 -4.086969528812507 -1.3915585577487946 0.032 0 0 0 -0.07070333029617877 -0.08516802978158108 0.04290142989471295
5.426377315837061 -1.2004324289481811 -1.3915585577487946 6.317502060568165 -4.06502606318811 -1.3915585577487946 0.032 0 0 0 -0.1557702635015249 0.09909820833160332 0.09361090885188375
5.462303554230799 -1.1890083435937129 -1.3915585577487946 6.389354537355642 -4.042177892479174 -1.3915585577487946 0.032 0 0 0 -0.17967817940584507 0.04882117361913951 0.090245969836052
5.498083400527585 -1.1771337096924848 -1.3915585577487946 6.460914229949212 -4.018428624676718 -1.3915585577487946 0.032 0 0 0 0.035555693068599625 0.10464198565418448 0.1367073873553903
5.533711204674916 -1.1648104023868457 -1.3915585577487946 6.532169838243876 -3.9937820100654395 -1.3915585577487946 0.032 0 0 0 0.004174267778585206 0.1071088002374212 0.15477947728113753
5.569181340629507 -1.1520403676698745 -1.3915585577487946 6.603110110153057 -3.968241940631497 -1.3915585577487946 0.032 0 0 0 -0.14240593875535643 -0.02659201606101208 0.1630504573342204
5.6044882072457085 -1.1388256220780884 -1.3915585577487946 6.67372384338546 -3.9418124494479247 -1.3915585577487946 0.032 0 0 0 -0.015594510693883623 0.17088533708452802 0.07443514699710292
5.639626229159991 -1.125168252373006 -1.3915585577487946 6.743999887214025 -3.91449771003776 -1.3915585577487946 0.032 0 0 0 -0.12427092619285673 -0.07192545909919659 0.17646025298839044
5.67458985767136 -1.1110704152116262 -1.3915585577487946 6.813927144236763 -3.8863020357150004 -1.3915585577487946 0.032 0 0 0 -0.0912320519262785 -0.07245655942547191 0.08455122684080836
5.709373571617564 -1.0965343368058633 -1.3915585577487946 6.883494572129171 -3.8572298789034747 -1.3915585577487946 0.032 0 0 0 -0.03589291622743773 0.013490439492558792 0.04762733606029597
5.743971878246945 -1.081562312571005 -1.3915585577487946 6.952691185387932 -3.827285830433758 -1.3915585577487946 0.032 0 0 0 -0.059225261265218 -0.16785882792061657 0.13591184799767264
5.778379314085809 -1.066156706763239 -1.3915585577487946 7.021506057065661 -3.796474618818226 -1.3915585577487946 0.032 0 0 0 -0.03419329960302189 -0.14385074336329856 0.026283813571585442
5.812590445801176 -1.0503199521063102 -1.3915585577487946 7.089928320496394 -3.7648011095043685 -1.3915585577487946 0.032 0 0 0 0.17362064484258438 0.174695344603515 0.1030515656387253
5.846599871058755 -1.0340545494073656 -1.3915585577487946 7.157947171011553 -3.7322703041064793 -1.3915585577487946 0.032 0 0 0 0.09873284163983798 0.004930205278488892 0.17349974098945958
5.8804022193760535 -1.0173630671620435 -1.3915585577487946 7.22555186764615 -3.698887339615835 -1.3915585577487946 0.032 0 0 0 0.11966275990244885 -0.02068416349083757 0.15836338306329872
5.913992152970421 -1.0002481411488855 -1.3915585577487946 7.292731734834884 -3.664657487589519 -1.3915585577487946 0.032 0 0 0 0.05038908176180165 -0.054074610672943696 0.1318767042841114
5.9473643676019545 -0.9827124740131117 -1.3915585577487946 7.359476164097952 -3.6295861533179714 -1.3915585577487946 0.032 0 0 0 -0.08171818939433799 0.12779186299858603 0.1721252474366387
5.980513593411104 -0.9647588348398424 -1.3915585577487946 7.42577461571625 -3.593678874971433 -1.3915585577487946 0.032 0 0 0 0.08837868405502364 0.017922978891694447 0.1615629551460666
6.013434595750832 -0.9463900587168288 -1.3915585577487946 7.491616620395707 -3.5569413227254056 -1.3915585577487946 0.032 0 0 0 -0.01394743168121415 0.022943647371660353 0.14808302097956927
6.04612217601324 -0.9276090462867579 -1.3915585577487946 7.556991780920523 -3.519379297865264 -1.3915585577487946 0.032 0 0 0 -0.1077011079065866 -0.008712690330338058 0.07179920036182331
6.078571172450477 -0.9084187632892085 -1.3915585577487946 7.621889773794997 -3.480998731870165 -1.3915585577487946 0.032 0 0 0 0.09613557214004032 0.005300746468281464 0.029106427995966914
6.110776460989845 -0.8888222400923271 -1.3915585577487946 7.686300350873733 -3.4418056854764023 -1.3915585577487946 0.032 0 0 0 0.03423905985181491 -0.10896163861092034 0.05180038803961118
6.142732956042948 -0.868822571214297 -1.3915585577487946 7.750213340979938 -3.401806347720342 -1.3915585577487946 0.032 0 0 0 0.033769382145663523 -0.10851057344753126 0.022758575428931536
6.174435611308764 -0.8484229148346771 -1.3915585577487946 7.813618651511572 -3.3610070349611023 -1.3915585577487946 0.032 0 0 0 0.0001203678121103613 0.05362784903260126 0.039783464353006885
6.20587942057052 -0.8276264922956909 -1.3915585577487946 7.876506270035083 -3.3194141898831298 -1.3915585577487946 0.032 0 0 0 0.1370748915571381 -0.12556607772027156 0.16023685918880226
6.237059418486226 -0.8064365875935344 -1.3915585577487946 7.938866265866494 -3.277034380478817 -1.3915585577487946 0.032 0 0 0 0.09290607282288216 0.16890299549623367 0.057233766013653056
6.267970681372759 -0.7848565468598041 -1.3915585577487946 8.000688791639561 -3.2338742990113563 -1.3915585577487946 0.032 0 0 0 -0.005042993385297234 -0.04379985628194469 0.11642465344763078
6.298608327983376 -0.7628897778330943 -1.3915585577487946 8.061964084860795 -3.1899407609579367 -1.3915585577487946 0.032 0 0 0 0.06874479062319366 -0.0223475486374633 0.05501454364860006
6.328967520278512 -0.7405397493208827 -1.3915585577487946 8.122682469451068 -3.1452407039335135 -1.3915585577487946 0.032 0 0 0 0.03020697523158794 0.05953872262258761 0.1303702792699367
6.359043464189773 -0.7178099906517583 -1.3915585577487946 8.182834357273588 -3.0997811865952647 -1.3915585577487946 0.032 0 0 0 0.018829647950831002 -0.10991195417910059 0.1253895950400747
6.38883141037696 -0.6947040911181093 -1.3915585577487946 8.242410249647962 -3.0535693875279666 -1.3915585577487946 0.032 0 0 0 0.04841185369584186 0.11263746053562063 0.08734663587684233
6.418326654978058 -0.6712256994093222 -1.3915585577487946 8.301400738850159 -3.0066126041103924 -1.3915585577487946 0.032 0 0 0 -0.1312931464466753 0.17868103964169335 0.16649210289064748
6.447524540352026 -0.6473785230356199 -1.3915585577487946 8.359796509598095 -2.958918251362988 -1.3915585577487946 0.032 0 0 0 0.05188693954783247 0.14388458229861323 0.11705055875316767
6.476420455814289 -0.6231663277425961 -1.3915585577487946 8.41758834052262 -2.91049386077694 -1.3915585577487946 0.032 0 0 0 0.02124896146750499 0.12175026735326483 0.12831240150042328
6.505009838364826 -0.5985929369165639 -1.3915585577487946 8.474767105623695 -2.861347079124876 -1.3915585577487946 0.032 0 0 0 0.13004099185928253 0.02251536809428864 0.03747526516883308
6.533288173408712 -0.5736622309807986 -1.3915585577487946 8.531323775711467 -2.8114856672533453 -1.3915585577487946 0.032 0 0 0 0.021245926525784414 -0.17119710608413471 0.12375179030723846
6.561250995469031 -0.548378146782774 -1.3915585577487946 8.587249419832105 -2.760917498857296 -1.3915585577487946 0.032 0 0 0 0.05703646884989169 -0.11672871873780842 0.13407288860518465
6.588893888892024 -0.5227446769724864 -1.3915585577487946 8.64253520667809 -2.709650559236721 -1.3915585577487946 0.032 0 0 0 -0.05661007430253988 0.062063913050693725 0.06001886861938817
6.616212488544372 -0.496765869371973 -1.3915585577487946 8.697172405982787 -2.657692944035694 -1.3915585577487946 0.032 0 0 0 0.10572429931480104 0.007841382057621499 0.12666735973379506
6.643202480502504 -0.4704458263361082 -1.3915585577487946 8.751152389899051 -2.6050528579639645 -1.3915585577487946 0.032 0 0 0 -0.0085190298874529 -0.05734266038406935 0.11521235091404915
6.669859602733813 -0.4437887041047994 -1.3915585577487946 8.804466634361669 -2.551738613501347 -1.3915585577487946 0.032 0 0 0 -0.048519448916291646 -0.11625183703421145 0.12630027068006394
6.696179645769678 -0.41679871214666697 -1.3915585577487946 8.857106720433398 -2.497758629585082 -1.3915585577487946 0.032 0 0 0 -0.08624999252389884 -0.06548303439454882 0.09535655634969861
6.7221584533701915 -0.3894801124943186 -1.3915585577487946 8.909064335634426 -2.443121430280385 -1.3915585577487946 0.032 0 0 0 -0.05876237055390898 -0.06863282511175187 0.1248527783578206
6.747791923180479 -0.36183721907132593 -1.3915585577487946 8.960331275255001 -2.3878356434344 -1.3915585577487946 0.032 0 0 0 -0.021269677074425897 0.0782192630604171 0.11066554355483064
6.773076007378503 -0.33387439701100696 -1.3915585577487946 9.010899443651049 -2.331909999313762 -1.3915585577487946 0.032 0 0 0 0.13129998741867854 0.055717999077662506 0.03674522453536918
6.798006713314269 -0.3055960619671212 -1.3915585577487946 9.060760855522581 -2.2753533292259904 -1.3915585577487946 0.032 0 0 0 -0.1473302353106366 -0.11066842000343738 0.09692330429858385
6.822580104140301 -0.27700667941658463 -1.3915585577487946 9.109907637174645 -2.2181745641249173 -1.3915585577487946 0.032 0 0 0 0.04365052019204299 0.15383221778850575 0.10139592584614594
6.846792299433325 -0.24811076395432163 -1.3915585577487946 9.158332027760693 -2.1603827332003913 -1.3915585577487946 0.032 0 0 0 -0.027118198540057703 0.06518314525175947 0.022478219713811743
6.870639475807027 -0.2189128785803538 -1.3915585577487946 9.206026380508098 -2.1019869624524556 -1.3915585577487946 0.032 0 0 0 -0.006522528750218859 0.173516755351233 0.0993784418404204
6.8941178675158135 -0.18941763397925504 -1.3915585577487946 9.25298316392567 -2.042996473250258 -1.3915585577487946 0.032 0 0 0 -0.07976083832854049 0.04718666455567394 0.032199518530562285
6.917223767049463 -0.15962968779206776 -1.3915585577487946 9.299194962992969 -1.9834205808758836 -1.3915585577487946 0.032 0 0 0 0.1533607780985991 -0.12285499780024903 0.10646067880162156
6.939953525718588 -0.1295537438808081 -1.3915585577487946 9.344654480331219 -1.9232686930533642 -1.3915585577487946 0.032 0 0 0 -0.05129346963020545 -0.07223235582328838 0.025659345698726396
6.9623035542307985 -0.09919455158567159 -1.3915585577487946 9.38935453735564 -1.8625503084630912 -1.3915585577487946 0.032 0 0 0 -0.10109646551647052 -0.13474156914070567 0.06930888646437987
6.984270323257508 -0.06855690497505496 -1.3915585577487946 9.43328807540906 -1.801275015241858 -1.3915585577487946 0.032 0 0 0 0.16912828591254836 0.16621248314228315 0.16985979101413712
7.0058503639912395 -0.03764564208852117 -1.3915585577487946 9.476448156876522 -1.7394524894687904 -1.3915585577487946 0.032 0 0 0 0.1707167647152712 -0.0634223550729057 0.02761912164481765
7.027040268693396 -0.006465644172815477 -1.3915585577487946 9.518827966280835 -1.677092493637379 -1.3915585577487946 0.032 0 0 0 0.17345891217613746 0.010167830375029663 0.09691108589250229
7.047836691232382 0.02497816508894024 -1.3915585577487946 9.560420811358807 -1.6142048751138676 -1.3915585577487946 0.032 0 0 0 0.018418385717266283 -0.05021079465100281 0.113024599844681
7.068236347612002 0.05668082035475708 -1.3915585577487946 9.601220124118047 -1.550799564582234 -1.3915585577487946 0.032 0 0 0 0.15004335358539606 0.1393794810593454 0.159970052898905
7.088236016490033 0.0886373154078599 -1.3915585577487946 9.641219461874108 -1.4868865744760282 -1.3915585577487946 0.032 0 0 0 -0.014167702927668835 -0.050329748027493154 0.02898923723960107
7.107832539686913 0.12084260394722812 -1.3915585577487946 9.68041250826787 -1.4224759973972918 -1.3915585577487946 0.032 0 0 0 0.12912106836010795 0.05448446998414955 0.14390115962111838
7.127022822684463 0.15329160038446532 -1.3915585577487946 9.718793074262969 -1.3575780045228174 -1.3915585577487946 0.032 0 0 0 0.007969258447141775 0.09935513258322964 0.1274471879769849
7.145803835114534 0.18597918064687313 -1.3915585577487946 9.75635509912311 -1.2922028439980018 -1.3915585577487946 0.032 0 0 0 0.07015478604014441 0.07109227594946982 0.08389280634387226
7.164172611237547 0.2189001829866013 -1.3915585577487946 9.793092651369136 -1.2263608393185454 -1.3915585577487946 0.032 0 0 0 -0.009293865867705697 0.003271533541549465 0.15381904534441243
7.182126250410817 0.25204940879574966 -1.3915585577487946 9.828999929715676 -1.1600623877002487 -1.3915585577487946 0.032 0 0 0 -0.14150803997491165 0.08525715442002824 0.16927538901394873
7.199661917546591 0.28542162342728417 -1.3915585577487946 9.864071263987224 -1.0933179584371797 -1.3915585577487946 0.032 0 0 0 -0.15201029506890135 0.04932913644008402 0.14627224747246687
7.216776843559749 0.3190115570216512 -1.3915585577487946 9.89830111601354 -1.0261380912484457 -1.3915585577487946 0.032 0 0 0 -0.03133392793416789 -0.16676070788627131 0.15070676660061988
7.23346832580507 0.3528139053389494 -1.3915585577487946 9.931684080504183 -0.9585333946138492 -1.3915585577487946 0.032 0 0 0 0.09517151380065114 -0.09610694079380214 0.02465560260491019
7.249733728504015 0.3868233305965294 -1.3915585577487946 9.964214885902074 -0.8905145440986892 -1.3915585577487946 0.032 0 0 0 -0.06548379429571793 -0.17538230402768282 0.07299114114773025
7.2655704831609444 0.4210344623118951 -1.3915585577487946 9.995888395215932 -0.8220922806679578 -1.3915585577487946 0.032 0 0 0 -0.061463113322620985 0.12787327057151365 0.1441045495622979
7.28097608896871 0.45544189815075975 -1.3915585577487946 10.026699606831462 -0.7532774089902285 -1.3915585577487946 0.032 0 0 0 0.15098375581020407 0.17955481987917649 0.13182600860522684
7.295948113203568 0.4900402047801409 -1.3915585577487946 10.05664365530118 -0.6840807957314663 -1.3915585577487946 0.032 0 0 0 0.06623202097662195 -0.023348721814283713 0.1578080153943771
7.310484191609331 0.5248239187263439 -1.3915585577487946 10.085715812112705 -0.6145133678390602 -1.3915585577487946 0.032 0 0 0 0.15339227810371203 -0.03007174833738238 0.13838271046942957
7.3245820287707115 0.5597875472377136 -1.3915585577487946 10.113911486435466 -0.5445861108163208 -1.3915585577487946 0.032 0 0 0 0.05260428367669287 -0.09583542447969197 0.1589656260571184
7.3382393984757925 0.5949255691519957 -1.3915585577487946 10.141226225845628 -0.4743100669877567 -1.3915585577487946 0.032 0 0 0 0.08575075558349449 -0.10286714542560307 0.0497972221613907
7.35145414406758 0.630232435768197 -1.3915585577487946 10.167655717029202 -0.4036963337553541 -1.3915585577487946 0.032 0 0 0 -0.1130546884011073 0.033124959183951724 0.13914549727451025
7.364224178784551 0.6657025717227885 -1.3915585577487946 10.193195786463145 -0.3327560618461711 -1.3915585577487946 0.032 0 0 0 0.038771004902108525 0.11347467590347898 0.09192987611096645
7.37654748609019 0.7013303758701189 -1.3915585577487946 10.217842401074423 -0.2615004535515102 -1.3915585577487946 0.032 0 0 0 0.09264579601857725 -0.1509297828839527 0.08004094556272782
7.388422119991418 0.7371102221669055 -1.3915585577487946 10.241591668876879 -0.1899407609579371 -1.3915585577487946 0.032 0 0 0 -0.12140408120728288 -0.13305757315694255 0.028953120243721583
7.399846205345886 0.7730364605606432 -1.3915585577487946 10.264439839585815 -0.11808828417046158 -1.3915585577487946 0.032 0 0 0 -0.15593822381269745 0.0655687463559223 0.13310430325112754
7.410817938158084 0.8091034178818199 -1.3915585577487946 10.286383305210212 -0.04595436952810816 -1.3915585577487946 0.032 0 0 0 0.135017962892025 0.10116745983572895 0.04872009498125905
7.421335585864215 0.845305398739773 -1.3915585577487946 10.307418600622473 0.026449592187797855 -1.3915585577487946 0.032 0 0 0 -0.012548930906965072 0.051102473826835304 0.12351708688348378
7.4313974876057785 0.8816366864220568 -1.3915585577487946 10.3275424041056 0.09911216755236563 -1.3915585577487946 0.032 0 0 0 -0.16973129374092943 -0.04317160537569359 0.09728276881205586
7.44100205449185 0.9180915437971836 -1.3915585577487946 10.346751537877743 0.17202188230261917 -1.3915585577487946 0.032 0 0 0 0.1522628406999883 -0.07836315603871856 0.029550515578064457
7.450147769849979 0.9546642142205742 -1.3915585577487946 10.365042968594 0.24516722314940043 -1.3915585577487946 0.032 0 0 0 -0.1769393954894926 0.14060072765931703 0.09183689078271018
7.458833189465689 0.9913489224436051 -1.3915585577487946 10.38241380782542 0.3185366395954621 -1.3915585577487946 0.032 0 0 0 -0.1621872041908812 -0.15086197076191296 0.12349920128217484
7.4670569418105375 1.0281398755255837 -1.3915585577487946 10.398861312515118 0.3921185457594194 -1.3915585577487946 0.032 0 0 0 -0.052875137752815576 -0.13900755224410347 0.1160584771806453
7.474817728258698 1.0650312637485269 -1.3915585577487946 10.414382885411438 0.46590132220530567 -1.3915585577487946 0.032 0 0 0 -0.17517831346011273 -0.141131115634292 0.04175665127612917
7.482114323292023 1.1020172615345731 -1.3915585577487946 10.428976075478088 0.5398733177773982 -1.3915585577487946 0.032 0 0 0 -0.0697206205370336 -0.169387801253265 0.04750458491812551
7.488945574693573 1.1390920283659192 -1.3915585577487946 10.442638578281189 0.6140228514400903 -1.3915585577487946 0.032 0 0 0 0.017218361958399736 0.027726168180520733 0.07819411411647022
7.495310403729562 1.1762497097070967 -1.3915585577487946 10.455368236353166 0.6883382141224454 -1.3915585577487946 0.032 0 0 0 0.05353909997975437 0.16820202070802964 0.17029442828893077
7.501207805319699 1.2134844379294767 -1.3915585577487946 10.46716303953344 0.7628076705672053 -1.3915585577487946 0.032 0 0 0 0.032883132786568015 -0.11623307301326495 0.05147737840334421
7.50663684819591 1.2507903332378327 -1.3915585577487946 10.478021125285863 0.8374194611839174 -1.3915585577487946 0.032 0 0 0 -0.010382658069325507 0.11950085034828128 0.1601996115615681
7.5115966750493905 1.2881615045988344 -1.3915585577487946 10.487940778992824 0.9121618039059207 -1.3915585577487946 0.032 0 0 0 0.05802961116736122 -0.11767019020138533 0.11400859779663816
7.516086502665982 1.3255920506713024 -1.3915585577487946 10.496920434226007 0.9870228960508567 -1.3915585577487946 0.032 0 0 0 -0.13233086033376534 0.11813461114431723 0.16374198585893976
7.520105622049858 1.3630760607381032 -1.3915585577487946 10.504958672993759 1.0619909161844583 -1.3915585577487946 0.032 0 0 0 -0.021250171922395644 0.08815947249238065 0.03228635529167871
7.523653398535474 1.4006076156395186 -1.3915585577487946 10.512054225964992 1.1370540259872892 -1.3915585577487946 0.032 0 0 0 -0.11899460917294938 -0.025993108675327586 0.1283395242902228
7.526729271887799 1.438180788707949 -1.3915585577487946 10.51820597266964 1.2122003721241499 -1.3915585577487946 0.032 0 0 0 -0.16134936160806648 -0.08499651010922929 0.027128374167060224
7.5293327563907715 1.4757896467038072 -1.3915585577487946 10.523412941675586 1.2874180881158663 -1.3915585577487946 0.032 0 0 0 0.09504778333059166 0.17672092829680286 0.09819703225874554
7.531463440924009 1.513428250752439 -1.3915585577487946 10.52767431074206 1.36269529621313 -1.3915585577487946 0.032 0 0 0 0.14133428612809912 -0.14460656748270637 0.17689430792515973
7.533120989027725 1.5510906572819445 -1.3915585577487946 10.530989406949493 1.438020109272141 -1.3915585577487946 0.032 0 0 0 0.05287204500677123 0.003012099099661575 0.11423493609399583
7.534305138955856 1.5887709189617345 -1.3915585577487946 10.533357706805756 1.513380632631721 -1.3915585577487946 0.032 0 0 0 -0.07070333029617877 -0.08516802978158108 0.04290142989471295
7.535015703717406 1.6264630856416895 -1.3915585577487946 10.534778836328854 1.588764965991631 -1.3915585577487946 0.032 0 0 0 -0.1557702635015249 0.09909820833160332 0.09361090885188375
7.535252571105957 1.6641612052917476 -1.3915585577487946 10.535252571105957 1.6641612052917472 -1.3915585577487946 0.032 0 0 0 -0.17967817940584507 0.04882117361913951 0.090245969836052
7.535015703717406 1.701859324941806 -1.3915585577487946 10.534778836328854 1.7395574445918638 -1.3915585577487946 0.032 0 0 0 0.035555693068599625 0.10464198565418448 0.1367073873553903
7.534305138955856 1.7395514916217607 -1.3915585577487946 10.533357706805756 1.8149417779517734 -1.3915585577487946 0.032 0 0 0 0.004174267778585206 0.1071088002374212 0.15477947728113753
7.533120989027725 1.777231753301551 -1.3915585577487946 10.530989406949493 1.8903023013113538 -1.3915585577487946 0.032 0 0 0 -0.14240593875535643 -0.02659201606101208 0.1630504573342204
7.531463440924009 1.8148941598310562 -1.3915585577487946 10.52767431074206 1.9656271143703643 -1.3915585577487946 0.032 0 0 0 -0.015594510693883623 0.17088533708452802 0.07443514699710292
7.5293327563907715 1.852532763879688 -1.3915585577487946 10.523412941675586 2.040904322467628 -1.3915585577487946 0.032 0 0 0 -0.12427092619285673 -0.07192545909919659 0.17646025298839044
7.526729271887799 1.8901416218755465 -1.3915585577487946 10.51820597266964 2.116122038459345 -1.3915585577487946 0.032 0 0 0 -0.0912320519262785 -0.07245655942547191 0.08455122684080836
7.523653398535474 1.9277147949439768 -1.3915585577487946 10.512054225964992 2.1912683845962055 -1.3915585577487946 0.032 0 0 0 -0.03589291622743773 0.013490439492558792 0.04762733606029597
7.520105622049858 1.9652463498453923 -1.3915585577487946 10.504958672993759 2.2663314943990365 -1.3915585577487946 0.032 0 0 0 -0.059225261265218 -0.16785882792061657 0.13591184799767264
7.516086502665982 2.002730359912193 -1.3915585577487946 10.496920434226007 2.341299514532638 -1.3915585577487946 0.032 0 0 0 -0.03419329960302189 -0.14385074336329856 0.026283813571585442
7.5115966750493905 2.040160905984661 -1.3915585577487946 10.487940778992824 2.4161606066775736 -1.3915585577487946 0.032 0 0 0 0.17362064484258438 0.174695344603515 0.1030515656387253
7.50663684819591 2.077532077345663 -1.3915585577487946 10.478021125285863 2.490902949399578 -1.3915585577487946 0.032 0 0 0 0.09873284163983798 0.004930205278488892 0.17349974098945958
7.5012078053197 2.1148379726540187 -1.3915585577487946 10.467163039533443 2.5655147400162894 -1.3915585577487946 0.032 0 0 0 0.11966275990244885 -0.02068416349083757 0.15836338306329872
7.495310403729562 2.1520727008763987 -1.3915585577487946 10.455368236353166 2.6399841964610493 -1.3915585577487946 0.032 0 0 0 0.05038908176180165 -0.054074610672943696 0.1318767042841114
7.488945574693573 2.189230382217576 -1.3915585577487946 10.442638578281189 2.714299559143404 -1.3915585577487946 0.032 0 0 0 -0.08171818939433799 0.12779186299858603 0.1721252474366387
7.482114323292023 2.2263051490489225 -1.3915585577487946 10.428976075478088 2.788449092806097 -1.3915585577487946 0.032 0 0 0 0.08837868405502364 0.017922978891694447 0.1615629551460666
7.474817728258698 2.2632911468349697 -1.3915585577487946 10.414382885411438 2.8624210883781913 -1.3915585577487946 0.032 0 0 0 -0.01394743168121415 0.022943647371660353 0.14808302097956927
7.4670569418105375 2.3001825350579117 -1.3915585577487946 10.398861312515118 2.9362038648240754 -1.3915585577487946 0.032 0 0 0 -0.1077011079065866 -0.008712690330338058 0.07179920036182331
7.458833189465688 2.3369734881398916 -1.3915585577487946 10.382413807825419 3.009785770988035 -1.3915585577487946 0.032 0 0 0 0.09613557214004032 0.005300746468281464 0.029106427995966914
7.450147769849979 2.373658196362922 -1.3915585577487946 10.365042968594 3.0831551874340963 -1.3915585577487946 0.032 0 0 0 0.03423905985181491 -0.10896163861092034 0.05180038803961118
7.44100205449185 2.4102308667863133 -1.3915585577487946 10.346751537877743 3.1563005282808785 -1.3915585577487946 0.032 0 0 0 0.033769382145663523 -0.10851057344753126 0.022758575428931536
7.4313974876057785 2.446685724161439 -1.3915585577487946 10.3275424041056 3.2292102430311296 -1.3915585577487946 0.032 0 0 0 0.0001203678121103613 0.05362784903260126 0.039783464353006885
7.421335585864215 2.4830170118437236 -1.3915585577487946 10.307418600622473 3.301872818395699 -1.3915585577487946 0.032 0 0 0 0.1370748915571381 -0.12556607772027156 0.16023685918880226
7.410817938158084 2.519218992701677 -1.3915585577487946 10.286383305210212 3.3742767801116056 -1.3915585577487946 0.032 0 0 0 0.09290607282288216 0.16890299549623367 0.057233766013653056
7.399846205345886 2.5552859500228533 -1.3915585577487946 10.264439839585815 3.4464106947539586 -1.3915585577487946 0.032 0 0 0 -0.005042993385297234 -0.04379985628194469 0.11642465344763078
7.388422119991418 2.5912121884165913 -1.3915585577487946 10.241591668876879 3.5182631715414345 -1.3915585577487946 0.032 0 0 0 0.06874479062319366 -0.0223475486374633 0.05501454364860006
7.37654748609019 2.6269920347133766 -1.3915585577487946 10.217842401074423 3.589822864135005 -1.3915585577487946 0.032 0 0 0 0.03020697523158794 0.05953872262258761 0.1303702792699367
7.36422417878455 2.6626198388607083 -1.3915585577487946 10.193195786463143 3.6610784724296686 -1.3915585577487946 0.032 0 0 0 0.018829647950831002 -0.10991195417910059 0.1253895950400747
7.35145414406758 2.6980899748153 -1.3915585577487946 10.167655717029202 3.732018744338852 -1.3915585577487946 0.032 0 0 0 0.04841185369584186 0.11263746053562063 0.08734663587684233
7.3382393984757925 2.733396841431501 -1.3915585577487946 10.141226225845628 3.8026324775712537 -1.3915585577487946 0.032 0 0 0 -0.1312931464466753 0.17868103964169335 0.16649210289064748
7.324582028770711 2.768534863345783 -1.3915585577487946 10.113911486435464 3.8729085213998182 -1.3915585577487946 0.032 0 0 0 0.05188693954783247 0.14388458229861323 0.11705055875316767
7.310484191609332 2.8034984918571517 -1.3915585577487946 10.085715812112706 3.9428357784225554 -1.3915585577487946 0.032 0 0 0 0.02124896146750499 0.12175026735326483 0.12831240150042328
7.295948113203568 2.8382822058033543 -1.3915585577487946 10.05664365530118 4.012403206314961 -1.3915585577487946 0.032 0 0 0 0.13004099185928253 0.02251536809428864 0.03747526516883308
7.2809760889687105 2.8728805124327343 -1.3915585577487946 10.026699606831464 4.081599819573721 -1.3915585577487946 0.032 0 0 0 0.021245926525784414 -0.17119710608413471 0.12375179030723846
7.2655704831609444 2.907287948271599 -1.3915585577487946 9.995888395215932 4.15041469125145 -1.3915585577487946 0.032 0 0 0 0.05703646884989169 -0.11672871873780842 0.13407288860518465
7.249733728504016 2.941499079986965 -1.3915585577487946 9.964214885902075 4.218836954682182 -1.3915585577487946 0.032 0 0 0 -0.05661007430253988 0.062063913050693725 0.06001886861938817
7.23346832580507 2.9755085052445462 -1.3915585577487946 9.931684080504183 4.286855805197344 -1.3915585577487946 0.032 0 0 0 0.10572429931480104 0.007841382057621499 0.12666735973379506
7.2167768435597495 3.009310853561843 -1.3915585577487946 9.898301116013542 4.354460501831938 -1.3915585577487946 0.032 0 0 0 -0.0085190298874529 -0.05734266038406935 0.11521235091404915
7.1996619175465915 3.04290078715621 -1.3915585577487946 9.864071263987226 4.421640369020672 -1.3915585577487946 0.032 0 0 0 -0.048519448916291646 -0.11625183703421145 0.12630027068006394
7.182126250410818 3.0762730017877447 -1.3915585577487946 9.828999929715678 4.488384798283741 -1.3915585577487946 0.032 0 0 0 -0.08624999252389884 -0.06548303439454882 0.09535655634969861
7.164172611237548 3.109422227596893 -1.3915585577487946 9.79309265136914 4.5546832499020375 -1.3915585577487946 0.032 0 0 0 -0.05876237055390898 -0.06863282511175187 0.1248527783578206
7.145803835114535 3.142343229936622 -1.3915585577487946 9.756355099123112 4.620525254581496 -1.3915585577487946 0.032 0 0 0 -0.021269677074425897 0.0782192630604171 0.11066554355483064
7.127022822684464 3.175030810199029 -1.3915585577487946 9.71879307426297 4.68590041510631 -1.3915585577487946 0.032 0 0 0 0.13129998741867854 0.055717999077662506 0.03674522453536918
7.107832539686915 3.2074798066362664 -1.3915585577487946 9.680412508267873 4.750798407980785 -1.3915585577487946 0.032 0 0 0 -0.1473302353106366 -0.11066842000343738 0.09692330429858385
7.088236016490033 3.239685095175634 -1.3915585577487946 9.641219461874108 4.81520898505952 -1.3915585577487946 0.032 0 0 0 0.04365052019204299 0.15383221778850575 0.10139592584614594
7.068236347612002 3.2716415902287372 -1.3915585577487946 9.601220124118047 4.879121975165726 -1.3915585577487946 0.032 0 0 0 -0.027118198540057703 0.06518314525175947 0.022478219713811743
7.047836691232382 3.303344245494555 -1.3915585577487946 9.560420811358807 4.942527285697362 -1.3915585577487946 0.032 0 0 0 -0.006522528750218859 0.173516755351233 0.0993784418404204
7.027040268693396 3.334788054756311 -1.3915585577487946 9.518827966280835 5.005414904220874 -1.3915585577487946 0.032 0 0 0 -0.07976083832854049 0.04718666455567394 0.032199518530562285
7.0058503639912395 3.3659680526720166 -1.3915585577487946 9.476448156876522 5.067774900052285 -1.3915585577487946 0.032 0 0 0 0.1533607780985991 -0.12285499780024903 0.10646067880162156
6.984270323257509 3.39687931555855 -1.3915585577487946 9.433288075409061 5.129597425825352 -1.3915585577487946 0.032 0 0 0 -0.05129346963020545 -0.07223235582328838 0.025659345698726396
6.9623035542308 3.4275169621691672 -1.3915585577487946 9.389354537355644 5.190872719046586 -1.3915585577487946 0.032 0 0 0 -0.10109646551647052 -0.13474156914070567 0.06930888646437987
6.939953525718588 3.4578761544643033 -1.3915585577487946 9.344654480331219 5.2515911036368585 -1.3915585577487946 0.032 0 0 0 0.16912828591254836 0.16621248314228315 0.16985979101413712
6.917223767049464 3.487952098375563 -1.3915585577487946 9.29919496299297 5.311742991459378 -1.3915585577487946 0.032 0 0 0 0.1707167647152712 -0.0634223550729057 0.02761912164481765
6.894117867515814 3.5177400445627502 -1.3915585577487946 9.252983163925672 5.3713188838337524 -1.3915585577487946 0.032 0 0 0 0.17345891217613746 0.010167830375029663 0.09691108589250229
6.870639475807028 3.547235289163849 -1.3915585577487946 9.2060263805081 5.43030937303595 -1.3915585577487946 0.032 0 0 0 0.018418385717266283 -0.05021079465100281 0.113024599844681
6.846792299433325 3.576433174537817 -1.3915585577487946 9.158332027760693 5.488705143783886 -1.3915585577487946 0.032 0 0 0 0.15004335358539606 0.1393794810593454 0.159970052898905
6.822580104140301 3.60532909000008 -1.3915585577487946 9.109907637174645 5.546496974708412 -1.3915585577487946 0.032 0 0 0 -0.014167702927668835 -0.050329748027493154 0.02898923723960107
6.798006713314269 3.633918472550617 -1.3915585577487946 9.060760855522581 5.603675739809486 -1.3915585577487946 0.032 0 0 0 0.12912106836010795 0.05448446998414955 0.14390115962111838
6.773076007378504 3.662196807594502 -1.3915585577487946 9.01089944365105 5.660232409897256 -1.3915585577487946 0.032 0 0 0 0.007969258447141775 0.09935513258322964 0.1274471879769849
6.747791923180479 3.690159629654821 -1.3915585577487946 8.960331275255001 5.716158054017894 -1.3915585577487946 0.032 0 0 0 0.07015478604014441 0.07109227594946982 0.08389280634387226
6.7221584533701915 3.7178025230778142 -1.3915585577487946 8.909064335634426 5.77144384086388 -1.3915585577487946 0.032 0 0 0 -0.009293865867705697 0.003271533541549465 0.15381904534441243
6.6961796457696785 3.745121122730162 -1.3915585577487946 8.8571067204334 5.826081040168576 -1.3915585577487946 0.032 0 0 0 -0.14150803997491165 0.08525715442002824 0.16927538901394873
6.669859602733814 3.772111114688295 -1.3915585577487946 8.80446663436167 5.880061024084842 -1.3915585577487946 0.032 0 0 0 -0.15201029506890135 0.04932913644008402 0.14627224747246687
6.643202480502505 3.798768236919604 -1.3915585577487946 8.751152389899053 5.93337526854746 -1.3915585577487946 0.032 0 0 0 -0.03133392793416789 -0.16676070788627131 0.15070676660061988
6.616212488544372 3.8250882799554686 -1.3915585577487946 8.697172405982787 5.986015354619189 -1.3915585577487946 0.032 0 0 0 0.09517151380065114 -0.09610694079380214 0.02465560260491019
6.588893888892024 3.851067087555982 -1.3915585577487946 8.64253520667809 6.037972969820216 -1.3915585577487946 0.032 0 0 0 -0.06548379429571793 -0.17538230402768282 0.07299114114773025
6.561250995469031 3.876700557366269 -1.3915585577487946 8.587249419832105 6.08923990944079 -1.3915585577487946 0.032 0 0 0 -0.061463113322620985 0.12787327057151365 0.1441045495622979
6.533288173408712 3.9019846415642943 -1.3915585577487946 8.531323775711467 6.1398080778368405 -1.3915585577487946 0.032 0 0 0 0.15098375581020407 0.17955481987917649 0.13182600860522684
6.505009838364826 3.926915347500059 -1.3915585577487946 8.474767105623695 6.18966948970837 -1.3915585577487946 0.032 0 0 0 0.06623202097662195 -0.023348721814283713 0.1578080153943771
6.4764204558142895 3.9514887383260917 -1.3915585577487946 8.417588340522622 6.238816271360435 -1.3915585577487946 0.032 0 0 0 0.15339227810371203 -0.03007174833738238 0.13838271046942957
6.447524540352026 3.975700933619116 -1.3915585577487946 8.359796509598095 6.287240661946484 -1.3915585577487946 0.032 0 0 0 0.05260428367669287 -0.09583542447969197 0.1589656260571184
6.418326654978058 3.9995481099928187 -1.3915585577487946 8.301400738850159 6.334935014693889 -1.3915585577487946 0.032 0 0 0 0.08575075558349449 -0.10286714542560307 0.0497972221613907
6.3888314103769615 4.023026501701604 -1.3915585577487946 8.242410249647966 6.381891798111459 -1.3915585577487946 0.032 0 0 0 -0.1130546884011073 0.033124959183951724 0.13914549727451025
6.359043464189774 4.046132401235253 -1.3915585577487946 8.182834357273592 6.428103597178758 -1.3915585577487946 0.032 0 0 0 0.038771004902108525 0.11347467590347898 0.09192987611096645
6.328967520278514 4.068862159904377 -1.3915585577487946 8.122682469451071 6.473563114517006 -1.3915585577487946 0.032 0 0 0 0.09264579601857725 -0.1509297828839527 0.08004094556272782
6.298608327983377 4.0912121884165895 -1.3915585577487946 8.061964084860797 6.518263171541431 -1.3915585577487946 0.032 0 0 0 -0.12140408120728288 -0.13305757315694255 0.028953120243721583
6.26797068137276 4.113178957443299 -1.3915585577487946 8.000688791639563 6.562196709594851 -1.3915585577487946 0.032 0 0 0 -0.15593822381269745 0.0655687463559223 0.13310430325112754
6.2370594184862265 4.1347589981770305 -1.3915585577487946 7.938866265866496 6.605356791062313 -1.3915585577487946 0.032 0 0 0 0.135017962892025 0.10116745983572895 0.04872009498125905
6.20587942057052 4.155948902879187 -1.3915585577487946 7.876506270035083 6.647736600466626 -1.3915585577487946 0.032 0 0 0 -0.012548930906965072 0.051102473826835304 0.12351708688348378
6.1744356113087635 4.176745325418174 -1.3915585577487946 7.81361865151157 6.689329445544599 -1.3915585577487946 0.032 0 0 0 -0.16973129374092943 -0.04317160537569359 0.09728276881205586
6.142732956042946 4.197144981797794 -1.3915585577487946 7.7502133409799345 6.73012875830384 -1.3915585577487946 0.032 0 0 0 0.1522628406999883 -0.07836315603871856 0.029550515578064457
6.110776460989843 4.217144650675824 -1.3915585577487946 7.686300350873729 6.770128096059899 -1.3915585577487946 0.032 0 0 0 -0.1769393954894926 0.14060072765931703 0.09183689078271018
6.078571172450477 4.236741173872704 -1.3915585577487946 7.621889773794997 6.80932114245366 -1.3915585577487946 0.032 0 0 0 -0.1621872041908812 -0.15086197076191296 0.12349920128217484
6.04612217601324 4.255931456870254 -1.3915585577487946 7.556991780920523 6.84770170844876 -1.3915585577487946 0.032 0 0 0 -0.052875137752815576 -0.13900755224410347 0.1160584771806453
6.013434595750832 4.274712469300325 -1.3915585577487946 7.491616620395707 6.885263733308902 -1.3915585577487946 0.032 0 0 0 -0.17517831346011273 -0.141131115634292 0.04175665127612917
5.980513593411103 4.293081245423339 -1.3915585577487946 7.425774615716248 6.922001285554931 -1.3915585577487946 0.032 0 0 0 -0.0697206205370336 -0.169387801253265 0.04750458491812551
5.9473643676019545 4.311034884596609 -1.3915585577487946 7.359476164097952 6.957908563901469 -1.3915585577487946 0.032 0 0 0 0.017218361958399736 0.027726168180520733 0.07819411411647022
5.91399215297042 4.328570551732382 -1.3915585577487946 7.292731734834883 6.992979898173015 -1.3915585577487946 0.032 0 0 0 0.05353909997975437 0.16820202070802964 0.17029442828893077
5.8804022193760535 4.34568547774554 -1.3915585577487946 7.22555186764615 7.027209750199331 -1.3915585577487946 0.032 0 0 0 0.032883132786568015 -0.11623307301326495 0.05147737840334421
5.846599871058754 4.362376959990861 -1.3915585577487946 7.157947171011552 7.0605927146899745 -1.3915585577487946 0.032 0 0 0 -0.010382658069325507 0.11950085034828128 0.1601996115615681
5.812590445801174 4.378642362689807 -1.3915585577487946 7.089928320496391 7.093123520087866 -1.3915585577487946 0.032 0 0 0 0.05802961116736122 -0.11767019020138533 0.11400859779663816
5.77837931408581 4.394479117346735 -1.3915585577487946 7.021506057065663 7.124797029401721 -1.3915585577487946 0.032 0 0 0 -0.13233086033376534 0.11813461114431723 0.16374198585893976
5.7439718782469456 4.409884723154501 -1.3915585577487946 6.952691185387934 7.155608241017253 -1.3915585577487946 0.032 0 0 0 -0.021250171922395644 0.08815947249238065 0.03228635529167871
5.709373571617564 4.424856747389359 -1.3915585577487946 6.883494572129171 7.185552289486971 -1.3915585577487946 0.032 0 0 0 -0.11899460917294938 -0.025993108675327586 0.1283395242902228
5.6745898576713625 4.439392825795121 -1.3915585577487946 6.813927144236768 7.214624446298494 -1.3915585577487946 0.032 0 0 0 -0.16134936160806648 -0.08499651010922929 0.027128374167060224
5.639626229159993 4.453490662956502 -1.3915585577487946 6.743999887214029 7.242820120621255 -1.3915585577487946 0.032 0 0 0 0.09504778333059166 0.17672092829680286 0.09819703225874554
5.60448820724571 4.467148032661584 -1.3915585577487946 6.6737238433854635 7.270134860031419 -1.3915585577487946 0.032 0 0 0 0.14133428612809912 -0.14460656748270637 0.17689430792515973
5.569181340629509 4.48036277825337 -1.3915585577487946 6.603110110153061 7.296564351214991 -1.3915585577487946 0.032 0 0 0 0.05287204500677123 0.003012099099661575 0.11423493609399583
5.533711204674918 4.493132812970341 -1.3915585577487946 6.532169838243879 7.322104420648934 -1.3915585577487946 0.032 0 0 0 -0.07070333029617877 -0.08516802978158108 0.04290142989471295
5.4980834005275865 4.505456120275981 -1.3915585577487946 6.460914229949216 7.346751035260214 -1.3915585577487946 0.032 0 0 0 -0.1557702635015249 0.09909820833160332 0.09361090885188375
5.462303554230799 4.517330754177209 -1.3915585577487946 6.389354537355642 7.37050030306267 -1.3915585577487946 0.032 0 0 0 -0.17967817940584507 0.04882117361913951 0.090245969836052
5.426377315837062 4.528754839531677 -1.3915585577487946 6.317502060568167 7.393348473771606 -1.3915585577487946 0.032 0 0 0 0.035555693068599625 0.10464198565418448 0.1367073873553903
5.390310358515888 4.539726572343875 -1.3915585577487946 6.245368145925818 7.415291939396003 -1.3915585577487946 0.032 0 0 0 0.004174267778585206 0.1071088002374212 0.15477947728113753
5.354108377657935 4.550244220050005 -1.3915585577487946 6.172964184209913 7.436327234808262 -1.3915585577487946 0.032 0 0 0 -0.14240593875535643 -0.02659201606101208 0.1630504573342204
5.31777708997565 4.5603061217915695 -1.3915585577487946 6.100301608845342 7.456451038291391 -1.3915585577487946 0.032 0 0 0 -0.015594510693883623 0.17088533708452802 0.07443514699710292
5.281322232600523 4.569910688677641 -1.3915585577487946 6.027391894095089 7.4756601720635345 -1.3915585577487946 0.032 0 0 0 -0.12427092619285673 -0.07192545909919659 0.17646025298839044
5.244749562177132 4.57905640403577 -1.3915585577487946 5.954246553248307 7.493951602779791 -1.3915585577487946 0.032 0 0 0 -0.0912320519262785 -0.07245655942547191 0.08455122684080836
5.2080648539541015 4.587741823651479 -1.3915585577487946 5.880877136802246 7.51132244201121 -1.3915585577487946 0.032 0 0 0 -0.03589291622743773 0.013490439492558792 0.04762733606029597
5.171273900872121 4.595965575996328 -1.3915585577487946 5.807295230638285 7.527769946700907 -1.3915585577487946 0.032 0 0 0 -0.059225261265218 -0.16785882792061657 0.13591184799767264
5.134382512649179 4.603726362444489 -1.3915585577487946 5.7335124541924 7.543291519597229 -1.3915585577487946 0.032 0 0 0 -0.03419329960302189 -0.14385074336329856 0.026283813571585442
5.097396514863131 4.6110229574778145 -1.3915585577487946 5.659540458620304 7.557884709663881 -1.3915585577487946 0.032 0 0 0 0.17362064484258438 0.174695344603515 0.1030515656387253
5.060321748031785 4.617854208879365 -1.3915585577487946 5.585390924957613 7.571547212466982 -1.3915585577487946 0.032 0 0 0 0.09873284163983798 0.004930205278488892 0.17349974098945958
5.02316406669061 4.624219037915352 -1.3915585577487946 5.511075562275263 7.584276870538956 -1.3915585577487946 0.032 0 0 0 0.11966275990244885 -0.02068416349083757 0.15836338306329872
4.98592933846823 4.63011643950549 -1.3915585577487946 5.436606105830503 7.596071673719232 -1.3915585577487946 0.032 0 0 0 0.05038908176180165 -0.054074610672943696 0.1318767042841114
4.948623443159873 4.635545482381701 -1.3915585577487946 5.3619943152137886 7.6069297594716545 -1.3915585577487946 0.032 0 0 0 -0.08171818939433799 0.12779186299858603 0.1721252474366387
4.911252271798871 4.640505309235182 -1.3915585577487946 5.287251972491784 7.616849413178615 -1.3915585577487946 0.032 0 0 0 0.08837868405502364 0.017922978891694447 0.1615629551460666
4.873821725726403 4.644995136851773 -1.3915585577487946 5.212390880346849 7.625829068411798 -1.3915585577487946 0.032 0 0 0 -0.01394743168121415 0.022943647371660353 0.14808302097956927
4.836337715659602 4.649014256235649 -1.3915585577487946 5.137422860213247 7.63386730717955 -1.3915585577487946 0.032 0 0 0 -0.1077011079065866 -0.008712690330338058 0.07179920036182331
4.798806160758186 4.652562032721265 -1.3915585577487946 5.062359750410415 7.640962860150783 -1.3915585577487946 0.032 0 0 0 0.09613557214004032 0.005300746468281464 0.029106427995966914
4.7612329876897554 4.65563790607359 -1.3915585577487946 4.987213404273554 7.647114606855432 -1.3915585577487946 0.032 0 0 0 0.03423905985181491 -0.10896163861092034 0.05180038803961118
4.723624129693897 4.6582413905765625 -1.3915585577487946 4.911995688281836 7.652321575861377 -1.3915585577487946 0.032 0 0 0 0.033769382145663523 -0.10851057344753126 0.022758575428931536
4.685985525645267 4.6603720751098 -1.3915585577487946 4.836718480184578 7.656582944927852 -1.3915585577487946 0.032 0 0 0 0.0001203678121103613 0.05362784903260126 0.039783464353006885
4.648323119115762 4.662029623213516 -1.3915585577487946 4.761393667125567 7.659898041135284 -1.3915585577487946 0.032 0 0 0 0.1370748915571381 -0.12556607772027156 0.16023685918880226
4.610642857435971 4.663213773141647 -1.3915585577487946 4.686033143765984 7.662266340991547 -1.3915585577487946 0.032 0 0 0 0.09290607282288216 0.16890299549623367 0.057233766013653056
4.572950690756016 4.663924337903197 -1.3915585577487946 4.610648810406074 7.663687470514645 -1.3915585577487946 0.032 0 0 0 -0.005042993385297234 -0.04379985628194469 0.11642465344763078
4.535252571105958 4.664161205291748 -1.3915585577487946 4.535252571105959 7.664161205291748 -1.3915585577487946 0.032 0 0 0 0.06874479062319366 -0.0223475486374633 0.05501454364860006
4.497554451455899 4.663924337903197 -1.3915585577487946 4.459856331805842 7.663687470514645 -1.3915585577487946 0.032 0 0 0 0.03020697523158794 0.05953872262258761 0.1303702792699367
4.459862284775944 4.663213773141647 -1.3915585577487946 4.384471998445932 7.662266340991547 -1.3915585577487946 0.032 0 0 0 0.018829647950831002 -0.10991195417910059 0.1253895950400747
4.422182023096153 4.662029623213516 -1.3915585577487946 4.309111475086349 7.659898041135284 -1.3915585577487946 0.032 0 0 0 0.04841185369584186 0.11263746053562063 0.08734663587684233
4.384519616566648 4.6603720751098 -1.3915585577487946 4.233786662027338 7.656582944927852 -1.3915585577487946 0.032 0 0 0 -0.1312931464466753 0.17868103964169335 0.16649210289064748
4.346881012518018 4.6582413905765625 -1.3915585577487946 4.15850945393008 7.652321575861377 -1.3915585577487946 0.032 0 0 0 0.05188693954783247 0.14388458229861323 0.11705055875316767
4.30927215452216 4.65563790607359 -1.3915585577487946 4.083291737938364 7.647114606855432 -1.3915585577487946 0.032 0 0 0 0.02124896146750499 0.12175026735326483 0.12831240150042328
4.271698981453729 4.652562032721265 -1.3915585577487946 4.0081453918015 7.640962860150783 -1.3915585577487946 0.032 0 0 0 0.13004099185928253 0.02251536809428864 0.03747526516883308
4.234167426552313 4.649014256235649 -1.3915585577487946 3.9330822819986686 7.63386730717955 -1.3915585577487946 0.032 0 0 0 0.021245926525784414 -0.17119710608413471 0.12375179030723846
4.196683416485512 4.644995136851773 -1.3915585577487946 3.858114261865067 7.625829068411798 -1.3915585577487946 0.032 0 0 0 0.05703646884989169 -0.11672871873780842 0.13407288860518465
4.159252870413044 4.640505309235182 -1.3915585577487946 3.7832531697201315 7.616849413178615 -1.3915585577487946 0.032 0 0 0 -0.05661007430253988 0.062063913050693725 0.06001886861938817
4.121881699052042 4.635545482381701 -1.3915585577487946 3.7085108269981273 7.6069297594716545 -1.3915585577487946 0.032 0 0 0 0.10572429931480104 0.007841382057621499 0.12666735973379506
4.084575803743685 4.63011643950549 -1.3915585577487946 3.633899036381413 7.596071673719232 -1.3915585577487946 0.032 0 0 0 -0.0085190298874529 -0.05734266038406935 0.11521235091404915
4.047341075521305 4.624219037915353 -1.3915585577487946 3.559429579936653 7.584276870538957 -1.3915585577487946 0.032 0 0 0 -0.048519448916291646 -0.11625183703421145 0.12630027068006394
4.01018339418013 4.617854208879365 -1.3915585577487946 3.485114217254303 7.571547212466982 -1.3915585577487946 0.032 0 0 0 -0.08624999252389884 -0.06548303439454882 0.09535655634969861
3.9731086273487843 4.6110229574778145 -1.3915585577487946 3.4109646835916116 7.557884709663881 -1.3915585577487946 0.032 0 0 0 -0.05876237055390898 -0.06863282511175187 0.1248527783578206
3.9361226295627367 4.603726362444489 -1.3915585577487946 3.3369926880195164 7.543291519597229 -1.3915585577487946 0.032 0 0 0 -0.021269677074425897 0.0782192630604171 0.11066554355483064
3.899231241339794 4.5959655759963285 -1.3915585577487946 3.2632099115736306 7.527769946700909 -1.3915585577487946 0.032 0 0 0 0.13129998741867854 0.055717999077662506 0.03674522453536918
3.8624402882578135 4.587741823651479 -1.3915585577487946 3.18962800540967 7.51132244201121 -1.3915585577487946 0.032 0 0 0 -0.1473302353106366 -0.11066842000343738 0.09692330429858385
3.825755580034783 4.57905640403577 -1.3915585577487946 3.1162585889636087 7.493951602779791 -1.3915585577487946 0.032 0 0 0 0.04365052019204299 0.15383221778850575 0.10139592584614594
3.7891829096113923 4.569910688677641 -1.3915585577487946 3.0431132481168275 7.4756601720635345 -1.3915585577487946 0.032 0 0 0 -0.027118198540057703 0.06518314525175947 0.022478219713811743
3.7527280522362654 4.5603061217915695 -1.3915585577487946 2.9702035333665737 7.456451038291391 -1.3915585577487946 0.032 0 0 0 -0.006522528750218859 0.173516755351233 0.0993784418404204
3.71639676455398 4.550244220050006 -1.3915585577487946 2.8975409580020033 7.436327234808264 -1.3915585577487946 0.032 0 0 0 -0.07976083832854049 0.04718666455567394 0.032199518530562285
3.6801947836960274 4.539726572343875 -1.3915585577487946 2.8251369962860977 7.415291939396003 -1.3915585577487946 0.032 0 0 0 0.1533607780985991 -0.12285499780024903 0.10646067880162156
3.644127826374853 4.528754839531677 -1.3915585577487946 2.753003081643749 7.393348473771606 -1.3915585577487946 0.032 0 0 0 -0.05129346963020545 -0.07223235582328838 0.025659345698726396
3.6082015879811156 4.517330754177209 -1.3915585577487946 2.681150604856274 7.37050030306267 -1.3915585577487946 0.032 0 0 0 -0.10109646551647052 -0.13474156914070567 0.06930888646437987
3.5724217416843285 4.505456120275981 -1.3915585577487946 2.6095909122627 7.346751035260214 -1.3915585577487946 0.032 0 0 0 0.16912828591254836 0.16621248314228315 0.16985979101413712
3.536793937536997 4.493132812970341 -1.3915585577487946 2.5383353039680365 7.322104420648934 -1.3915585577487946 0.032 0 0 0 0.1707167647152712 -0.0634223550729057 0.02761912164481765
3.5013238015824055 4.480362778253371 -1.3915585577487946 2.467395032058854 7.296564351214993 -1.3915585577487946 0.032 0 0 0 0.17345891217613746 0.010167830375029663 0.09691108589250229
3.466016934966204 4.467148032661584 -1.3915585577487946 2.3967812988264514 7.270134860031419 -1.3915585577487946 0.032 0 0 0 0.018418385717266283 -0.05021079465100281 0.113024599844681
3.4308789130519224 4.453490662956502 -1.3915585577487946 2.3265052549978877 7.242820120621255 -1.3915585577487946 0.032 0 0 0 0.15004335358539606 0.1393794810593454 0.159970052898905
3.3959152845405525 4.439392825795122 -1.3915585577487946 2.256577997975148 7.214624446298496 -1.3915585577487946 0.032 0 0 0 -0.014167702927668835 -0.050329748027493154 0.02898923723960107
3.3611315705943507 4.424856747389359 -1.3915585577487946 2.1870105700827445 7.185552289486971 -1.3915585577487946 0.032 0 0 0 0.12912106836010795 0.05448446998414955 0.14390115962111838
3.3265332639649694 4.4098847231545015 -1.3915585577487946 2.1178139568239818 7.155608241017255 -1.3915585577487946 0.032 0 0 0 0.007969258447141775 0.09935513258322964 0.1274471879769849
3.292125828126105 4.3944791173467355 -1.3915585577487946 2.048999085146253 7.124797029401723 -1.3915585577487946 0.032 0 0 0 0.07015478604014441 0.07109227594946982 0.08389280634387226
3.2579146964107415 4.378642362689808 -1.3915585577487946 1.980576821715526 7.093123520087868 -1.3915585577487946 0.032 0 0 0 -0.009293865867705697 0.003271533541549465 0.15381904534441243
3.2239052711531606 4.362376959990862 -1.3915585577487946 1.9125579712003642 7.060592714689976 -1.3915585577487946 0.032 0 0 0 -0.14150803997491165 0.08525715442002824 0.16927538901394873
3.1901029228358624 4.3456854777455405 -1.3915585577487946 1.8449532745657677 7.027209750199333 -1.3915585577487946 0.032 0 0 0 -0.15201029506890135 0.04932913644008402 0.14627224747246687
3.156512989241495 4.3285705517323825 -1.3915585577487946 1.7777734073770333 6.992979898173017 -1.3915585577487946 0.032 0 0 0 -0.03133392793416789 -0.16676070788627131 0.15070676660061988
3.1231407746099604 4.311034884596609 -1.3915585577487946 1.7110289781139638 6.957908563901469 -1.3915585577487946 0.032 0 0 0 0.09517151380065114 -0.09610694079380214 0.02465560260491019
3.0899915488008123 4.293081245423339 -1.3915585577487946 1.6447305264956675 6.922001285554931 -1.3915585577487946 0.032 0 0 0 -0.06548379429571793 -0.17538230402768282 0.07299114114773025
3.057070546461083 4.274712469300326 -1.3915585577487946 1.578888521816209 6.8852637333089035 -1.3915585577487946 0.032 0 0 0 -0.061463113322620985 0.12787327057151365 0.1441045495622979
3.024382966198675 4.255931456870254 -1.3915585577487946 1.513513361291393 6.84770170844876 -1.3915585577487946 0.032 0 0 0 0.15098375581020407 0.17955481987917649 0.13182600860522684
2.9919339697614378 4.236741173872705 -1.3915585577487946 1.4486153684169185 6.809321142453662 -1.3915585577487946 0.032 0 0 0 0.06623202097662195 -0.023348721814283713 0.1578080153943771
2.959728681222072 4.2171446506758254 -1.3915585577487946 1.3842047913381874 6.770128096059903 -1.3915585577487946 0.032 0 0 0 0.15339227810371203 -0.03007174833738238 0.13838271046942957
2.927772186168969 4.197144981797795 -1.3915585577487946 1.3202918012319813 6.730128758303842 -1.3915585577487946 0.032 0 0 0 0.05260428367669287 -0.09583542447969197 0.1589656260571184
2.8960695309031514 4.176745325418175 -1.3915585577487946 1.2568864907003459 6.689329445544601 -1.3915585577487946 0.032 0 0 0 0.08575075558349449 -0.10286714542560307 0.0497972221613907
2.864625721641394 4.155948902879187 -1.3915585577487946 1.1939988721768309 6.647736600466626 -1.3915585577487946 0.032 0 0 0 -0.1130546884011073 0.033124959183951724 0.13914549727451025
2.8334457237256885 4.1347589981770305 -1.3915585577487946 1.13163887634542 6.605356791062313 -1.3915585577487946 0.032 0 0 0 0.038771004902108525 0.11347467590347898 0.09192987611096645
2.802534460839155 4.113178957443301 -1.3915585577487946 1.0698163505723528 6.562196709594854 -1.3915585577487946 0.032 0 0 0 0.09264579601857725 -0.1509297828839527 0.08004094556272782
2.7718968142285383 4.091212188416591 -1.3915585577487946 1.0085410573511195 6.5182631715414345 -1.3915585577487946 0.032 0 0 0 -0.12140408120728288 -0.13305757315694255 0.028953120243721583
2.7415376219334004 4.068862159904378 -1.3915585577487946 0.9478226727608439 6.473563114517008 -1.3915585577487946 0.032 0 0 0 -0.15593822381269745 0.0655687463559223 0.13310430325112754
2.711461678022141 4.046132401235254 -1.3915585577487946 0.887670784938325 6.42810359717876 -1.3915585577487946 0.032 0 0 0 0.135017962892025 0.10116745983572895 0.04872009498125905
2.6816737318349535 4.0230265017016045 -1.3915585577487946 0.82809489256395 6.381891798111461 -1.3915585577487946 0.032 0 0 0 -0.012548930906965072 0.051102473826835304 0.12351708688348378
2.6521784872338574 3.9995481099928196 -1.3915585577487946 0.7691044033617578 6.334935014693891 -1.3915585577487946 0.032 0 0 0 -0.16973129374092943 -0.04317160537569359 0.09728276881205586
2.622980601859889 3.975700933619117 -1.3915585577487946 0.7107086326138212 6.287240661946486 -1.3915585577487946 0.032 0 0 0 0.1522628406999883 -0.07836315603871856 0.029550515578064457
2.594084686397625 3.951488738326092 -1.3915585577487946 0.652916801689293 6.238816271360436 -1.3915585577487946 0.032 0 0 0 -0.1769393954894926 0.14060072765931703 0.09183689078271018
2.5654953038470882 3.9269153475000604 -1.3915585577487946 0.5957380365882194 6.189669489708373 -1.3915585577487946 0.032 0 0 0 -0.1621872041908812 -0.15086197076191296 0.12349920128217484
2.537216968803203 3.901984641564295 -1.3915585577487946 0.5391813665004488 6.139808077836842 -1.3915585577487946 0.032 0 0 0 -0.052875137752815576 -0.13900755224410347 0.1160584771806453
2.509254146742884 3.87670055736627 -1.3915585577487946 0.48325572237981085 6.089239909440792 -1.3915585577487946 0.032 0 0 0 -0.17517831346011273 -0.141131115634292 0.04175665127612917
2.4816112533198913 3.8510670875559825 -1.3915585577487946 0.42796993553382556 6.037972969820217 -1.3915585577487946 0.032 0 0 0 -0.0697206205370336 -0.169387801253265 0.04750458491812551
2.454292653667542 3.8250882799554686 -1.3915585577487946 0.373332736229127 5.986015354619189 -1.3915585577487946 0.032 0 0 0 0.017218361958399736 0.027726168180520733 0.07819411411647022
2.427302661709409 3.798768236919604 -1.3915585577487946 0.3193527523128612 5.93337526854746 -1.3915585577487946 0.032 0 0 0 0.05353909997975437 0.16820202070802964 0.17029442828893077
2.400645539478102 3.772111114688297 -1.3915585577487946 0.2660385078502472 5.880061024084846 -1.3915585577487946 0.032 0 0 0 0.032883132786568015 -0.11623307301326495 0.05147737840334421
2.3743254964422373 3.745121122730164 -1.3915585577487946 0.21339842177851764 5.82608104016858 -1.3915585577487946 0.032 0 0 0 -0.010382658069325507 0.11950085034828128 0.1601996115615681
2.3483466888417235 3.7178025230778147 -1.3915585577487946 0.16144080657748994 5.771443840863881 -1.3915585577487946 0.032 0 0 0 0.05802961116736122 -0.11767019020138533 0.11400859779663816
2.322713219031436 3.690159629654822 -1.3915585577487946 0.11017386695691478 5.716158054017896 -1.3915585577487946 0.032 0 0 0 -0.13233086033376534 0.11813461114431723 0.16374198585893976
2.2974291348334113 3.6621968075945035 -1.3915585577487946 0.059605698560865505 5.660232409897259 -1.3915585577487946 0.032 0 0 0 -0.021250171922395644 0.08815947249238065 0.03228635529167871
2.272498428897646 3.6339184725506177 -1.3915585577487946 0.009744286689334913 5.603675739809487 -1.3915585577487946 0.032 0 0 0 -0.11899460917294938 -0.025993108675327586 0.1283395242902228
2.2479250380716134 3.605329090000081 -1.3915585577487946 -0.039402494962730295 5.546496974708414 -1.3915585577487946 0.032 0 0 0 -0.16134936160806648 -0.08499651010922929 0.027128374167060224
2.223712842778589 3.576433174537817 -1.3915585577487946 -0.08782688554877893 5.488705143783886 -1.3915585577487946 0.032 0 0 0 0.09504778333059166 0.17672092829680286 0.09819703225874554
2.1998656664048863 3.547235289163849 -1.3915585577487946 -0.13552123829618434 5.43030937303595 -1.3915585577487946 0.032 0 0 0 0.14133428612809912 -0.14460656748270637 0.17689430792515973
2.1763872746961015 3.5177400445627525 -1.3915585577487946 -0.18247802171375405 5.371318883833757 -1.3915585577487946 0.032 0 0 0 0.05287204500677123 0.003012099099661575 0.11423493609399583
2.153281375162452 3.4879520983755654 -1.3915585577487946 -0.22868982078105304 5.311742991459383 -1.3915585577487946 0.032 0 0 0 -0.07070333029617877 -0.08516802978158108 0.04290142989471295
2.130551616493328 3.4578761544643055 -1.3915585577487946 -0.274149338119301 5.251591103636863 -1.3915585577487946 0.032 0 0 0 -0.1557702635015249 0.09909820833160332 0.09361090885188375
2.108201587981115 3.427516962169168 -1.3915585577487946 -0.3188493951437268 5.190872719046588 -1.3915585577487946 0.032 0 0 0 -0.17967817940584507 0.04882117361913951 0.090245969836052
2.0862348189544053 3.396879315558551 -1.3915585577487946 -0.3627829331971464 5.129597425825354 -1.3915585577487946 0.032 0 0 0 0.035555693068599625 0.10464198565418448 0.1367073873553903
2.0646547782206746 3.3659680526720175 -1.3915585577487946 -0.4059430146646079 5.067774900052287 -1.3915585577487946 0.032 0 0 0 0.004174267778585206 0.1071088002374212 0.15477947728113753
2.043464873518519 3.334788054756312 -1.3915585577487946 -0.448322824068919 5.005414904220876 -1.3915585577487946 0.032 0 0 0 -0.14240593875535643 -0.02659201606101208 0.1630504573342204
2.0226684509795314 3.3033442454945545 -1.3915585577487946 -0.4899156691468942 4.942527285697361 -1.3915585577487946 0.032 0 0 0 -0.015594510693883623 0.17088533708452802 0.07443514699710292
2.002268794599911 3.271641590228737 -1.3915585577487946 -0.5307149819061348 4.8791219751657255 -1.3915585577487946 0.032 0 0 0 -0.12427092619285673 -0.07192545909919659 0.17646025298839044
1.982269125721881 3.239685095175634 -1.3915585577487946 -0.5707143196621951 4.81520898505952 -1.3915585577487946 0.032 0 0 0 -0.0912320519262785 -0.07245655942547191 0.08455122684080836
1.962672602525001 3.207479806636268 -1.3915585577487946 -0.6099073660559551 4.750798407980788 -1.3915585577487946 0.032 0 0 0 -0.03589291622743773 0.013490439492558792 0.04762733606029597
1.9434823195274515 3.175030810199031 -1.3915585577487946 -0.648287932051054 4.685900415106314 -1.3915585577487946 0.032 0 0 0 -0.059225261265218 -0.16785882792061657 0.13591184799767264
1.9247013070973802 3.142343229936623 -1.3915585577487946 -0.6858499569111967 4.620525254581498 -1.3915585577487946 0.032 0 0 0 -0.03419329960302189 -0.14385074336329856 0.026283813571585442
1.9063325309743662 3.109422227596894 -1.3915585577487946 -0.7225875091572247 4.55468324990204 -1.3915585577487946 0.032 0 0 0 0.17362064484258438 0.174695344603515 0.1030515656387253
1.8883788918010973 3.0762730017877455 -1.3915585577487946 -0.7584947875037624 4.488384798283743 -1.3915585577487946 0.032 0 0 0 0.09873284163983798 0.004930205278488892 0.17349974098945958
1.8708432246653235 3.0429007871562113 -1.3915585577487946 -0.79356612177531 4.4216403690206745 -1.3915585577487946 0.032 0 0 0 0.11966275990244885 -0.02068416349083757 0.15836338306329872
1.8537282986521655 3.009310853561844 -1.3915585577487946 -0.8277959738016261 4.35446050183194 -1.3915585577487946 0.032 0 0 0 0.05038908176180165 -0.054074610672943696 0.1318767042841114
1.8370368164068434 2.975508505244546 -1.3915585577487946 -0.8611789382922703 4.2868558051973435 -1.3915585577487946 0.032 0 0 0 -0.08171818939433799 0.12779186299858603 0.1721252474366387
1.8207714137078979 2.941499079986965 -1.3915585577487946 -0.8937097436901613 4.218836954682182 -1.3915585577487946 0.032 0 0 0 0.08837868405502364 0.017922978891694447 0.1615629551460666
1.8049346590509705 2.9072879482716014 -1.3915585577487946 -0.925383253004016 4.150414691251455 -1.3915585577487946 0.032 0 0 0 -0.01394743168121415 0.022943647371660353 0.14808302097956927
1.7895290532432044 2.8728805124327366 -1.3915585577487946 -0.9561944646195482 4.081599819573725 -1.3915585577487946 0.032 0 0 0 -0.1077011079065866 -0.008712690330338058 0.07179920036182331
1.774557029008346 2.838282205803355 -1.3915585577487946 -0.9861385130892648 4.012403206314962 -1.3915585577487946 0.032 0 0 0 0.09613557214004032 0.005300746468281464 0.029106427995966914
1.7600209506025841 2.8034984918571535 -1.3915585577487946 -1.0152106699007888 3.942835778422559 -1.3915585577487946 0.032 0 0 0 0.03423905985181491 -0.10896163861092034 0.05180038803961118
1.7459231134412034 2.768534863345784 -1.3915585577487946 -1.0434063442235502 3.87290852139982 -1.3915585577487946 0.032 0 0 0 0.033769382145663523 -0.10851057344753126 0.022758575428931536
1.7322657437361215 2.733396841431502 -1.3915585577487946 -1.070721083633714 3.8026324775712563 -1.3915585577487946 0.032 0 0 0 0.0001203678121103613 0.05362784903260126 0.039783464353006885
1.7190509981443354 2.698089974815301 -1.3915585577487946 -1.0971505748172863 3.7320187443388537 -1.3915585577487946 0.032 0 0 0 0.1370748915571381 -0.12556607772027156 0.16023685918880226
1.7062809634273641 2.662619838860709 -1.3915585577487946 -1.1226906442512288 3.6610784724296703 -1.3915585577487946 0.032 0 0 0 0.09290607282288216 0.16890299549623367 0.057233766013653056
1.6939576561217247 2.6269920347133775 -1.3915585577487946 -1.1473372588625077 3.589822864135007 -1.3915585577487946 0.032 0 0 0 -0.005042993385297234 -0.04379985628194469 0.11642465344763078
1.6820830222204965 2.591212188416591 -1.3915585577487946 -1.171086526664964 3.5182631715414336 -1.3915585577487946 0.032 0 0 0 0.06874479062319366 -0.0223475486374633 0.05501454364860006
1.6706589368660283 2.555285950022853 -1.3915585577487946 -1.1939346973739005 3.4464106947539577 -1.3915585577487946 0.032 0 0 0 0.03020697523158794 0.05953872262258761 0.1303702792699367
1.6596872040538302 2.519218992701679 -1.3915585577487946 -1.2158781629982967 3.37427678011161 -1.3915585577487946 0.032 0 0 0 0.018829647950831002 -0.10991195417910059 0.1253895950400747
1.6491695563477 2.4830170118437263 -1.3915585577487946 -1.236913458410557 3.3018728183957045 -1.3915585577487946 0.032 0 0 0 0.04841185369584186 0.11263746053562063 0.08734663587684233
1.639107654606136 2.4466857241614406 -1.3915585577487946 -1.257037261893685 3.229210243031133 -1.3915585577487946 0.032 0 0 0 -0.1312931464466753 0.17868103964169335 0.16649210289064748
1.6295030877200642 2.410230866786314 -1.3915585577487946 -1.2762463956658285 3.1563005282808803 -1.3915585577487946 0.032 0 0 0 0.05188693954783247 0.14388458229861323 0.11705055875316767
1.6203573723619353 2.3736581963629235 -1.3915585577487946 -1.2945378263820864 3.083155187434099 -1.3915585577487946 0.032 0 0 0 0.02124896146750499 0.12175026735326483 0.12831240150042328
1.6116719527462262 2.3369734881398925 -1.3915585577487946 -1.3119086656135046 3.009785770988037 -1.3915585577487946 0.032 0 0 0 0.13004099185928253 0.02251536809428864 0.03747526516883308
1.603448200401377 2.300182535057913 -1.3915585577487946 -1.328356170303203 2.936203864824078 -1.3915585577487946 0.032 0 0 0 0.021245926525784414 -0.17119710608413471 0.12375179030723846
1.5956874139532164 2.2632911468349697 -1.3915585577487946 -1.3438777431995241 2.8624210883781913 -1.3915585577487946 0.032 0 0 0 0.05703646884989169 -0.11672871873780842 0.13407288860518465
1.588390818919891 2.226305149048922 -1.3915585577487946 -1.358470933266175 2.788449092806096 -1.3915585577487946 0.032 0 0 0 -0.05661007430253988 0.062063913050693725 0.06001886861938817
1.5815595675183407 2.189230382217576 -1.3915585577487946 -1.3721334360692756 2.714299559143404 -1.3915585577487946 0.032 0 0 0 0.10572429931480104 0.007841382057621499 0.12666735973379506
1.5751947384823533 2.152072700876401 -1.3915585577487946 -1.3848630941412505 2.6399841964610538 -1.3915585577487946 0.032 0 0 0 -0.0085190298874529 -0.05734266038406935 0.11521235091404915
1.5692973368922152 2.114837972654021 -1.3915585577487946 -1.3966578973215267 2.565514740016294 -1.3915585577487946 0.032 0 0 0 -0.048519448916291646 -0.11625183703421145 0.12630027068006394
1.5638682940160034 2.077532077345664 -1.3915585577487946 -1.4075159830739503 2.4909029493995796 -1.3915585577487946 0.032 0 0 0 -0.08624999252389884 -0.06548303439454882 0.09535655634969861
1.5589084671625235 2.040160905984662 -1.3915585577487946 -1.41743563678091 2.4161606066775763 -1.3915585577487946 0.032 0 0 0 -0.05876237055390898 -0.06863282511175187 0.1248527783578206
1.5544186395459318 2.002730359912194 -1.3915585577487946 -1.4264152920140933 2.34129951453264 -1.3915585577487946 0.032 0 0 0 -0.021269677074425897 0.0782192630604171 0.11066554355483064
1.5503995201620566 1.9652463498453934 -1.3915585577487946 -1.4344535307818438 2.2663314943990387 -1.3915585577487946 0.032 0 0 0 0.13129998741867854 0.055717999077662506 0.03674522453536918
1.5468517436764397 1.927714794943978 -1.3915585577487946 -1.4415490837530776 2.1912683845962078 -1.3915585577487946 0.032 0 0 0 -0.1473302353106366 -0.11066842000343738 0.09692330429858385
1.5437758703241151 1.8901416218755462 -1.3915585577487946 -1.4477008304577268 2.1161220384593444 -1.3915585577487946 0.032 0 0 0 0.04365052019204299 0.15383221778850575 0.10139592584614594
1.5411723858211426 1.8525327638796878 -1.3915585577487946 -1.4529077994636719 2.0409043224676275 -1.3915585577487946 0.032 0 0 0 -0.027118198540057703 0.06518314525175947 0.022478219713811743
1.5390417012879047 1.8148941598310588 -1.3915585577487946 -1.4571691685301476 1.9656271143703696 -1.3915585577487946 0.032 0 0 0 -0.006522528750218859 0.173516755351233 0.0993784418404204
1.5373841531841892 1.7772317533015534 -1.3915585577487946 -1.4604842647375786 1.8903023013113587 -1.3915585577487946 0.032 0 0 0 -0.07976083832854049 0.04718666455567394 0.032199518530562285
1.5362000032560572 1.7395514916217618 -1.3915585577487946 -1.4628525645938426 1.8149417779517756 -1.3915585577487946 0.032 0 0 0 0.1533607780985991 -0.12285499780024903 0.10646067880162156
1.5354894384945088 1.701859324941807 -1.3915585577487946 -1.4642736941169394 1.739557444591866 -1.3915585577487946 0.032 0 0 0 -0.05129346963020545 -0.07223235582328838 0.025659345698726396
