3.746572856903076 0.2876458466053009 0.31094658374786377 3.746572856903076 1.287645846605301 0.31094658374786377 0.032 0 0 0 0.06930888646437987 -0.13474156914070567 -0.10109646551647052
3.751572856903076 0.2876458466053009 0.31094658374786377 3.751572856903076 1.287645846605301 0.31094658374786377 0.032 0 0 0 0.16985979101413712 0.16621248314228315 0.16912828591254836
3.756572856903076 0.2876458466053009 0.31094658374786377 3.756572856903076 1.287645846605301 0.31094658374786377 0.032 0 0 0 0.02761912164481765 -0.0634223550729057 0.1707167647152712
3.7615728569030757 0.2876458466053009 0.31094658374786377 3.7615728569030757 1.287645846605301 0.31094658374786377 0.032 0 0 0 0.09691108589250229 0.010167830375029663 0.17345891217613746
3.7665728569030756 0.2876458466053009 0.31094658374786377 3.7665728569030756 1.287645846605301 0.31094658374786377 0.032 0 0 0 0.113024599844681 -0.05021079465100281 0.018418385717266283
3.7715728569030755 0.2876458466053009 0.31094658374786377 3.7715728569030755 1.287645846605301 0.31094658374786377 0.032 0 0 0 0.159970052898905 0.1393794810593454 0.15004335358539606
3.7765728569030754 0.2876458466053009 0.31094658374786377 3.7765728569030754 1.287645846605301 0.31094658374786377 0.032 0 0 0 0.02898923723960107 -0.050329748027493154 -0.014167702927668835
3.7815728569030753 0.2876458466053009 0.31094658374786377 3.7815728569030753 1.287645846605301 0.31094658374786377 0.032 0 0 0 0.14390115962111838 0.05448446998414955 0.12912106836010795
3.786572856903075 0.2876458466053009 0.31094658374786377 3.786572856903075 1.287645846605301 0.31094658374786377 0.032 0 0 0 0.1274471879769849 0.09935513258322964 0.007969258447141775
3.791572856903075 0.2876458466053009 0.31094658374786377 3.791572856903075 1.287645846605301 0.31094658374786377 0.032 0 0 0 0.08389280634387226 0.07109227594946982 0.07015478604014441
3.796572856903075 0.2876458466053009 0.31094658374786377 3.796572856903075 1.287645846605301 0.31094658374786377 0.032 0 0 0 0.15381904534441243 0.003271533541549465 -0.009293865867705697
3.801572856903075 0.2876458466053009 0.31094658374786377 3.801572856903075 1.287645846605301 0.31094658374786377 0.032 0 0 0 0.16927538901394873 0.08525715442002824 -0.14150803997491165
3.806572856903075 0.2876458466053009 0.31094658374786377 3.806572856903075 1.287645846605301 0.31094658374786377 0.032 0 0 0 0.14627224747246687 0.04932913644008402 -0.15201029506890135
3.8115728569030747 0.2876458466053009 0.31094658374786377 3.8115728569030747 1.287645846605301 0.31094658374786377 0.032 0 0 0 0.15070676660061988 -0.16676070788627131 -0.03133392793416789
3.8165728569030746 0.2876458466053009 0.31094658374786377 3.8165728569030746 1.287645846605301 0.31094658374786377 0.032 0 0 0 0.02465560260491019 -0.09610694079380214 0.09517151380065114
3.8215728569030745 0.2876458466053009 0.31094658374786377 3.8215728569030745 1.287645846605301 0.31094658374786377 0.032 0 0 0 0.07299114114773025 -0.17538230402768282 -0.06548379429571793
3.8265728569030744 0.2876458466053009 0.31094658374786377 3.8265728569030744 1.287645846605301 0.31094658374786377 0.032 0 0 0 0.1441045495622979 0.12787327057151365 -0.061463113322620985
3.8315728569030743 0.2876458466053009 0.31094658374786377 3.8315728569030743 1.287645846605301 0.31094658374786377 0.032 0 0 0 0.13182600860522684 0.17955481987917649 0.15098375581020407
3.836572856903074 0.2876458466053009 0.31094658374786377 3.836572856903074 1.287645846605301 0.31094658374786377 0.032 0 0 0 0.1578080153943771 -0.023348721814283713 0.06623202097662195
3.841572856903074 0.2876458466053009 0.31094658374786377 3.841572856903074 1.287645846605301 0.31094658374786377 0.032 0 0 0 0.13838271046942957 -0.03007174833738238 0.15339227810371203
3.846572856903074 0.2876458466053009 0.31094658374786377 3.846572856903074 1.287645846605301 0.31094658374786377 0.032 0 0 0 0.1589656260571184 -0.09583542447969197 0.05260428367669287
3.851572856903074 0.2876458466053009 0.31094658374786377 3.851572856903074 1.287645846605301 0.31094658374786377 0.032 0 0 0 0.0497972221613907 -0.10286714542560307 0.08575075558349449
3.8565728569030737 0.2876458466053009 0.31094658374786377 3.8565728569030737 1.287645846605301 0.31094658374786377 0.032 0 0 0 0.13914549727451025 0.033124959183951724 -0.1130546884011073
3.8615728569030736 0.2876458466053009 0.31094658374786377 3.8615728569030736 1.287645846605301 0.31094658374786377 0.032 0 0 0 0.09192987611096645 0.11347467590347898 0.038771004902108525
3.8665728569030735 0.2876458466053009 0.31094658374786377 3.8665728569030735 1.287645846605301 0.31094658374786377 0.032 0 0 0 0.08004094556272782 -0.1509297828839527 0.09264579601857725
3.8715728569030734 0.2876458466053009 0.31094658374786377 3.8715728569030734 1.287645846605301 0.31094658374786377 0.032 0 0 0 0.028953120243721583 -0.13305757315694255 -0.12140408120728288
3.8765728569030733 0.2876458466053009 0.31094658374786377 3.8765728569030733 1.287645846605301 0.31094658374786377 0.032 0 0 0 0.13310430325112754 0.0655687463559223 -0.15593822381269745
3.881572856903073 0.2876458466053009 0.31094658374786377 3.881572856903073 1.287645846605301 0.31094658374786377 0.032 0 0 0 0.04872009498125905 0.10116745983572895 0.135017962892025
3.886572856903073 0.2876458466053009 0.31094658374786377 3.886572856903073 1.287645846605301 0.31094658374786377 0.032 0 0 0 0.12351708688348378 0.051102473826835304 -0.012548930906965072
3.891572856903073 0.2876458466053009 0.31094658374786377 3.891572856903073 1.287645846605301 0.31094658374786377 0.032 0 0 0 0.09728276881205586 -0.04317160537569359 -0.16973129374092943
3.896572856903073 0.2876458466053009 0.31094658374786377 3.896572856903073 1.287645846605301 0.31094658374786377 0.032 0 0 0 0.029550515578064457 -0.07836315603871856 0.1522628406999883
3.9015728569030728 0.2876458466053009 0.31094658374786377 3.9015728569030728 1.287645846605301 0.31094658374786377 0.032 0 0 0 0.09183689078271018 0.14060072765931703 -0.1769393954894926
3.9065728569030727 0.2876458466053009 0.31094658374786377 3.9065728569030727 1.287645846605301 0.31094658374786377 0.032 0 0 0 0.12349920128217484 -0.15086197076191296 -0.1621872041908812
3.9115728569030725 0.2876458466053009 0.31094658374786377 3.9115728569030725 1.287645846605301 0.31094658374786377 0.032 0 0 0 0.1160584771806453 -0.13900755224410347 -0.052875137752815576
3.9165728569030724 0.2876458466053009 0.31094658374786377 3.9165728569030724 1.287645846605301 0.31094658374786377 0.032 0 0 0 0.04175665127612917 -0.141131115634292 -0.17517831346011273
3.9215728569030723 0.2876458466053009 0.31094658374786377 3.9215728569030723 1.287645846605301 0.31094658374786377 0.032 0 0 0 0.04750458491812551 -0.169387801253265 -0.0697206205370336
3.9265728569030722 0.2876458466053009 0.31094658374786377 3.9265728569030722 1.287645846605301 0.31094658374786377 0.032 0 0 0 0.07819411411647022 0.027726168180520733 0.017218361958399736
3.931572856903072 0.2876458466053009 0.31094658374786377 3.931572856903072 1.287645846605301 0.31094658374786377 0.032 0 0 0 0.17029442828893077 0.16820202070802964 0.05353909997975437
3.936572856903072 0.2876458466053009 0.31094658374786377 3.936572856903072 1.287645846605301 0.31094658374786377 0.032 0 0 0 0.05147737840334421 -0.11623307301326495 0.032883132786568015
3.941572856903072 0.2876458466053009 0.31094658374786377 3.941572856903072 1.287645846605301 0.31094658374786377 0.032 0 0 0 0.1601996115615681 0.11950085034828128 -0.010382658069325507
3.946572856903072 0.2876458466053009 0.31094658374786377 3.946572856903072 1.287645846605301 0.31094658374786377 0.032 0 0 0 0.11400859779663816 -0.11767019020138533 0.05802961116736122
3.9515728569030717 0.2876458466053009 0.31094658374786377 3.9515728569030717 1.287645846605301 0.31094658374786377 0.032 0 0 0 0.16374198585893976 0.11813461114431723 -0.13233086033376534
3.9565728569030716 0.2876458466053009 0.31094658374786377 3.9565728569030716 1.287645846605301 0.31094658374786377 0.032 0 0 0 0.03228635529167871 0.08815947249238065 -0.021250171922395644
3.9615728569030715 0.2876458466053009 0.31094658374786377 3.9615728569030715 1.287645846605301 0.31094658374786377 0.032 0 0 0 0.1283395242902228 -0.025993108675327586 -0.11899460917294938
3.9665728569030714 0.2876458466053009 0.31094658374786377 3.9665728569030714 1.287645846605301 0.31094658374786377 0.032 0 0 0 0.027128374167060224 -0.08499651010922929 -0.16134936160806648
3.9715728569030713 0.2876458466053009 0.31094658374786377 3.9715728569030713 1.287645846605301 0.31094658374786377 0.032 0 0 0 0.09819703225874554 0.17672092829680286 0.09504778333059166
3.976572856903071 0.2876458466053009 0.31094658374786377 3.976572856903071 1.287645846605301 0.31094658374786377 0.032 0 0 0 0.17689430792515973 -0.14460656748270637 0.14133428612809912
3.981572856903071 0.2876458466053009 0.31094658374786377 3.981572856903071 1.287645846605301 0.31094658374786377 0.032 0 0 0 0.11423493609399583 0.003012099099661575 0.05287204500677123
3.986572856903071 0.2876458466053009 0.31094658374786377 3.986572856903071 1.287645846605301 0.31094658374786377 0.032 0 0 0 0.04290142989471295 -0.08516802978158108 -0.07070333029617877
3.991572856903071 0.2876458466053009 0.31094658374786377 3.991572856903071 1.287645846605301 0.31094658374786377 0.032 0 0 0 0.09361090885188375 0.09909820833160332 -0.1557702635015249
3.9965728569030707 0.2876458466053009 0.31094658374786377 3.9965728569030707 1.287645846605301 0.31094658374786377 0.032 0 0 0 0.090245969836052 0.04882117361913951 -0.17967817940584507
4.001572856903071 0.2876458466053009 0.31094658374786377 4.001572856903071 1.287645846605301 0.31094658374786377 0.032 0 0 0 0.1367073873553903 0.10464198565418448 0.035555693068599625
4.0065728569030705 0.2876458466053009 0.31094658374786377 4.0065728569030705 1.287645846605301 0.31094658374786377 0.032 0 0 0 0.15477947728113753 0.1071088002374212 0.004174267778585206
4.01157285690307 0.2876458466053009 0.31094658374786377 4.01157285690307 1.287645846605301 0.31094658374786377 0.032 0 0 0 0.1630504573342204 -0.02659201606101208 -0.14240593875535643
4.01657285690307 0.2876458466053009 0.31094658374786377 4.01657285690307 1.287645846605301 0.31094658374786377 0.032 0 0 0 0.07443514699710292 0.17088533708452802 -0.015594510693883623
4.02157285690307 0.2876458466053009 0.31094658374786377 4.02157285690307 1.287645846605301 0.31094658374786377 0.032 0 0 0 0.17646025298839044 -0.07192545909919659 -0.12427092619285673
4.02657285690307 0.2876458466053009 0.31094658374786377 4.02657285690307 1.287645846605301 0.31094658374786377 0.032 0 0 0 0.08455122684080836 -0.07245655942547191 -0.0912320519262785
4.03157285690307 0.2876458466053009 0.31094658374786377 4.03157285690307 1.287645846605301 0.31094658374786377 0.032 0 0 0 0.04762733606029597 0.013490439492558792 -0.03589291622743773
4.03657285690307 0.2876458466053009 0.31094658374786377 4.03657285690307 1.287645846605301 0.31094658374786377 0.032 0 0 0 0.13591184799767264 -0.16785882792061657 -0.059225261265218
4.04157285690307 0.2876458466053009 0.31094658374786377 4.04157285690307 1.287645846605301 0.31094658374786377 0.032 0 0 0 0.026283813571585442 -0.14385074336329856 -0.03419329960302189
4.04657285690307 0.2876458466053009 0.31094658374786377 4.04657285690307 1.287645846605301 0.31094658374786377 0.032 0 0 0 0.1030515656387253 0.174695344603515 0.17362064484258438
4.05157285690307 0.2876458466053009 0.31094658374786377 4.05157285690307 1.287645846605301 0.31094658374786377 0.032 0 0 0 0.17349974098945958 0.004930205278488892 0.09873284163983798
4.0565728569030695 0.2876458466053009 0.31094658374786377 4.0565728569030695 1.287645846605301 0.31094658374786377 0.032 0 0 0 0.15836338306329872 -0.02068416349083757 0.11966275990244885
4.061572856903069 0.2876458466053009 0.31094658374786377 4.061572856903069 1.287645846605301 0.31094658374786377 0.032 0 0 0 0.1318767042841114 -0.054074610672943696 0.05038908176180165
4.066572856903069 0.2876458466053009 0.31094658374786377 4.066572856903069 1.287645846605301 0.31094658374786377 0.032 0 0 0 0.1721252474366387 0.12779186299858603 -0.08171818939433799
4.071572856903069 0.2876458466053009 0.31094658374786377 4.071572856903069 1.287645846605301 0.31094658374786377 0.032 0 0 0 0.1615629551460666 0.017922978891694447 0.08837868405502364
4.076572856903069 0.2876458466053009 0.31094658374786377 4.076572856903069 1.287645846605301 0.31094658374786377 0.032 0 0 0 0.14808302097956927 0.022943647371660353 -0.01394743168121415
4.081572856903069 0.2876458466053009 0.31094658374786377 4.081572856903069 1.287645846605301 0.31094658374786377 0.032 0 0 0 0.07179920036182331 -0.008712690330338058 -0.1077011079065866
4.086572856903069 0.2876458466053009 0.31094658374786377 4.086572856903069 1.287645846605301 0.31094658374786377 0.032 0 0 0 0.029106427995966914 0.005300746468281464 0.09613557214004032
4.091572856903069 0.2876458466053009 0.31094658374786377 4.091572856903069 1.287645846605301 0.31094658374786377 0.032 0 0 0 0.05180038803961118 -0.10896163861092034 0.03423905985181491
4.096572856903069 0.2876458466053009 0.31094658374786377 4.096572856903069 1.287645846605301 0.31094658374786377 0.032 0 0 0 0.022758575428931536 -0.10851057344753126 0.033769382145663523
4.1015728569030685 0.2876458466053009 0.31094658374786377 4.1015728569030685 1.287645846605301 0.31094658374786377 0.032 0 0 0 0.039783464353006885 0.05362784903260126 0.0001203678121103613
4.106572856903068 0.2876458466053009 0.31094658374786377 4.106572856903068 1.287645846605301 0.31094658374786377 0.032 0 0 0 0.16023685918880226 -0.12556607772027156 0.1370748915571381
4.111572856903068 0.2876458466053009 0.31094658374786377 4.111572856903068 1.287645846605301 0.31094658374786377 0.032 0 0 0 0.057233766013653056 0.16890299549623367 0.09290607282288216
4.116572856903068 0.2876458466053009 0.31094658374786377 4.116572856903068 1.287645846605301 0.31094658374786377 0.032 0 0 0 0.11642465344763078 -0.04379985628194469 -0.005042993385297234
4.121572856903068 0.2876458466053009 0.31094658374786377 4.121572856903068 1.287645846605301 0.31094658374786377 0.032 0 0 0 0.05501454364860006 -0.0223475486374633 0.06874479062319366
4.126572856903068 0.2876458466053009 0.31094658374786377 4.126572856903068 1.287645846605301 0.31094658374786377 0.032 0 0 0 0.1303702792699367 0.05953872262258761 0.03020697523158794
4.131572856903068 0.2876458466053009 0.31094658374786377 4.131572856903068 1.287645846605301 0.31094658374786377 0.032 0 0 0 0.1253895950400747 -0.10991195417910059 0.018829647950831002
4.136572856903068 0.2876458466053009 0.31094658374786377 4.136572856903068 1.287645846605301 0.31094658374786377 0.032 0 0 0 0.08734663587684233 0.11263746053562063 0.04841185369584186
4.141572856903068 0.2876458466053009 0.31094658374786377 4.141572856903068 1.287645846605301 0.31094658374786377 0.032 0 0 0 0.16649210289064748 0.17868103964169335 -0.1312931464466753
4.1465728569030675 0.2876458466053009 0.31094658374786377 4.1465728569030675 1.287645846605301 0.31094658374786377 0.032 0 0 0 0.11705055875316767 0.14388458229861323 0.05188693954783247
4.151572856903067 0.2876458466053009 0.31094658374786377 4.151572856903067 1.287645846605301 0.31094658374786377 0.032 0 0 0 0.12831240150042328 0.12175026735326483 0.02124896146750499
4.156572856903067 0.2876458466053009 0.31094658374786377 4.156572856903067 1.287645846605301 0.31094658374786377 0.032 0 0 0 0.03747526516883308 0.02251536809428864 0.13004099185928253
4.161572856903067 0.2876458466053009 0.31094658374786377 4.161572856903067 1.287645846605301 0.31094658374786377 0.032 0 0 0 0.12375179030723846 -0.17119710608413471 0.021245926525784414
4.166572856903067 0.2876458466053009 0.31094658374786377 4.166572856903067 1.287645846605301 0.31094658374786377 0.032 0 0 0 0.13407288860518465 -0.11672871873780842 0.05703646884989169
4.171572856903067 0.2876458466053009 0.31094658374786377 4.171572856903067 1.287645846605301 0.31094658374786377 0.032 0 0 0 0.06001886861938817 0.062063913050693725 -0.05661007430253988
4.176572856903067 0.2876458466053009 0.31094658374786377 4.176572856903067 1.287645846605301 0.31094658374786377 0.032 0 0 0 0.12666735973379506 0.007841382057621499 0.10572429931480104
4.181572856903067 0.2876458466053009 0.31094658374786377 4.181572856903067 1.287645846605301 0.31094658374786377 0.032 0 0 0 0.11521235091404915 -0.05734266038406935 -0.0085190298874529
4.186572856903067 0.2876458466053009 0.31094658374786377 4.186572856903067 1.287645846605301 0.31094658374786377 0.032 0 0 0 0.12630027068006394 -0.11625183703421145 -0.048519448916291646
4.191572856903067 0.2876458466053009 0.31094658374786377 4.191572856903067 1.287645846605301 0.31094658374786377 0.032 0 0 0 0.09535655634969861 -0.06548303439454882 -0.08624999252389884
4.1965728569030665 0.2876458466053009 0.31094658374786377 4.1965728569030665 1.287645846605301 0.31094658374786377 0.032 0 0 0 0.1248527783578206 -0.06863282511175187 -0.05876237055390898
4.201572856903066 0.2876458466053009 0.31094658374786377 4.201572856903066 1.287645846605301 0.31094658374786377 0.032 0 0 0 0.11066554355483064 0.0782192630604171 -0.021269677074425897
4.206572856903066 0.2876458466053009 0.31094658374786377 4.206572856903066 1.287645846605301 0.31094658374786377 0.032 0 0 0 0.03674522453536918 0.055717999077662506 0.13129998741867854
4.211572856903066 0.2876458466053009 0.31094658374786377 4.211572856903066 1.287645846605301 0.31094658374786377 0.032 0 0 0 0.09692330429858385 -0.11066842000343738 -0.1473302353106366
4.216572856903066 0.2876458466053009 0.31094658374786377 4.216572856903066 1.287645846605301 0.31094658374786377 0.032 0 0 0 0.10139592584614594 0.15383221778850575 0.04365052019204299
4.221572856903066 0.2876458466053009 0.31094658374786377 4.221572856903066 1.287645846605301 0.31094658374786377 0.032 0 0 0 0.022478219713811743 0.06518314525175947 -0.027118198540057703
4.226572856903066 0.2876458466053009 0.31094658374786377 4.226572856903066 1.287645846605301 0.31094658374786377 0.032 0 0 0 0.0993784418404204 0.173516755351233 -0.006522528750218859
4.231572856903066 0.2876458466053009 0.31094658374786377 4.231572856903066 1.287645846605301 0.31094658374786377 0.032 0 0 0 0.032199518530562285 0.04718666455567394 -0.07976083832854049
4.236572856903066 0.2876458466053009 0.31094658374786377 4.236572856903066 1.287645846605301 0.31094658374786377 0.032 0 0 0 0.10646067880162156 -0.12285499780024903 0.1533607780985991
4.2415728569030655 0.2876458466053009 0.31094658374786377 4.2415728569030655 1.287645846605301 0.31094658374786377 0.032 0 0 0 0.025659345698726396 -0.07223235582328838 -0.05129346963020545
