0 -2.48343 -4.14732 -0.182874 -0 0.707107 0 0.707107
1 -2.47343 -4.14732 -0.182874 -0.00459157 0.707092 0 0.707107
2 -2.46343 -4.14732 -0.182874 -0.00918295 0.707047 0 0.707107
3 -2.45343 -4.14602 -0.179628 -0.00918295 0.707047 0 0.707107
4 -2.44343 -4.14602 -0.179628 -0.00918295 0.707047 0 0.707107
5 -2.43343 -4.14472 -0.176381 -0.00918295 0.707047 0 0.707107
6 -2.42343 -4.14343 -0.173134 -0.0137739 0.706973 0 0.707107
7 -2.41343 -4.14213 -0.169887 -0.0137739 0.706973 0 0.707107
8 -2.40343 -4.14213 -0.169887 -0.0183643 0.706868 0 0.707107
9 -2.39343 -4.14083 -0.166641 -0.0183643 0.706868 0 0.707107
10 -2.38343 -4.13953 -0.163394 -0.0183643 0.706868 0 0.707107
11 -2.37343 -4.13823 -0.160147 -0.0183643 0.706868 0 0.707107
12 -2.36343 -4.13434 -0.150407 -0.0183643 0.706868 0 0.707107
13 -2.35343 -4.13304 -0.14716 -0.0183643 0.706868 0 0.707107
14 -2.34343 -4.13174 -0.143913 -0.0183643 0.706868 0 0.707107
15 -2.33343 -4.13174 -0.143913 -0.0183643 0.706868 0 0.707107
16 -2.32343 -4.13044 -0.140667 -0.0183643 0.706868 0 0.707107
17 -2.31343 -4.12784 -0.134173 -0.0183643 0.706868 0 0.707107
18 -2.30343 -4.12654 -0.130926 -0.0137739 0.706973 0 0.707107
19 -2.29343 -4.12654 -0.130926 -0.0137739 0.706973 0 0.707107
20 -2.28343 -4.12524 -0.12768 -0.0137739 0.706973 0 0.707107
21 -2.27343 -4.12524 -0.12768 -0.00918295 0.707047 0 0.707107
22 -2.26343 -4.12524 -0.12768 -0.00459157 0.707092 0 0.707107
23 -2.25343 -4.12524 -0.12768 -0 0.707107 0 0.707107
24 -2.24343 -4.12395 -0.124433 -0 0.707107 0 0.707107
25 -2.23343 -4.12395 -0.124433 -0 0.707107 0 0.707107
26 -2.22343 -4.12395 -0.124433 0.00459157 0.707092 0 0.707107
27 -2.21343 -4.12395 -0.124433 0.00918295 0.707047 0 0.707107
28 -2.20343 -4.12135 -0.117939 0.00918295 0.707047 0 0.707107
29 -2.19343 -4.12135 -0.117939 0.0137739 0.706973 0 0.707107
30 -2.18343 -4.12005 -0.114693 0.0183643 0.706868 0 0.707107
31 -2.17343 -4.12005 -0.114693 0.0183643 0.706868 0 0.707107
32 -2.16343 -4.12005 -0.114693 0.0183643 0.706868 0 0.707107
33 -2.15343 -4.11875 -0.111446 0.0183643 0.706868 0 0.707107
34 -2.14343 -4.11875 -0.111446 0.0183643 0.706868 0 0.707107
35 -2.13343 -4.11875 -0.111446 0.0183643 0.706868 0 0.707107
36 -2.12343 -4.11875 -0.111446 0.0183643 0.706868 0 0.707107
37 -2.11343 -4.11745 -0.108199 0.0183643 0.706868 0 0.707107
38 -2.10343 -4.11745 -0.108199 0.0183643 0.706868 0 0.707107
39 -2.09343 -4.11485 -0.101706 0.0183643 0.706868 0 0.707107
40 -2.08343 -4.11485 -0.101706 0.0183643 0.706868 0 0.707107
41 -2.07343 -4.11356 -0.0984588 0.0183643 0.706868 0 0.707107
42 -2.06343 -4.11356 -0.0984588 0.0183643 0.706868 0 0.707107
43 -2.05343 -4.11356 -0.0984588 0.0183643 0.706868 0 0.707107
44 -2.04343 -4.11356 -0.0984588 0.0183643 0.706868 0 0.707107
45 -2.03343 -4.11226 -0.0952121 0.0183643 0.706868 0 0.707107
46 -2.02343 -4.11226 -0.0952121 0.0183643 0.706868 0 0.707107
47 -2.01343 -4.11226 -0.0952121 0.0183643 0.706868 0 0.707107
48 -2.00343 -4.11226 -0.0952121 0.0183643 0.706868 0 0.707107
49 -1.99343 -4.11226 -0.0952121 0.0183643 0.706868 0 0.707107
50 -1.98343 -4.11226 -0.0952121 0.0183643 0.706868 0 0.707107
51 -1.97343 -4.11226 -0.0952121 0.0183643 0.706868 0 0.707107
52 -1.96343 -4.11226 -0.0952121 0.0183643 0.706868 0 0.707107
53 -1.95343 -4.11226 -0.0952121 0.0183643 0.706868 0 0.707107
54 -1.94343 -4.11356 -0.0984588 0.0183643 0.706868 0 0.707107
55 -1.93343 -4.11485 -0.101706 0.0183643 0.706868 0 0.707107
56 -1.92343 -4.11745 -0.108199 0.0183643 0.706868 0 0.707107
57 -1.91343 -4.11875 -0.111446 0.0183643 0.706868 0 0.707107
58 -1.90343 -4.11875 -0.111446 0.0183643 0.706868 0 0.707107
59 -1.89343 -4.12005 -0.114693 0.0183643 0.706868 0 0.707107
60 -1.88343 -4.12005 -0.114693 0.0183643 0.706868 0 0.707107
61 -1.87343 -4.12135 -0.117939 0.0183643 0.706868 0 0.707107
62 -1.86343 -4.12265 -0.121186 0.0183643 0.706868 0 0.707107
63 -1.85343 -4.12524 -0.12768 0.0183643 0.706868 0 0.707107
64 -1.84343 -4.12654 -0.130926 0.0137739 0.706973 0 0.707107
65 -1.83343 -4.12784 -0.134173 0.0137739 0.706973 0 0.707107
66 -1.82343 -4.12784 -0.134173 0.0137739 0.706973 0 0.707107
67 -1.81343 -4.12914 -0.13742 0.00918295 0.707047 0 0.707107
68 -1.80343 -4.12914 -0.13742 0.00918295 0.707047 0 0.707107
69 -1.79343 -4.13044 -0.140667 0.00918295 0.707047 0 0.707107
70 -1.78343 -4.13174 -0.143913 0.00918295 0.707047 0 0.707107
71 -1.77343 -4.13174 -0.143913 0.00918295 0.707047 0 0.707107
72 -1.76343 -4.13174 -0.143913 0.00459157 0.707092 0 0.707107
73 -1.75343 -4.13174 -0.143913 0.00459157 0.707092 0 0.707107
74 -1.74343 -4.13434 -0.150407 0.00459157 0.707092 0 0.707107
75 -1.73343 -4.13563 -0.153654 0.00459157 0.707092 0 0.707107
76 -1.72343 -4.13563 -0.153654 0.00459157 0.707092 0 0.707107
77 -1.71343 -4.13563 -0.153654 0.00459157 0.707092 0 0.707107
78 -1.70343 -4.13563 -0.153654 0.00459157 0.707092 0 0.707107
79 -1.69343 -4.13563 -0.153654 0.00459157 0.707092 0 0.707107
80 -1.68343 -4.13563 -0.153654 0.00459157 0.707092 0 0.707107
81 -1.67343 -4.13563 -0.153654 0.00459157 0.707092 0 0.707107
82 -1.66343 -4.13693 -0.1569 0.00459157 0.707092 0 0.707107
83 -1.65343 -4.13823 -0.160147 0.00459157 0.707092 0 0.707107
84 -1.64343 -4.13823 -0.160147 0.00459157 0.707092 0 0.707107
85 -1.63343 -4.13823 -0.160147 0.00459157 0.707092 0 0.707107
86 -1.62343 -4.13953 -0.163394 0.00459157 0.707092 0 0.707107
87 -1.61343 -4.14083 -0.166641 0.00459157 0.707092 0 0.707107
88 -1.60343 -4.14083 -0.166641 0.00459157 0.707092 0 0.707107
89 -1.59343 -4.14213 -0.169887 0.00459157 0.707092 0 0.707107
90 -1.58343 -4.14213 -0.169887 0.00459157 0.707092 0 0.707107
91 -1.57343 -4.14213 -0.169887 0.00459157 0.707092 0 0.707107
92 -1.56343 -4.14213 -0.169887 0.00459157 0.707092 0 0.707107
93 -1.55343 -4.14213 -0.169887 0.00459157 0.707092 0 0.707107
94 -1.54343 -4.14213 -0.169887 0.00459157 0.707092 0 0.707107
95 -1.53343 -4.14213 -0.169887 0.00459157 0.707092 0 0.707107
96 -1.52343 -4.14213 -0.169887 0.00459157 0.707092 0 0.707107
97 -1.51343 -4.14213 -0.169887 0.00459157 0.707092 0 0.707107
98 -1.50343 -4.14213 -0.169887 0.00459157 0.707092 0 0.707107
99 -1.49343 -4.14083 -0.166641 0.00459157 0.707092 0 0.707107
100 -1.48343 -4.14083 -0.166641 0.00459157 0.707092 0 0.707107
101 -1.47343 -4.14083 -0.166641 0.00459157 0.707092 0 0.707107
102 -1.46343 -4.14083 -0.166641 0.00459157 0.707092 0 0.707107
103 -1.45343 -4.14083 -0.166641 0.00459157 0.707092 0 0.707107
104 -1.44343 -4.13953 -0.163394 0.00459157 0.707092 0 0.707107
105 -1.43343 -4.13953 -0.163394 0.00459157 0.707092 0 0.707107
106 -1.42343 -4.13953 -0.163394 0.00459157 0.707092 0 0.707107
107 -1.41343 -4.13823 -0.160147 -0 0.707107 0 0.707107
108 -1.40343 -4.13823 -0.160147 -0.00459157 0.707092 0 0.707107
109 -1.39343 -4.13693 -0.1569 -0.00459157 0.707092 0 0.707107
110 -1.38343 -4.13434 -0.150407 -0.00459157 0.707092 0 0.707107
111 -1.37343 -4.13304 -0.14716 -0.00459157 0.707092 0 0.707107
112 -1.36343 -4.13174 -0.143913 -0.00459157 0.707092 0 0.707107
113 -1.35343 -4.12914 -0.13742 -0.00459157 0.707092 0 0.707107
114 -1.34343 -4.12914 -0.13742 -0.00918295 0.707047 0 0.707107
115 -1.33343 -4.12914 -0.13742 -0.00918295 0.707047 0 0.707107
116 -1.32343 -4.12784 -0.134173 -0.00918295 0.707047 0 0.707107
117 -1.31343 -4.12784 -0.134173 -0.00918295 0.707047 0 0.707107
118 -1.30343 -4.12784 -0.134173 -0.00918295 0.707047 0 0.707107
119 -1.29343 -4.12784 -0.134173 -0.00918295 0.707047 0 0.707107
120 -1.28343 -4.12784 -0.134173 -0.00918295 0.707047 0 0.707107
121 -1.27343 -4.12784 -0.134173 -0.00918295 0.707047 0 0.707107
122 -1.26343 -4.12784 -0.134173 -0.00918295 0.707047 0 0.707107
123 -1.25343 -4.12784 -0.134173 -0.00918295 0.707047 0 0.707107
124 -1.24343 -4.12784 -0.134173 -0.00918295 0.707047 0 0.707107
125 -1.23343 -4.12784 -0.134173 -0.00918295 0.707047 0 0.707107
126 -1.22343 -4.12784 -0.134173 -0.00918295 0.707047 0 0.707107
127 -1.21343 -4.12784 -0.134173 -0.00918295 0.707047 0 0.707107
128 -1.20343 -4.12784 -0.134173 -0.00918295 0.707047 0 0.707107
129 -1.19343 -4.12654 -0.130926 -0.00918295 0.707047 0 0.707107
130 -1.18343 -4.12654 -0.130926 -0.00918295 0.707047 0 0.707107
131 -1.17343 -4.12654 -0.130926 -0.00918295 0.707047 0 0.707107
132 -1.16343 -4.12395 -0.124433 -0.00918295 0.707047 0 0.707107
133 -1.15343 -4.12395 -0.124433 -0.00918295 0.707047 0 0.707107
134 -1.14343 -4.12395 -0.124433 -0.00918295 0.707047 0 0.707107
135 -1.13343 -4.12395 -0.124433 -0.00918295 0.707047 0 0.707107
136 -1.12343 -4.12395 -0.124433 -0.00918295 0.707047 0 0.707107
137 -1.11343 -4.12524 -0.12768 -0.00459157 0.707092 0 0.707107
138 -1.10343 -4.12654 -0.130926 -0.00459157 0.707092 0 0.707107
139 -1.09343 -4.12914 -0.13742 -0 0.707107 0 0.707107
140 -1.08343 -4.13044 -0.140667 -0 0.707107 0 0.707107
141 -1.07343 -4.13044 -0.140667 -0 0.707107 0 0.707107
142 -1.06343 -4.13174 -0.143913 -0 0.707107 0 0.707107
143 -1.05343 -4.13304 -0.14716 -0 0.707107 0 0.707107
144 -1.04343 -4.13563 -0.153654 -0 0.707107 0 0.707107
145 -1.03343 -4.13563 -0.153654 -0 0.707107 0 0.707107
146 -1.02343 -4.13563 -0.153654 -0 0.707107 0 0.707107
147 -1.01343 -4.13563 -0.153654 -0 0.707107 0 0.707107
148 -1.00343 -4.13563 -0.153654 -0 0.707107 0 0.707107
149 -0.993426 -4.13563 -0.153654 -0 0.707107 0 0.707107
150 -0.983426 -4.13563 -0.153654 0.00459157 0.707092 0 0.707107
151 -0.973426 -4.13563 -0.153654 0.00459157 0.707092 0 0.707107
152 -0.963426 -4.13563 -0.153654 0.00459157 0.707092 0 0.707107
153 -0.953426 -4.13563 -0.153654 0.00459157 0.707092 0 0.707107
154 -0.943426 -4.13563 -0.153654 0.00459157 0.707092 0 0.707107
155 -0.933426 -4.13563 -0.153654 0.00459157 0.707092 0 0.707107
156 -0.923426 -4.13693 -0.1569 0.00459157 0.707092 0 0.707107
157 -0.913426 -4.13693 -0.1569 0.00459157 0.707092 0 0.707107
158 -0.903426 -4.13693 -0.1569 0.00459157 0.707092 0 0.707107
159 -0.893426 -4.13693 -0.1569 0.00459157 0.707092 0 0.707107
160 -0.883426 -4.13823 -0.160147 0.00459157 0.707092 0 0.707107
161 -0.873426 -4.13823 -0.160147 0.00459157 0.707092 0 0.707107
162 -0.863426 -4.13823 -0.160147 0.00459157 0.707092 0 0.707107
163 -0.853426 -4.13953 -0.163394 0.00459157 0.707092 0 0.707107
164 -0.843426 -4.13953 -0.163394 0.00459157 0.707092 0 0.707107
165 -0.833426 -4.14083 -0.166641 0.00459157 0.707092 0 0.707107
166 -0.823426 -4.14083 -0.166641 0.00459157 0.707092 0 0.707107
167 -0.813426 -4.14083 -0.166641 0.00459157 0.707092 0 0.707107
168 -0.803426 -4.14083 -0.166641 0.00459157 0.707092 0 0.707107
169 -0.793426 -4.14083 -0.166641 0.00459157 0.707092 0 0.707107
170 -0.783426 -4.14083 -0.166641 0.00459157 0.707092 0 0.707107
171 -0.773426 -4.14083 -0.166641 0.00459157 0.707092 0 0.707107
172 -0.763426 -4.14083 -0.166641 -0 0.707107 0 0.707107
173 -0.753426 -4.14083 -0.166641 -0.00459157 0.707092 0 0.707107
174 -0.743426 -4.14083 -0.166641 -0.00459157 0.707092 0 0.707107
175 -0.733426 -4.14083 -0.166641 -0.00459157 0.707092 0 0.707107
176 -0.723426 -4.14083 -0.166641 -0.00459157 0.707092 0 0.707107
177 -0.713426 -4.14083 -0.166641 -0.00459157 0.707092 0 0.707107
178 -0.703426 -4.14083 -0.166641 -0.00918295 0.707047 0 0.707107
179 -0.693426 -4.14083 -0.166641 -0.00918295 0.707047 0 0.707107
180 -0.683426 -4.14083 -0.166641 -0.00918295 0.707047 0 0.707107
181 -0.673426 -4.14083 -0.166641 -0.00918295 0.707047 0 0.707107
182 -0.663426 -4.14083 -0.166641 -0.00918295 0.707047 0 0.707107
183 -0.653426 -4.14083 -0.166641 -0.00918295 0.707047 0 0.707107
184 -0.643426 -4.14083 -0.166641 -0.00918295 0.707047 0 0.707107
185 -0.633426 -4.14083 -0.166641 -0.0137739 0.706973 0 0.707107
186 -0.623426 -4.14083 -0.166641 -0.0137739 0.706973 0 0.707107
187 -0.613426 -4.13953 -0.163394 -0.0183643 0.706868 0 0.707107
188 -0.603426 -4.13693 -0.1569 -0.0183643 0.706868 0 0.707107
189 -0.593426 -4.13693 -0.1569 -0.0183643 0.706868 0 0.707107
190 -0.583426 -4.13693 -0.1569 -0.022954 0.706734 0 0.707107
191 -0.573426 -4.13563 -0.153654 -0.0275426 0.70657 0 0.707107
192 -0.563426 -4.13563 -0.153654 -0.0275426 0.70657 0 0.707107
193 -0.553426 -4.13563 -0.153654 -0.0275426 0.70657 0 0.707107
194 -0.543426 -4.13304 -0.14716 -0.0275426 0.70657 0 0.707107
195 -0.533426 -4.13304 -0.14716 -0.0275426 0.70657 0 0.707107
196 -0.523426 -4.13174 -0.143913 -0.0275426 0.70657 0 0.707107
197 -0.513426 -4.12914 -0.13742 -0.0275426 0.70657 0 0.707107
198 -0.503426 -4.12784 -0.134173 -0.0275426 0.70657 0 0.707107
199 -0.493426 -4.12784 -0.134173 -0.0275426 0.70657 0 0.707107
200 -0.483426 -4.12784 -0.134173 -0.0275426 0.70657 0 0.707107
201 -0.473426 -4.12654 -0.130926 -0.0275426 0.70657 0 0.707107
202 -0.463426 -4.12654 -0.130926 -0.0275426 0.70657 0 0.707107
203 -0.453426 -4.12654 -0.130926 -0.0275426 0.70657 0 0.707107
204 -0.443426 -4.12654 -0.130926 -0.0275426 0.70657 0 0.707107
205 -0.433426 -4.12654 -0.130926 -0.022954 0.706734 0 0.707107
206 -0.423426 -4.12654 -0.130926 -0.022954 0.706734 0 0.707107
207 -0.413426 -4.12654 -0.130926 -0.0183643 0.706868 0 0.707107
208 -0.403426 -4.12654 -0.130926 -0.0183643 0.706868 0 0.707107
209 -0.393426 -4.12395 -0.124433 -0.0137739 0.706973 0 0.707107
210 -0.383426 -4.12395 -0.124433 -0.00459157 0.707092 0 0.707107
211 -0.373426 -4.12395 -0.124433 -0 0.707107 0 0.707107
212 -0.363426 -4.12395 -0.124433 -0 0.707107 0 0.707107
213 -0.353426 -4.12395 -0.124433 0.00459157 0.707092 0 0.707107
214 -0.343426 -4.12265 -0.121186 0.00459157 0.707092 0 0.707107
215 -0.333426 -4.12265 -0.121186 0.00459157 0.707092 0 0.707107
216 -0.323426 -4.12265 -0.121186 0.00459157 0.707092 0 0.707107
217 -0.313426 -4.12265 -0.121186 0.00459157 0.707092 0 0.707107
218 -0.303426 -4.12265 -0.121186 0.00459157 0.707092 0 0.707107
219 -0.293426 -4.12265 -0.121186 0.00459157 0.707092 0 0.707107
220 -0.283426 -4.12265 -0.121186 0.00459157 0.707092 0 0.707107
221 -0.273426 -4.12265 -0.121186 0.00459157 0.707092 0 0.707107
222 -0.263426 -4.12265 -0.121186 -0 0.707107 0 0.707107
223 -0.253426 -4.12395 -0.124433 -0 0.707107 0 0.707107
224 -0.243426 -4.12395 -0.124433 -0 0.707107 0 0.707107
225 -0.233426 -4.12395 -0.124433 -0 0.707107 0 0.707107
226 -0.223426 -4.12395 -0.124433 -0 0.707107 0 0.707107
227 -0.213426 -4.12395 -0.124433 -0 0.707107 0 0.707107
228 -0.203426 -4.12395 -0.124433 -0 0.707107 0 0.707107
229 -0.193426 -4.12524 -0.12768 -0 0.707107 0 0.707107
230 -0.183426 -4.12524 -0.12768 -0 0.707107 0 0.707107
231 -0.173426 -4.12654 -0.130926 -0 0.707107 0 0.707107
232 -0.163426 -4.12654 -0.130926 -0 0.707107 0 0.707107
233 -0.153426 -4.12654 -0.130926 -0 0.707107 0 0.707107
234 -0.143426 -4.12914 -0.13742 -0 0.707107 0 0.707107
235 -0.133426 -4.12914 -0.13742 -0 0.707107 0 0.707107
236 -0.123426 -4.13044 -0.140667 -0 0.707107 0 0.707107
237 -0.113426 -4.13044 -0.140667 -0 0.707107 0 0.707107
238 -0.103426 -4.13044 -0.140667 -0 0.707107 0 0.707107
239 -0.0934263 -4.13174 -0.143913 -0 0.707107 0 0.707107
240 -0.0834263 -4.13174 -0.143913 -0 0.707107 0 0.707107
241 -0.0734263 -4.13304 -0.14716 -0 0.707107 0 0.707107
242 -0.0634263 -4.13304 -0.14716 -0 0.707107 0 0.707107
243 -0.0534263 -4.13304 -0.14716 0.00459157 0.707092 0 0.707107
244 -0.0434263 -4.13304 -0.14716 0.00459157 0.707092 0 0.707107
245 -0.0334263 -4.13434 -0.150407 0.00459157 0.707092 0 0.707107
246 -0.0234263 -4.13434 -0.150407 0.00459157 0.707092 0 0.707107
247 -0.0134263 -4.13563 -0.153654 0.00459157 0.707092 0 0.707107
248 -0.00342632 -4.13563 -0.153654 0.00459157 0.707092 0 0.707107
249 0.00657368 -4.13693 -0.1569 0.00459157 0.707092 0 0.707107
250 0.0165737 -4.13693 -0.1569 0.00459157 0.707092 0 0.707107
251 0.0265737 -4.13823 -0.160147 0.00459157 0.707092 0 0.707107
252 0.0365737 -4.13823 -0.160147 0.00459157 0.707092 0 0.707107
253 0.0465737 -4.13823 -0.160147 0.00459157 0.707092 0 0.707107
254 0.0565737 -4.13953 -0.163394 -0 0.707107 0 0.707107
255 0.0665737 -4.13953 -0.163394 -0 0.707107 0 0.707107
256 0.0765737 -4.13953 -0.163394 -0 0.707107 0 0.707107
257 0.0865737 -4.13953 -0.163394 -0 0.707107 0 0.707107
258 0.0965737 -4.13953 -0.163394 -0 0.707107 0 0.707107
259 0.106574 -4.13953 -0.163394 -0 0.707107 0 0.707107
260 0.116574 -4.13953 -0.163394 -0 0.707107 0 0.707107
261 0.126574 -4.13953 -0.163394 -0.00459157 0.707092 0 0.707107
262 0.136574 -4.13953 -0.163394 -0.00918295 0.707047 0 0.707107
263 0.146574 -4.13953 -0.163394 -0.00918295 0.707047 0 0.707107
264 0.156574 -4.13953 -0.163394 -0.00918295 0.707047 0 0.707107
265 0.166574 -4.13953 -0.163394 -0.0137739 0.706973 0 0.707107
266 0.176574 -4.13953 -0.163394 -0.0137739 0.706973 0 0.707107
267 0.186574 -4.13953 -0.163394 -0.0183643 0.706868 0 0.707107
268 0.196574 -4.13953 -0.163394 -0.0183643 0.706868 0 0.707107
269 0.206574 -4.13953 -0.163394 -0.0183643 0.706868 0 0.707107
270 0.216574 -4.13953 -0.163394 -0.0183643 0.706868 0 0.707107
271 0.226574 -4.13823 -0.160147 -0.0183643 0.706868 0 0.707107
272 0.236574 -4.13823 -0.160147 -0.0183643 0.706868 0 0.707107
273 0.246574 -4.13823 -0.160147 -0.0183643 0.706868 0 0.707107
274 0.256574 -4.13823 -0.160147 -0.0183643 0.706868 0 0.707107
275 0.266574 -4.13823 -0.160147 -0.0183643 0.706868 0 0.707107
276 0.276574 -4.13823 -0.160147 -0.0183643 0.706868 0 0.707107
277 0.286574 -4.13823 -0.160147 -0.0183643 0.706868 0 0.707107
278 0.296574 -4.13823 -0.160147 -0.0183643 0.706868 0 0.707107
279 0.306574 -4.13563 -0.153654 -0.0183643 0.706868 0 0.707107
280 0.316574 -4.13434 -0.150407 -0.0183643 0.706868 0 0.707107
281 0.326574 -4.13304 -0.14716 -0.0183643 0.706868 0 0.707107
282 0.336574 -4.13304 -0.14716 -0.0183643 0.706868 0 0.707107
283 0.346574 -4.13304 -0.14716 -0.0183643 0.706868 0 0.707107
284 0.356574 -4.13304 -0.14716 -0.0183643 0.706868 0 0.707107
285 0.366574 -4.13304 -0.14716 -0.0183643 0.706868 0 0.707107
286 0.376574 -4.13304 -0.14716 -0.0183643 0.706868 0 0.707107
287 0.386574 -4.13304 -0.14716 -0.0183643 0.706868 0 0.707107
288 0.396574 -4.13304 -0.14716 -0.0183643 0.706868 0 0.707107
289 0.406574 -4.13304 -0.14716 -0.0183643 0.706868 0 0.707107
290 0.416574 -4.13304 -0.14716 -0.0183643 0.706868 0 0.707107
291 0.426574 -4.13304 -0.14716 -0.0183643 0.706868 0 0.707107
292 0.436574 -4.13304 -0.14716 -0.0183643 0.706868 0 0.707107
293 0.446574 -4.13304 -0.14716 -0.0183643 0.706868 0 0.707107
294 0.456574 -4.13304 -0.14716 -0.0183643 0.706868 0 0.707107
295 0.466574 -4.13304 -0.14716 -0.0183643 0.706868 0 0.707107
296 0.476574 -4.13304 -0.14716 -0.0183643 0.706868 0 0.707107
297 0.486574 -4.13174 -0.143913 -0.0183643 0.706868 0 0.707107
298 0.496574 -4.13174 -0.143913 -0.0183643 0.706868 0 0.707107
299 0.506574 -4.13174 -0.143913 -0.0183643 0.706868 0 0.707107
300 0.516574 -4.13174 -0.143913 -0.0183643 0.706868 0 0.707107
301 0.526574 -4.13174 -0.143913 -0.0183643 0.706868 0 0.707107
302 0.536574 -4.13044 -0.140667 -0.00918295 0.707047 0 0.707107
303 0.546574 -4.12914 -0.13742 -0.00918295 0.707047 0 0.707107
304 0.556574 -4.12914 -0.13742 -0.00459157 0.707092 0 0.707107
305 0.566574 -4.12914 -0.13742 -0.00459157 0.707092 0 0.707107
306 0.576574 -4.12914 -0.13742 -0.00459157 0.707092 0 0.707107
307 0.586574 -4.12914 -0.13742 -0 0.707107 0 0.707107
308 0.596574 -4.12914 -0.13742 -0 0.707107 0 0.707107
309 0.606574 -4.12914 -0.13742 0.00459157 0.707092 0 0.707107
310 0.616574 -4.12914 -0.13742 0.00459157 0.707092 0 0.707107
311 0.626574 -4.12914 -0.13742 0.00459157 0.707092 0 0.707107
312 0.636574 -4.12914 -0.13742 0.00459157 0.707092 0 0.707107
313 0.646574 -4.12914 -0.13742 0.00459157 0.707092 0 0.707107
314 0.656574 -4.12914 -0.13742 0.00459157 0.707092 0 0.707107
315 0.666574 -4.12914 -0.13742 0.00459157 0.707092 0 0.707107
316 0.676574 -4.12914 -0.13742 0.00459157 0.707092 0 0.707107
317 0.686574 -4.13044 -0.140667 0.00459157 0.707092 0 0.707107
318 0.696574 -4.13044 -0.140667 0.00459157 0.707092 0 0.707107
319 0.706574 -4.13044 -0.140667 0.00459157 0.707092 0 0.707107
320 0.716574 -4.13044 -0.140667 0.00459157 0.707092 0 0.707107
321 0.726574 -4.13044 -0.140667 0.00918295 0.707047 0 0.707107
322 0.736574 -4.13174 -0.143913 0.0137739 0.706973 0 0.707107
323 0.746574 -4.13174 -0.143913 0.0137739 0.706973 0 0.707107
324 0.756574 -4.13174 -0.143913 0.0137739 0.706973 0 0.707107
325 0.766574 -4.13174 -0.143913 0.0137739 0.706973 0 0.707107
326 0.776574 -4.13304 -0.14716 0.0137739 0.706973 0 0.707107
327 0.786574 -4.13304 -0.14716 0.0137739 0.706973 0 0.707107
328 0.796574 -4.13304 -0.14716 0.0137739 0.706973 0 0.707107
329 0.806574 -4.13434 -0.150407 0.0137739 0.706973 0 0.707107
330 0.816574 -4.13434 -0.150407 0.0137739 0.706973 0 0.707107
331 0.826574 -4.13434 -0.150407 0.00918295 0.707047 0 0.707107
332 0.836574 -4.13434 -0.150407 0.00918295 0.707047 0 0.707107
333 0.846574 -4.13434 -0.150407 0.00918295 0.707047 0 0.707107
334 0.856574 -4.13434 -0.150407 0.00459157 0.707092 0 0.707107
335 0.866574 -4.13434 -0.150407 0.00459157 0.707092 0 0.707107
336 0.876574 -4.13434 -0.150407 -0 0.707107 0 0.707107
337 0.886574 -4.13563 -0.153654 -0 0.707107 0 0.707107
338 0.896574 -4.13563 -0.153654 -0 0.707107 0 0.707107
339 0.906574 -4.13563 -0.153654 -0.00918295 0.707047 0 0.707107
340 0.916574 -4.13563 -0.153654 -0.00918295 0.707047 0 0.707107
341 0.926574 -4.13693 -0.1569 -0.00918295 0.707047 0 0.707107
342 0.936574 -4.13693 -0.1569 -0.0137739 0.706973 0 0.707107
343 0.946574 -4.13693 -0.1569 -0.0137739 0.706973 0 0.707107
344 0.956574 -4.13693 -0.1569 -0.0137739 0.706973 0 0.707107
345 0.966574 -4.13693 -0.1569 -0.0183643 0.706868 0 0.707107
346 0.976574 -4.13693 -0.1569 -0.0183643 0.706868 0 0.707107
347 0.986574 -4.13693 -0.1569 -0.022954 0.706734 0 0.707107
348 0.996574 -4.13693 -0.1569 -0.022954 0.706734 0 0.707107
349 1.00657 -4.13693 -0.1569 -0.022954 0.706734 0 0.707107
350 1.01657 -4.13693 -0.1569 -0.022954 0.706734 0 0.707107
351 1.02657 -4.13693 -0.1569 -0.022954 0.706734 0 0.707107
352 1.03657 -4.13693 -0.1569 -0.022954 0.706734 0 0.707107
353 1.04657 -4.13693 -0.1569 -0.022954 0.706734 0 0.707107
354 1.05657 -4.13693 -0.1569 -0.022954 0.706734 0 0.707107
355 1.06657 -4.13693 -0.1569 -0.022954 0.706734 0 0.707107
356 1.07657 -4.13693 -0.1569 -0.022954 0.706734 0 0.707107
357 1.08657 -4.13693 -0.1569 -0.022954 0.706734 0 0.707107
358 1.09657 -4.13693 -0.1569 -0.022954 0.706734 0 0.707107
359 1.10657 -4.13693 -0.1569 -0.022954 0.706734 0 0.707107
360 1.11657 -4.13693 -0.1569 -0.022954 0.706734 0 0.707107
361 1.12657 -4.13693 -0.1569 -0.022954 0.706734 0 0.707107
362 1.13657 -4.13693 -0.1569 -0.022954 0.706734 0 0.707107
363 1.14657 -4.13693 -0.1569 -0.022954 0.706734 0 0.707107
364 1.15657 -4.13693 -0.1569 -0.022954 0.706734 0 0.707107
365 1.16657 -4.13693 -0.1569 -0.022954 0.706734 0 0.707107
366 1.17657 -4.13693 -0.1569 -0.022954 0.706734 0 0.707107
367 1.18657 -4.13693 -0.1569 -0.022954 0.706734 0 0.707107
368 1.19657 -4.13693 -0.1569 -0.022954 0.706734 0 0.707107
369 1.20657 -4.13693 -0.1569 -0.022954 0.706734 0 0.707107
370 1.21657 -4.13693 -0.1569 -0.022954 0.706734 0 0.707107
371 1.22657 -4.13693 -0.1569 -0.022954 0.706734 0 0.707107
372 1.23657 -4.13693 -0.1569 -0.022954 0.706734 0 0.707107
373 1.24657 -4.13693 -0.1569 -0.022954 0.706734 0 0.707107
374 1.25657 -4.13693 -0.1569 -0.022954 0.706734 0 0.707107
375 1.26657 -4.13563 -0.153654 -0.022954 0.706734 0 0.707107
376 1.27657 -4.13563 -0.153654 -0.022954 0.706734 0 0.707107
377 1.28657 -4.13563 -0.153654 -0.022954 0.706734 0 0.707107
378 1.29657 -4.13563 -0.153654 -0.022954 0.706734 0 0.707107
379 1.30657 -4.13434 -0.150407 -0.022954 0.706734 0 0.707107
380 1.31657 -4.13434 -0.150407 -0.0183643 0.706868 0 0.707107
381 1.32657 -4.13434 -0.150407 -0.00918295 0.707047 0 0.707107
382 1.33657 -4.13434 -0.150407 -0.00918295 0.707047 0 0.707107
383 1.34657 -4.13174 -0.143913 -0.00918295 0.707047 0 0.707107
384 1.35657 -4.13044 -0.140667 -0.00918295 0.707047 0 0.707107
385 1.36657 -4.13044 -0.140667 -0.00459157 0.707092 0 0.707107
386 1.37657 -4.12914 -0.13742 -0 0.707107 0 0.707107
387 1.38657 -4.12914 -0.13742 -0 0.707107 0 0.707107
388 1.39657 -4.12784 -0.134173 -0 0.707107 0 0.707107
389 1.40657 -4.12784 -0.134173 -0 0.707107 0 0.707107
390 1.41657 -4.12784 -0.134173 -0 0.707107 0 0.707107
391 1.42657 -4.12784 -0.134173 -0 0.707107 0 0.707107
392 1.43657 -4.12784 -0.134173 -0 0.707107 0 0.707107
393 1.44657 -4.12784 -0.134173 -0 0.707107 0 0.707107
394 1.45657 -4.12524 -0.12768 -0 0.707107 0 0.707107
395 1.46657 -4.12524 -0.12768 -0 0.707107 0 0.707107
396 1.47657 -4.12524 -0.12768 -0 0.707107 0 0.707107
397 1.48657 -4.12524 -0.12768 -0 0.707107 0 0.707107
398 1.49657 -4.12524 -0.12768 -0 0.707107 0 0.707107
399 1.50657 -4.12524 -0.12768 -0 0.707107 0 0.707107
400 1.51657 -4.12524 -0.12768 -0 0.707107 0 0.707107
401 1.52657 -4.12524 -0.12768 -0 0.707107 0 0.707107
402 1.53657 -4.12524 -0.12768 -0 0.707107 0 0.707107
403 1.54657 -4.12524 -0.12768 -0 0.707107 0 0.707107
404 1.55657 -4.12524 -0.12768 -0 0.707107 0 0.707107
405 1.56657 -4.12524 -0.12768 -0 0.707107 0 0.707107
406 1.57657 -4.12524 -0.12768 -0 0.707107 0 0.707107
407 1.58657 -4.12524 -0.12768 0.00459157 0.707092 0 0.707107
408 1.59657 -4.12524 -0.12768 0.00918295 0.707047 0 0.707107
409 1.60657 -4.12524 -0.12768 0.00918295 0.707047 0 0.707107
410 1.61657 -4.12524 -0.12768 0.00918295 0.707047 0 0.707107
411 1.62657 -4.12524 -0.12768 0.00918295 0.707047 0 0.707107
412 1.63657 -4.12524 -0.12768 0.00918295 0.707047 0 0.707107
413 1.64657 -4.12524 -0.12768 0.00918295 0.707047 0 0.707107
414 1.65657 -4.12654 -0.130926 0.00918295 0.707047 0 0.707107
415 1.66657 -4.12654 -0.130926 0.00918295 0.707047 0 0.707107
416 1.67657 -4.12654 -0.130926 0.00918295 0.707047 0 0.707107
417 1.68657 -4.12654 -0.130926 0.00918295 0.707047 0 0.707107
418 1.69657 -4.12654 -0.130926 0.00918295 0.707047 0 0.707107
419 1.70657 -4.12654 -0.130926 0.00918295 0.707047 0 0.707107
420 1.71657 -4.12654 -0.130926 0.00918295 0.707047 0 0.707107
421 1.72657 -4.12654 -0.130926 0.00918295 0.707047 0 0.707107
422 1.73657 -4.12654 -0.130926 0.00918295 0.707047 0 0.707107
423 1.74657 -4.12654 -0.130926 0.00918295 0.707047 0 0.707107
424 1.75657 -4.12654 -0.130926 0.00918295 0.707047 0 0.707107
425 1.76657 -4.12654 -0.130926 0.00459157 0.707092 0 0.707107
426 1.77657 -4.12654 -0.130926 0.00459157 0.707092 0 0.707107
427 1.78657 -4.12654 -0.130926 0.00459157 0.707092 0 0.707107
428 1.79657 -4.12784 -0.134173 0.00459157 0.707092 0 0.707107
429 1.80657 -4.12784 -0.134173 0.00459157 0.707092 0 0.707107
430 1.81657 -4.12784 -0.134173 0.00459157 0.707092 0 0.707107
431 1.82657 -4.12784 -0.134173 0.00459157 0.707092 0 0.707107
432 1.83657 -4.12784 -0.134173 -0 0.707107 0 0.707107
433 1.84657 -4.12784 -0.134173 -0 0.707107 0 0.707107
434 1.85657 -4.12784 -0.134173 -0 0.707107 0 0.707107
435 1.86657 -4.12784 -0.134173 -0 0.707107 0 0.707107
436 1.87657 -4.12784 -0.134173 -0 0.707107 0 0.707107
437 1.88657 -4.12784 -0.134173 -0.00459157 0.707092 0 0.707107
438 1.89657 -4.13044 -0.140667 -0.00459157 0.707092 0 0.707107
439 1.90657 -4.13044 -0.140667 -0.00918295 0.707047 0 0.707107
440 1.91657 -4.13044 -0.140667 -0.0137739 0.706973 0 0.707107
441 1.92657 -4.13044 -0.140667 -0.0137739 0.706973 0 0.707107
442 1.93657 -4.13044 -0.140667 -0.0137739 0.706973 0 0.707107
443 1.94657 -4.13044 -0.140667 -0.0137739 0.706973 0 0.707107
444 1.95657 -4.13174 -0.143913 -0.0137739 0.706973 0 0.707107
445 1.96657 -4.13174 -0.143913 -0.0183643 0.706868 0 0.707107
446 1.97657 -4.13304 -0.14716 -0.0183643 0.706868 0 0.707107
447 1.98657 -4.13434 -0.150407 -0.022954 0.706734 0 0.707107
448 1.99657 -4.13434 -0.150407 -0.022954 0.706734 0 0.707107
449 2.00657 -4.13563 -0.153654 -0.022954 0.706734 0 0.707107
