0.5 1.0 0.5 0.0 1.0 0.5
0.500019038468 0.995636732251 0.5 3.80769358288e-05 0.991273464502 0.5
0.500076152422 0.991273796781 0.5 0.000152304843609 0.982547593563 0.5
0.500171337512 0.986911525846 0.5 0.000342675024443 0.973823051692 0.5
0.50030458649 0.982550251649 0.5 0.000609172980904 0.965100503297 0.5
0.500475889209 0.978190306317 0.5 0.000951778418142 0.956380612635 0.5
0.500685232623 0.973832021879 0.5 0.00137046524543 0.947664043757 0.5
0.500932600789 0.969475730233 0.5 0.00186520157813 0.938951460465 0.5
0.50121797487 0.965121763128 0.5 0.00243594974018 0.930243526256 0.5
0.501541333133 0.960770452136 0.5 0.00308266626687 0.921540904272 0.5
0.501902650954 0.956422128626 0.5 0.00380530190825 0.912844257252 0.5
0.502301900816 0.95207712374 0.5 0.00460380163282 0.90415424748 0.5
0.502739052316 0.947735768366 0.5 0.00547810463173 0.895471536732 0.5
0.503214072162 0.943398393116 0.5 0.00642814432341 0.886796786232 0.5
0.503726924179 0.939065328297 0.5 0.00745384835868 0.878130656595 0.5
0.504277569313 0.93473690389 0.5 0.00855513862619 0.86947380778 0.5
0.504865965629 0.93041344952 0.5 0.00973193125843 0.86082689904 0.5
0.505492068319 0.926095294435 0.5 0.0109841366381 0.85219058887 0.5
0.506155829702 0.92178276748 0.5 0.0123116594049 0.84356553496 0.5
0.506857199231 0.91747619707 0.5 0.0137143984628 0.834952394139 0.5
0.507596123494 0.913175911167 0.5 0.0151922469878 0.826351822333 0.5
0.508372546218 0.908882237254 0.5 0.016745092436 0.817764474508 0.5
0.509186408276 0.904595502312 0.5 0.0183728165523 0.809191004623 0.5
0.51003764769 0.900316032791 0.5 0.0200752953792 0.800632065583 0.5
0.510926199633 0.896044154591 0.5 0.0218523992662 0.792088309182 0.5
0.51185199644 0.891780193031 0.5 0.0237039928801 0.783560386062 0.5
0.512814967607 0.887524472828 0.5 0.0256299352148 0.775048945656 0.5
0.513815039801 0.883277318072 0.5 0.0276300796023 0.766554636144 0.5
0.514852136862 0.8790390522 0.5 0.029704273724 0.7580781044 0.5
0.515926179811 0.874809997973 0.5 0.0318523596219 0.749619995946 0.5
0.517037086855 0.870590477449 0.5 0.0340741737109 0.741180954897 0.5
0.518184773396 0.866380811961 0.5 0.0363695467914 0.732761623922 0.5
0.519369152031 0.862181322092 0.5 0.0387383040617 0.724362644183 0.5
0.520590132566 0.857992327648 0.5 0.0411802651318 0.715984655296 0.5
0.521847622018 0.853814147639 0.5 0.043695244037 0.707628295277 0.5
0.523141524626 0.849647100248 0.5 0.0462830492518 0.699294200496 0.5
0.524471741852 0.845491502813 0.5 0.0489434837048 0.690983005625 0.5
0.525838172397 0.841347671797 0.5 0.0516763447938 0.682695343595 0.5
0.5272407122 0.837215922771 0.5 0.0544814244007 0.674431845543 0.5
0.528679254454 0.833096570383 0.5 0.0573585089078 0.666193140766 0.5
0.530153689607 0.828989928337 0.5 0.0603073792141 0.657979856674 0.5
0.531663905376 0.82489630937 0.5 0.0633278107516 0.649792618741 0.5
0.533209786751 0.820816025227 0.5 0.0664195735028 0.641632050455 0.5
0.534791216009 0.816749386638 0.5 0.069582432018 0.633498773276 0.5
0.536408072717 0.812696703292 0.5 0.0728161454332 0.625393406584 0.5
0.538060233744 0.808658283817 0.5 0.0761204674887 0.617316567635 0.5
0.539747573274 0.804634435755 0.5 0.0794951465476 0.609268871511 0.5
0.541469962807 0.800625465537 0.5 0.0829399256149 0.601250931075 0.5
0.543227271179 0.796631678462 0.5 0.0864545423574 0.593263356924 0.5
0.545019364562 0.792653378672 0.5 0.0900387291235 0.585306757344 0.5
0.546846106482 0.78869086913 0.5 0.0936922129633 0.577381738259 0.5
0.548707357825 0.784744451596 0.5 0.0974147156501 0.569488903192 0.5
0.55060297685 0.780814426605 0.5 0.101205953701 0.561628853211 0.5
0.552532819199 0.776901093445 0.5 0.105065638398 0.55380218689 0.5
0.554496737906 0.77300475013 0.5 0.108993475812 0.54600950026 0.5
0.556494583411 0.769125693382 0.5 0.112989166822 0.538251386765 0.5
0.558526203571 0.765264218607 0.5 0.117052407141 0.530528437214 0.5
0.560591443669 0.76142061987 0.5 0.121182887338 0.52284123974 0.5
0.56269014643 0.757595189877 0.5 0.125380292861 0.515190379754 0.5
0.56482215203 0.753788219948 0.5 0.12964430406 0.507576439897 0.5
0.566987298108 0.75 0.5 0.133974596216 0.5 0.5
0.569185419779 0.74623081852 0.5 0.138370839558 0.492461637039 0.5
0.571416349649 0.742480962545 0.5 0.142832699298 0.48496192509 0.5
0.573679917823 0.738750717642 0.5 0.147359835646 0.477501435284 0.5
0.575975951922 0.735040367883 0.5 0.151951903844 0.470080735767 0.5
0.578304277094 0.731350195827 0.5 0.156608554187 0.462700391653 0.5
0.580664716027 0.727680482492 0.5 0.161329432055 0.455360964985 0.5
0.583057088966 0.724031507344 0.5 0.166114177933 0.448063014688 0.5
0.585481213722 0.720403548265 0.5 0.170962427445 0.440807096529 0.5
0.587936905689 0.716796881538 0.5 0.175873811378 0.433593763075 0.5
0.590423977856 0.713211781824 0.5 0.180847955711 0.426423563649 0.5
0.592942240822 0.709648522145 0.5 0.185884481644 0.419297044289 0.5
0.595491502813 0.706107373854 0.5 0.190983005625 0.412214747708 0.5
0.598071569691 0.702588606624 0.5 0.196143139383 0.405177213249 0.5
0.600682244976 0.699092488424 0.5 0.201364489953 0.398184976848 0.5
0.603323329854 0.695619285496 0.5 0.206646659709 0.391238570991 0.5
0.605994623197 0.692169262337 0.5 0.211989246393 0.384338524674 0.5
0.608695921574 0.688742681681 0.5 0.217391843148 0.377485363362 0.5
0.611427019272 0.685339804475 0.5 0.222854038543 0.37067960895 0.5
0.614187708306 0.681960889861 0.5 0.228375416612 0.363921779722 0.5
0.616977778441 0.678606195157 0.5 0.233955556881 0.357212390313 0.5
0.6197970172 0.675275975835 0.5 0.2395940344 0.35055195167 0.5
0.622645209889 0.671970485505 0.5 0.245290419777 0.343940971009 0.5
0.625522139605 0.668689975892 0.5 0.251044279211 0.337379951784 0.5
0.628427587261 0.665434696821 0.5 0.256855174523 0.330869393641 0.5
0.631361331595 0.662204896192 0.5 0.26272266319 0.324409792384 0.5
0.63432314919 0.659000819969 0.5 0.268646298381 0.318001639938 0.5
0.637312814494 0.655822712153 0.5 0.274625628988 0.311645424306 0.5
0.640330099831 0.652670814771 0.5 0.280660199661 0.305341629541 0.5
0.643374775423 0.64954536785 0.5 0.286749550846 0.2990907357 0.5
0.646446609407 0.646446609407 0.5 0.292893218813 0.292893218813 0.5
0.64954536785 0.643374775423 0.5 0.2990907357 0.286749550846 0.5
0.652670814771 0.640330099831 0.5 0.305341629541 0.280660199661 0.5
0.655822712153 0.637312814494 0.5 0.311645424306 0.274625628988 0.5
0.659000819969 0.63432314919 0.5 0.318001639938 0.268646298381 0.5
0.662204896192 0.631361331595 0.5 0.324409792384 0.26272266319 0.5
0.665434696821 0.628427587261 0.5 0.330869393641 0.256855174523 0.5
0.668689975892 0.625522139605 0.5 0.337379951784 0.251044279211 0.5
0.671970485505 0.622645209889 0.5 0.343940971009 0.245290419777 0.5
0.675275975835 0.6197970172 0.5 0.35055195167 0.2395940344 0.5
0.678606195157 0.616977778441 0.5 0.357212390313 0.233955556881 0.5
0.681960889861 0.614187708306 0.5 0.363921779722 0.228375416612 0.5
0.685339804475 0.611427019272 0.5 0.37067960895 0.222854038543 0.5
0.688742681681 0.608695921574 0.5 0.377485363362 0.217391843148 0.5
0.692169262337 0.605994623197 0.5 0.384338524674 0.211989246393 0.5
0.695619285496 0.603323329854 0.5 0.391238570991 0.206646659709 0.5
0.699092488424 0.600682244976 0.5 0.398184976848 0.201364489953 0.5
0.702588606624 0.598071569691 0.5 0.405177213249 0.196143139383 0.5
0.706107373854 0.595491502813 0.5 0.412214747708 0.190983005625 0.5
0.709648522145 0.592942240822 0.5 0.419297044289 0.185884481644 0.5
0.713211781824 0.590423977856 0.5 0.426423563649 0.180847955711 0.5
0.716796881538 0.587936905689 0.5 0.433593763075 0.175873811378 0.5
0.720403548265 0.585481213722 0.5 0.440807096529 0.170962427445 0.5
0.724031507344 0.583057088966 0.5 0.448063014688 0.166114177933 0.5
0.727680482492 0.580664716027 0.5 0.455360964985 0.161329432055 0.5
0.731350195827 0.578304277094 0.5 0.462700391653 0.156608554187 0.5
0.735040367883 0.575975951922 0.5 0.470080735767 0.151951903844 0.5
0.738750717642 0.573679917823 0.5 0.477501435284 0.147359835646 0.5
0.742480962545 0.571416349649 0.5 0.48496192509 0.142832699298 0.5
0.74623081852 0.569185419779 0.5 0.492461637039 0.138370839558 0.5
0.75 0.566987298108 0.5 0.5 0.133974596216 0.5
0.753788219948 0.56482215203 0.5 0.507576439897 0.12964430406 0.5
0.757595189877 0.56269014643 0.5 0.515190379754 0.125380292861 0.5
0.76142061987 0.560591443669 0.5 0.52284123974 0.121182887338 0.5
0.765264218607 0.558526203571 0.5 0.530528437214 0.117052407141 0.5
0.769125693382 0.556494583411 0.5 0.538251386765 0.112989166822 0.5
0.77300475013 0.554496737906 0.5 0.54600950026 0.108993475812 0.5
0.776901093445 0.552532819199 0.5 0.55380218689 0.105065638398 0.5
0.780814426605 0.55060297685 0.5 0.561628853211 0.101205953701 0.5
0.784744451596 0.548707357825 0.5 0.569488903192 0.0974147156501 0.5
0.78869086913 0.546846106482 0.5 0.577381738259 0.0936922129633 0.5
0.792653378672 0.545019364562 0.5 0.585306757344 0.0900387291235 0.5
0.796631678462 0.543227271179 0.5 0.593263356924 0.0864545423574 0.5
0.800625465537 0.541469962807 0.5 0.601250931075 0.0829399256149 0.5
0.804634435755 0.539747573274 0.5 0.609268871511 0.0794951465476 0.5
0.808658283817 0.538060233744 0.5 0.617316567635 0.0761204674887 0.5
0.812696703292 0.536408072717 0.5 0.625393406584 0.0728161454332 0.5
0.816749386638 0.534791216009 0.5 0.633498773276 0.069582432018 0.5
0.820816025227 0.533209786751 0.5 0.641632050455 0.0664195735028 0.5
0.82489630937 0.531663905376 0.5 0.649792618741 0.0633278107516 0.5
0.828989928337 0.530153689607 0.5 0.657979856674 0.0603073792141 0.5
0.833096570383 0.528679254454 0.5 0.666193140766 0.0573585089078 0.5
0.837215922771 0.5272407122 0.5 0.674431845543 0.0544814244007 0.5
0.841347671797 0.525838172397 0.5 0.682695343595 0.0516763447938 0.5
0.845491502813 0.524471741852 0.5 0.690983005625 0.0489434837048 0.5
0.849647100248 0.523141524626 0.5 0.699294200496 0.0462830492518 0.5
0.853814147639 0.521847622018 0.5 0.707628295277 0.043695244037 0.5
0.857992327648 0.520590132566 0.5 0.715984655296 0.0411802651318 0.5
0.862181322092 0.519369152031 0.5 0.724362644183 0.0387383040617 0.5
0.866380811961 0.518184773396 0.5 0.732761623922 0.0363695467914 0.5
0.870590477449 0.517037086855 0.5 0.741180954897 0.0340741737109 0.5
0.874809997973 0.515926179811 0.5 0.749619995946 0.0318523596219 0.5
0.8790390522 0.514852136862 0.5 0.7580781044 0.029704273724 0.5
0.883277318072 0.513815039801 0.5 0.766554636144 0.0276300796023 0.5
0.887524472828 0.512814967607 0.5 0.775048945656 0.0256299352148 0.5
0.891780193031 0.51185199644 0.5 0.783560386062 0.0237039928801 0.5
0.896044154591 0.510926199633 0.5 0.792088309182 0.0218523992662 0.5
0.900316032791 0.51003764769 0.5 0.800632065583 0.0200752953792 0.5
0.904595502312 0.509186408276 0.5 0.809191004623 0.0183728165523 0.5
0.908882237254 0.508372546218 0.5 0.817764474508 0.016745092436 0.5
0.913175911167 0.507596123494 0.5 0.826351822333 0.0151922469878 0.5
0.91747619707 0.506857199231 0.5 0.834952394139 0.0137143984628 0.5
0.92178276748 0.506155829702 0.5 0.84356553496 0.0123116594049 0.5
0.926095294435 0.505492068319 0.5 0.85219058887 0.0109841366381 0.5
0.93041344952 0.504865965629 0.5 0.86082689904 0.00973193125843 0.5
0.93473690389 0.504277569313 0.5 0.86947380778 0.00855513862619 0.5
0.939065328297 0.503726924179 0.5 0.878130656595 0.00745384835868 0.5
0.943398393116 0.503214072162 0.5 0.886796786232 0.00642814432341 0.5
0.947735768366 0.502739052316 0.5 0.895471536732 0.00547810463173 0.5
0.95207712374 0.502301900816 0.5 0.90415424748 0.00460380163282 0.5
0.956422128626 0.501902650954 0.5 0.912844257252 0.00380530190825 0.5
0.960770452136 0.501541333133 0.5 0.921540904272 0.00308266626687 0.5
0.965121763128 0.50121797487 0.5 0.930243526256 0.00243594974018 0.5
0.969475730233 0.500932600789 0.5 0.938951460465 0.00186520157813 0.5
0.973832021879 0.500685232623 0.5 0.947664043757 0.00137046524543 0.5
0.978190306317 0.500475889209 0.5 0.956380612635 0.000951778418142 0.5
0.982550251649 0.50030458649 0.5 0.965100503297 0.000609172980904 0.5
0.986911525846 0.500171337512 0.5 0.973823051692 0.000342675024443 0.5
0.991273796781 0.500076152422 0.5 0.982547593563 0.000152304843609 0.5
0.995636732251 0.500019038468 0.5 0.991273464502 3.80769358288e-05 0.5
1.0 0.5 0.5 1.0 0.0 0.5
1.00436326775 0.500019038468 0.5 1.0087265355 3.80769358288e-05 0.5
1.00872620322 0.500076152422 0.5 1.01745240644 0.000152304843609 0.5
1.01308847415 0.500171337512 0.5 1.02617694831 0.000342675024443 0.5
1.01744974835 0.50030458649 0.5 1.0348994967 0.000609172980904 0.5
1.02180969368 0.500475889209 0.5 1.04361938737 0.000951778418142 0.5
1.02616797812 0.500685232623 0.5 1.05233595624 0.00137046524543 0.5
1.03052426977 0.500932600789 0.5 1.06104853953 0.00186520157813 0.5
1.03487823687 0.50121797487 0.5 1.06975647374 0.00243594974018 0.5
1.03922954786 0.501541333133 0.5 1.07845909573 0.00308266626687 0.5
1.04357787137 0.501902650954 0.5 1.08715574275 0.00380530190825 0.5
1.04792287626 0.502301900816 0.5 1.09584575252 0.00460380163282 0.5
1.05226423163 0.502739052316 0.5 1.10452846327 0.00547810463173 0.5
1.05660160688 0.503214072162 0.5 1.11320321377 0.00642814432341 0.5
1.0609346717 0.503726924179 0.5 1.12186934341 0.00745384835868 0.5
1.06526309611 0.504277569313 0.5 1.13052619222 0.00855513862619 0.5
1.06958655048 0.504865965629 0.5 1.13917310096 0.00973193125843 0.5
1.07390470556 0.505492068319 0.5 1.14780941113 0.0109841366381 0.5
1.07821723252 0.506155829702 0.5 1.15643446504 0.0123116594049 0.5
1.08252380293 0.506857199231 0.5 1.16504760586 0.0137143984628 0.5
1.08682408883 0.507596123494 0.5 1.17364817767 0.0151922469878 0.5
1.09111776275 0.508372546218 0.5 1.18223552549 0.016745092436 0.5
1.09540449769 0.509186408276 0.5 1.19080899538 0.0183728165523 0.5
1.09968396721 0.51003764769 0.5 1.19936793442 0.0200752953792 0.5
1.10395584541 0.510926199633 0.5 1.20791169082 0.0218523992662 0.5
1.10821980697 0.51185199644 0.5 1.21643961394 0.0237039928801 0.5
1.11247552717 0.512814967607 0.5 1.22495105434 0.0256299352148 0.5
1.11672268193 0.513815039801 0.5 1.23344536386 0.0276300796023 0.5
1.1209609478 0.514852136862 0.5 1.2419218956 0.029704273724 0.5
1.12519000203 0.515926179811 0.5 1.25038000405 0.0318523596219 0.5
1.12940952255 0.517037086855 0.5 1.2588190451 0.0340741737109 0.5
1.13361918804 0.518184773396 0.5 1.26723837608 0.0363695467914 0.5
1.13781867791 0.519369152031 0.5 1.27563735582 0.0387383040617 0.5
1.14200767235 0.520590132566 0.5 1.2840153447 0.0411802651318 0.5
1.14618585236 0.521847622018 0.5 1.29237170472 0.043695244037 0.5
1.15035289975 0.523141524626 0.5 1.3007057995 0.0462830492518 0.5
1.15450849719 0.524471741852 0.5 1.30901699437 0.0489434837048 0.5
1.1586523282 0.525838172397 0.5 1.31730465641 0.0516763447938 0.5
1.16278407723 0.5272407122 0.5 1.32556815446 0.0544814244007 0.5
1.16690342962 0.528679254454 0.5 1.33380685923 0.0573585089078 0.5
1.17101007166 0.530153689607 0.5 1.34202014333 0.0603073792141 0.5
1.17510369063 0.531663905376 0.5 1.35020738126 0.0633278107516 0.5
1.17918397477 0.533209786751 0.5 1.35836794955 0.0664195735028 0.5
1.18325061336 0.534791216009 0.5 1.36650122672 0.069582432018 0.5
1.18730329671 0.536408072717 0.5 1.37460659342 0.0728161454332 0.5
1.19134171618 0.538060233744 0.5 1.38268343237 0.0761204674887 0.5
1.19536556424 0.539747573274 0.5 1.39073112849 0.0794951465476 0.5
1.19937453446 0.541469962807 0.5 1.39874906893 0.0829399256149 0.5
1.20336832154 0.543227271179 0.5 1.40673664308 0.0864545423574 0.5
1.20734662133 0.545019364562 0.5 1.41469324266 0.0900387291235 0.5
1.21130913087 0.546846106482 0.5 1.42261826174 0.0936922129633 0.5
1.2152555484 0.548707357825 0.5 1.43051109681 0.0974147156501 0.5
1.21918557339 0.55060297685 0.5 1.43837114679 0.101205953701 0.5
1.22309890655 0.552532819199 0.5 1.44619781311 0.105065638398 0.5
1.22699524987 0.554496737906 0.5 1.45399049974 0.108993475812 0.5
1.23087430662 0.556494583411 0.5 1.46174861324 0.112989166822 0.5
1.23473578139 0.558526203571 0.5 1.46947156279 0.117052407141 0.5
1.23857938013 0.560591443669 0.5 1.47715876026 0.121182887338 0.5
1.24240481012 0.56269014643 0.5 1.48480962025 0.125380292861 0.5
1.24621178005 0.56482215203 0.5 1.4924235601 0.12964430406 0.5
1.25 0.566987298108 0.5 1.5 0.133974596216 0.5
1.25376918148 0.569185419779 0.5 1.50753836296 0.138370839558 0.5
1.25751903746 0.571416349649 0.5 1.51503807491 0.142832699298 0.5
1.26124928236 0.573679917823 0.5 1.52249856472 0.147359835646 0.5
1.26495963212 0.575975951922 0.5 1.52991926423 0.151951903844 0.5
1.26864980417 0.578304277094 0.5 1.53729960835 0.156608554187 0.5
1.27231951751 0.580664716027 0.5 1.54463903502 0.161329432055 0.5
1.27596849266 0.583057088966 0.5 1.55193698531 0.166114177933 0.5
1.27959645174 0.585481213722 0.5 1.55919290347 0.170962427445 0.5
1.28320311846 0.587936905689 0.5 1.56640623692 0.175873811378 0.5
1.28678821818 0.590423977856 0.5 1.57357643635 0.180847955711 0.5
1.29035147786 0.592942240822 0.5 1.58070295571 0.185884481644 0.5
1.29389262615 0.595491502813 0.5 1.58778525229 0.190983005625 0.5
1.29741139338 0.598071569691 0.5 1.59482278675 0.196143139383 0.5
1.30090751158 0.600682244976 0.5 1.60181502315 0.201364489953 0.5
1.3043807145 0.603323329854 0.5 1.60876142901 0.206646659709 0.5
1.30783073766 0.605994623197 0.5 1.61566147533 0.211989246393 0.5
1.31125731832 0.608695921574 0.5 1.62251463664 0.217391843148 0.5
1.31466019552 0.611427019272 0.5 1.62932039105 0.222854038543 0.5
1.31803911014 0.614187708306 0.5 1.63607822028 0.228375416612 0.5
1.32139380484 0.616977778441 0.5 1.64278760969 0.233955556881 0.5
1.32472402417 0.6197970172 0.5 1.64944804833 0.2395940344 0.5
1.3280295145 0.622645209889 0.5 1.65605902899 0.245290419777 0.5
1.33131002411 0.625522139605 0.5 1.66262004822 0.251044279211 0.5
1.33456530318 0.628427587261 0.5 1.66913060636 0.256855174523 0.5
1.33779510381 0.631361331595 0.5 1.67559020762 0.26272266319 0.5
1.34099918003 0.63432314919 0.5 1.68199836006 0.268646298381 0.5
1.34417728785 0.637312814494 0.5 1.68835457569 0.274625628988 0.5
1.34732918523 0.640330099831 0.5 1.69465837046 0.280660199661 0.5
1.35045463215 0.643374775423 0.5 1.7009092643 0.286749550846 0.5
1.35355339059 0.646446609407 0.5 1.70710678119 0.292893218813 0.5
1.35662522458 0.64954536785 0.5 1.71325044915 0.2990907357 0.5
1.35966990017 0.652670814771 0.5 1.71933980034 0.305341629541 0.5
1.36268718551 0.655822712153 0.5 1.72537437101 0.311645424306 0.5
1.36567685081 0.659000819969 0.5 1.73135370162 0.318001639938 0.5
1.36863866841 0.662204896192 0.5 1.73727733681 0.324409792384 0.5
1.37157241274 0.665434696821 0.5 1.74314482548 0.330869393641 0.5
1.37447786039 0.668689975892 0.5 1.74895572079 0.337379951784 0.5
1.37735479011 0.671970485505 0.5 1.75470958022 0.343940971009 0.5
1.3802029828 0.675275975835 0.5 1.7604059656 0.35055195167 0.5
1.38302222156 0.678606195157 0.5 1.76604444312 0.357212390313 0.5
1.38581229169 0.681960889861 0.5 1.77162458339 0.363921779722 0.5
1.38857298073 0.685339804475 0.5 1.77714596146 0.37067960895 0.5
1.39130407843 0.688742681681 0.5 1.78260815685 0.377485363362 0.5
1.3940053768 0.692169262337 0.5 1.78801075361 0.384338524674 0.5
1.39667667015 0.695619285496 0.5 1.79335334029 0.391238570991 0.5
1.39931775502 0.699092488424 0.5 1.79863551005 0.398184976848 0.5
1.40192843031 0.702588606624 0.5 1.80385686062 0.405177213249 0.5
1.40450849719 0.706107373854 0.5 1.80901699437 0.412214747708 0.5
1.40705775918 0.709648522145 0.5 1.81411551836 0.419297044289 0.5
1.40957602214 0.713211781824 0.5 1.81915204429 0.426423563649 0.5
1.41206309431 0.716796881538 0.5 1.82412618862 0.433593763075 0.5
1.41451878628 0.720403548265 0.5 1.82903757256 0.440807096529 0.5
1.41694291103 0.724031507344 0.5 1.83388582207 0.448063014688 0.5
1.41933528397 0.727680482492 0.5 1.83867056795 0.455360964985 0.5
1.42169572291 0.731350195827 0.5 1.84339144581 0.462700391653 0.5
1.42402404808 0.735040367883 0.5 1.84804809616 0.470080735767 0.5
1.42632008218 0.738750717642 0.5 1.85264016435 0.477501435284 0.5
1.42858365035 0.742480962545 0.5 1.8571673007 0.48496192509 0.5
1.43081458022 0.74623081852 0.5 1.86162916044 0.492461637039 0.5
1.43301270189 0.75 0.5 1.86602540378 0.5 0.5
1.43517784797 0.753788219948 0.5 1.87035569594 0.507576439897 0.5
1.43730985357 0.757595189877 0.5 1.87461970714 0.515190379754 0.5
1.43940855633 0.76142061987 0.5 1.87881711266 0.52284123974 0.5
1.44147379643 0.765264218607 0.5 1.88294759286 0.530528437214 0.5
1.44350541659 0.769125693382 0.5 1.88701083318 0.538251386765 0.5
1.44550326209 0.77300475013 0.5 1.89100652419 0.54600950026 0.5
1.4474671808 0.776901093445 0.5 1.8949343616 0.55380218689 0.5
1.44939702315 0.780814426605 0.5 1.8987940463 0.561628853211 0.5
1.45129264217 0.784744451596 0.5 1.90258528435 0.569488903192 0.5
1.45315389352 0.78869086913 0.5 1.90630778704 0.577381738259 0.5
1.45498063544 0.792653378672 0.5 1.90996127088 0.585306757344 0.5
1.45677272882 0.796631678462 0.5 1.91354545764 0.593263356924 0.5
1.45853003719 0.800625465537 0.5 1.91706007439 0.601250931075 0.5
1.46025242673 0.804634435755 0.5 1.92050485345 0.609268871511 0.5
1.46193976626 0.808658283817 0.5 1.92387953251 0.617316567635 0.5
1.46359192728 0.812696703292 0.5 1.92718385457 0.625393406584 0.5
1.46520878399 0.816749386638 0.5 1.93041756798 0.633498773276 0.5
1.46679021325 0.820816025227 0.5 1.9335804265 0.641632050455 0.5
1.46833609462 0.82489630937 0.5 1.93667218925 0.649792618741 0.5
1.46984631039 0.828989928337 0.5 1.93969262079 0.657979856674 0.5
1.47132074555 0.833096570383 0.5 1.94264149109 0.666193140766 0.5
1.4727592878 0.837215922771 0.5 1.9455185756 0.674431845543 0.5
1.4741618276 0.841347671797 0.5 1.94832365521 0.682695343595 0.5
1.47552825815 0.845491502813 0.5 1.9510565163 0.690983005625 0.5
1.47685847537 0.849647100248 0.5 1.95371695075 0.699294200496 0.5
1.47815237798 0.853814147639 0.5 1.95630475596 0.707628295277 0.5
1.47940986743 0.857992327648 0.5 1.95881973487 0.715984655296 0.5
1.48063084797 0.862181322092 0.5 1.96126169594 0.724362644183 0.5
1.4818152266 0.866380811961 0.5 1.96363045321 0.732761623922 0.5
1.48296291314 0.870590477449 0.5 1.96592582629 0.741180954897 0.5
1.48407382019 0.874809997973 0.5 1.96814764038 0.749619995946 0.5
1.48514786314 0.8790390522 0.5 1.97029572628 0.7580781044 0.5
1.4861849602 0.883277318072 0.5 1.9723699204 0.766554636144 0.5
1.48718503239 0.887524472828 0.5 1.97437006479 0.775048945656 0.5
1.48814800356 0.891780193031 0.5 1.97629600712 0.783560386062 0.5
1.48907380037 0.896044154591 0.5 1.97814760073 0.792088309182 0.5
1.48996235231 0.900316032791 0.5 1.97992470462 0.800632065583 0.5
1.49081359172 0.904595502312 0.5 1.98162718345 0.809191004623 0.5
1.49162745378 0.908882237254 0.5 1.98325490756 0.817764474508 0.5
1.49240387651 0.913175911167 0.5 1.98480775301 0.826351822333 0.5
1.49314280077 0.91747619707 0.5 1.98628560154 0.834952394139 0.5
1.4938441703 0.92178276748 0.5 1.9876883406 0.84356553496 0.5
1.49450793168 0.926095294435 0.5 1.98901586336 0.85219058887 0.5
1.49513403437 0.93041344952 0.5 1.99026806874 0.86082689904 0.5
1.49572243069 0.93473690389 0.5 1.99144486137 0.86947380778 0.5
1.49627307582 0.939065328297 0.5 1.99254615164 0.878130656595 0.5
1.49678592784 0.943398393116 0.5 1.99357185568 0.886796786232 0.5
1.49726094768 0.947735768366 0.5 1.99452189537 0.895471536732 0.5
1.49769809918 0.95207712374 0.5 1.99539619837 0.90415424748 0.5
1.49809734905 0.956422128626 0.5 1.99619469809 0.912844257252 0.5
1.49845866687 0.960770452136 0.5 1.99691733373 0.921540904272 0.5
1.49878202513 0.965121763128 0.5 1.99756405026 0.930243526256 0.5
1.49906739921 0.969475730233 0.5 1.99813479842 0.938951460465 0.5
1.49931476738 0.973832021879 0.5 1.99862953475 0.947664043757 0.5
1.49952411079 0.978190306317 0.5 1.99904822158 0.956380612635 0.5
1.49969541351 0.982550251649 0.5 1.99939082702 0.965100503297 0.5
1.49982866249 0.986911525846 0.5 1.99965732498 0.973823051692 0.5
1.49992384758 0.991273796781 0.5 1.99984769516 0.982547593563 0.5
1.49998096153 0.995636732251 0.5 1.99996192306 0.991273464502 0.5
1.5 1.0 0.5 2.0 1.0 0.5
1.49998096153 1.00436326775 0.5 1.99996192306 1.0087265355 0.5
1.49992384758 1.00872620322 0.5 1.99984769516 1.01745240644 0.5
1.49982866249 1.01308847415 0.5 1.99965732498 1.02617694831 0.5
1.49969541351 1.01744974835 0.5 1.99939082702 1.0348994967 0.5
1.49952411079 1.02180969368 0.5 1.99904822158 1.04361938737 0.5
1.49931476738 1.02616797812 0.5 1.99862953475 1.05233595624 0.5
1.49906739921 1.03052426977 0.5 1.99813479842 1.06104853953 0.5
1.49878202513 1.03487823687 0.5 1.99756405026 1.06975647374 0.5
1.49845866687 1.03922954786 0.5 1.99691733373 1.07845909573 0.5
1.49809734905 1.04357787137 0.5 1.99619469809 1.08715574275 0.5
1.49769809918 1.04792287626 0.5 1.99539619837 1.09584575252 0.5
1.49726094768 1.05226423163 0.5 1.99452189537 1.10452846327 0.5
1.49678592784 1.05660160688 0.5 1.99357185568 1.11320321377 0.5
1.49627307582 1.0609346717 0.5 1.99254615164 1.12186934341 0.5
1.49572243069 1.06526309611 0.5 1.99144486137 1.13052619222 0.5
1.49513403437 1.06958655048 0.5 1.99026806874 1.13917310096 0.5
1.49450793168 1.07390470556 0.5 1.98901586336 1.14780941113 0.5
1.4938441703 1.07821723252 0.5 1.9876883406 1.15643446504 0.5
1.49314280077 1.08252380293 0.5 1.98628560154 1.16504760586 0.5
1.49240387651 1.08682408883 0.5 1.98480775301 1.17364817767 0.5
1.49162745378 1.09111776275 0.5 1.98325490756 1.18223552549 0.5
1.49081359172 1.09540449769 0.5 1.98162718345 1.19080899538 0.5
1.48996235231 1.09968396721 0.5 1.97992470462 1.19936793442 0.5
1.48907380037 1.10395584541 0.5 1.97814760073 1.20791169082 0.5
1.48814800356 1.10821980697 0.5 1.97629600712 1.21643961394 0.5
1.48718503239 1.11247552717 0.5 1.97437006479 1.22495105434 0.5
1.4861849602 1.11672268193 0.5 1.9723699204 1.23344536386 0.5
1.48514786314 1.1209609478 0.5 1.97029572628 1.2419218956 0.5
1.48407382019 1.12519000203 0.5 1.96814764038 1.25038000405 0.5
1.48296291314 1.12940952255 0.5 1.96592582629 1.2588190451 0.5
1.4818152266 1.13361918804 0.5 1.96363045321 1.26723837608 0.5
1.48063084797 1.13781867791 0.5 1.96126169594 1.27563735582 0.5
1.47940986743 1.14200767235 0.5 1.95881973487 1.2840153447 0.5
1.47815237798 1.14618585236 0.5 1.95630475596 1.29237170472 0.5
1.47685847537 1.15035289975 0.5 1.95371695075 1.3007057995 0.5
1.47552825815 1.15450849719 0.5 1.9510565163 1.30901699437 0.5
1.4741618276 1.1586523282 0.5 1.94832365521 1.31730465641 0.5
1.4727592878 1.16278407723 0.5 1.9455185756 1.32556815446 0.5
1.47132074555 1.16690342962 0.5 1.94264149109 1.33380685923 0.5
1.46984631039 1.17101007166 0.5 1.93969262079 1.34202014333 0.5
1.46833609462 1.17510369063 0.5 1.93667218925 1.35020738126 0.5
1.46679021325 1.17918397477 0.5 1.9335804265 1.35836794955 0.5
1.46520878399 1.18325061336 0.5 1.93041756798 1.36650122672 0.5
1.46359192728 1.18730329671 0.5 1.92718385457 1.37460659342 0.5
1.46193976626 1.19134171618 0.5 1.92387953251 1.38268343237 0.5
1.46025242673 1.19536556424 0.5 1.92050485345 1.39073112849 0.5
1.45853003719 1.19937453446 0.5 1.91706007439 1.39874906893 0.5
1.45677272882 1.20336832154 0.5 1.91354545764 1.40673664308 0.5
1.45498063544 1.20734662133 0.5 1.90996127088 1.41469324266 0.5
1.45315389352 1.21130913087 0.5 1.90630778704 1.42261826174 0.5
1.45129264217 1.2152555484 0.5 1.90258528435 1.43051109681 0.5
1.44939702315 1.21918557339 0.5 1.8987940463 1.43837114679 0.5
1.4474671808 1.22309890655 0.5 1.8949343616 1.44619781311 0.5
1.44550326209 1.22699524987 0.5 1.89100652419 1.45399049974 0.5
1.44350541659 1.23087430662 0.5 1.88701083318 1.46174861324 0.5
1.44147379643 1.23473578139 0.5 1.88294759286 1.46947156279 0.5
1.43940855633 1.23857938013 0.5 1.87881711266 1.47715876026 0.5
1.43730985357 1.24240481012 0.5 1.87461970714 1.48480962025 0.5
1.43517784797 1.24621178005 0.5 1.87035569594 1.4924235601 0.5
1.43301270189 1.25 0.5 1.86602540378 1.5 0.5
1.43081458022 1.25376918148 0.5 1.86162916044 1.50753836296 0.5
1.42858365035 1.25751903746 0.5 1.8571673007 1.51503807491 0.5
1.42632008218 1.26124928236 0.5 1.85264016435 1.52249856472 0.5
1.42402404808 1.26495963212 0.5 1.84804809616 1.52991926423 0.5
1.42169572291 1.26864980417 0.5 1.84339144581 1.53729960835 0.5
1.41933528397 1.27231951751 0.5 1.83867056795 1.54463903502 0.5
1.41694291103 1.27596849266 0.5 1.83388582207 1.55193698531 0.5
1.41451878628 1.27959645174 0.5 1.82903757256 1.55919290347 0.5
1.41206309431 1.28320311846 0.5 1.82412618862 1.56640623692 0.5
1.40957602214 1.28678821818 0.5 1.81915204429 1.57357643635 0.5
1.40705775918 1.29035147786 0.5 1.81411551836 1.58070295571 0.5
1.40450849719 1.29389262615 0.5 1.80901699437 1.58778525229 0.5
1.40192843031 1.29741139338 0.5 1.80385686062 1.59482278675 0.5
1.39931775502 1.30090751158 0.5 1.79863551005 1.60181502315 0.5
1.39667667015 1.3043807145 0.5 1.79335334029 1.60876142901 0.5
1.3940053768 1.30783073766 0.5 1.78801075361 1.61566147533 0.5
1.39130407843 1.31125731832 0.5 1.78260815685 1.62251463664 0.5
1.38857298073 1.31466019552 0.5 1.77714596146 1.62932039105 0.5
1.38581229169 1.31803911014 0.5 1.77162458339 1.63607822028 0.5
1.38302222156 1.32139380484 0.5 1.76604444312 1.64278760969 0.5
1.3802029828 1.32472402417 0.5 1.7604059656 1.64944804833 0.5
1.37735479011 1.3280295145 0.5 1.75470958022 1.65605902899 0.5
1.37447786039 1.33131002411 0.5 1.74895572079 1.66262004822 0.5
1.37157241274 1.33456530318 0.5 1.74314482548 1.66913060636 0.5
1.36863866841 1.33779510381 0.5 1.73727733681 1.67559020762 0.5
1.36567685081 1.34099918003 0.5 1.73135370162 1.68199836006 0.5
1.36268718551 1.34417728785 0.5 1.72537437101 1.68835457569 0.5
1.35966990017 1.34732918523 0.5 1.71933980034 1.69465837046 0.5
1.35662522458 1.35045463215 0.5 1.71325044915 1.7009092643 0.5
1.35355339059 1.35355339059 0.5 1.70710678119 1.70710678119 0.5
1.35045463215 1.35662522458 0.5 1.7009092643 1.71325044915 0.5
1.34732918523 1.35966990017 0.5 1.69465837046 1.71933980034 0.5
1.34417728785 1.36268718551 0.5 1.68835457569 1.72537437101 0.5
1.34099918003 1.36567685081 0.5 1.68199836006 1.73135370162 0.5
1.33779510381 1.36863866841 0.5 1.67559020762 1.73727733681 0.5
1.33456530318 1.37157241274 0.5 1.66913060636 1.74314482548 0.5
1.33131002411 1.37447786039 0.5 1.66262004822 1.74895572079 0.5
1.3280295145 1.37735479011 0.5 1.65605902899 1.75470958022 0.5
1.32472402417 1.3802029828 0.5 1.64944804833 1.7604059656 0.5
1.32139380484 1.38302222156 0.5 1.64278760969 1.76604444312 0.5
1.31803911014 1.38581229169 0.5 1.63607822028 1.77162458339 0.5
1.31466019552 1.38857298073 0.5 1.62932039105 1.77714596146 0.5
1.31125731832 1.39130407843 0.5 1.62251463664 1.78260815685 0.5
1.30783073766 1.3940053768 0.5 1.61566147533 1.78801075361 0.5
1.3043807145 1.39667667015 0.5 1.60876142901 1.79335334029 0.5
1.30090751158 1.39931775502 0.5 1.60181502315 1.79863551005 0.5
1.29741139338 1.40192843031 0.5 1.59482278675 1.80385686062 0.5
1.29389262615 1.40450849719 0.5 1.58778525229 1.80901699437 0.5
1.29035147786 1.40705775918 0.5 1.58070295571 1.81411551836 0.5
1.28678821818 1.40957602214 0.5 1.57357643635 1.81915204429 0.5
1.28320311846 1.41206309431 0.5 1.56640623692 1.82412618862 0.5
1.27959645174 1.41451878628 0.5 1.55919290347 1.82903757256 0.5
1.27596849266 1.41694291103 0.5 1.55193698531 1.83388582207 0.5
1.27231951751 1.41933528397 0.5 1.54463903502 1.83867056795 0.5
1.26864980417 1.42169572291 0.5 1.53729960835 1.84339144581 0.5
1.26495963212 1.42402404808 0.5 1.52991926423 1.84804809616 0.5
1.26124928236 1.42632008218 0.5 1.52249856472 1.85264016435 0.5
1.25751903746 1.42858365035 0.5 1.51503807491 1.8571673007 0.5
1.25376918148 1.43081458022 0.5 1.50753836296 1.86162916044 0.5
1.25 1.43301270189 0.5 1.5 1.86602540378 0.5
1.24621178005 1.43517784797 0.5 1.4924235601 1.87035569594 0.5
1.24240481012 1.43730985357 0.5 1.48480962025 1.87461970714 0.5
1.23857938013 1.43940855633 0.5 1.47715876026 1.87881711266 0.5
1.23473578139 1.44147379643 0.5 1.46947156279 1.88294759286 0.5
1.23087430662 1.44350541659 0.5 1.46174861324 1.88701083318 0.5
1.22699524987 1.44550326209 0.5 1.45399049974 1.89100652419 0.5
1.22309890655 1.4474671808 0.5 1.44619781311 1.8949343616 0.5
1.21918557339 1.44939702315 0.5 1.43837114679 1.8987940463 0.5
1.2152555484 1.45129264217 0.5 1.43051109681 1.90258528435 0.5
1.21130913087 1.45315389352 0.5 1.42261826174 1.90630778704 0.5
1.20734662133 1.45498063544 0.5 1.41469324266 1.90996127088 0.5
1.20336832154 1.45677272882 0.5 1.40673664308 1.91354545764 0.5
1.19937453446 1.45853003719 0.5 1.39874906893 1.91706007439 0.5
1.19536556424 1.46025242673 0.5 1.39073112849 1.92050485345 0.5
1.19134171618 1.46193976626 0.5 1.38268343237 1.92387953251 0.5
1.18730329671 1.46359192728 0.5 1.37460659342 1.92718385457 0.5
1.18325061336 1.46520878399 0.5 1.36650122672 1.93041756798 0.5
1.17918397477 1.46679021325 0.5 1.35836794955 1.9335804265 0.5
1.17510369063 1.46833609462 0.5 1.35020738126 1.93667218925 0.5
1.17101007166 1.46984631039 0.5 1.34202014333 1.93969262079 0.5
1.16690342962 1.47132074555 0.5 1.33380685923 1.94264149109 0.5
1.16278407723 1.4727592878 0.5 1.32556815446 1.9455185756 0.5
1.1586523282 1.4741618276 0.5 1.31730465641 1.94832365521 0.5
1.15450849719 1.47552825815 0.5 1.30901699437 1.9510565163 0.5
1.15035289975 1.47685847537 0.5 1.3007057995 1.95371695075 0.5
1.14618585236 1.47815237798 0.5 1.29237170472 1.95630475596 0.5
1.14200767235 1.47940986743 0.5 1.2840153447 1.95881973487 0.5
1.13781867791 1.48063084797 0.5 1.27563735582 1.96126169594 0.5
1.13361918804 1.4818152266 0.5 1.26723837608 1.96363045321 0.5
1.12940952255 1.48296291314 0.5 1.2588190451 1.96592582629 0.5
1.12519000203 1.48407382019 0.5 1.25038000405 1.96814764038 0.5
1.1209609478 1.48514786314 0.5 1.2419218956 1.97029572628 0.5
1.11672268193 1.4861849602 0.5 1.23344536386 1.9723699204 0.5
1.11247552717 1.48718503239 0.5 1.22495105434 1.97437006479 0.5
1.10821980697 1.48814800356 0.5 1.21643961394 1.97629600712 0.5
1.10395584541 1.48907380037 0.5 1.20791169082 1.97814760073 0.5
1.09968396721 1.48996235231 0.5 1.19936793442 1.97992470462 0.5
1.09540449769 1.49081359172 0.5 1.19080899538 1.98162718345 0.5
1.09111776275 1.49162745378 0.5 1.18223552549 1.98325490756 0.5
1.08682408883 1.49240387651 0.5 1.17364817767 1.98480775301 0.5
1.08252380293 1.49314280077 0.5 1.16504760586 1.98628560154 0.5
1.07821723252 1.4938441703 0.5 1.15643446504 1.9876883406 0.5
1.07390470556 1.49450793168 0.5 1.14780941113 1.98901586336 0.5
1.06958655048 1.49513403437 0.5 1.13917310096 1.99026806874 0.5
1.06526309611 1.49572243069 0.5 1.13052619222 1.99144486137 0.5
1.0609346717 1.49627307582 0.5 1.12186934341 1.99254615164 0.5
1.05660160688 1.49678592784 0.5 1.11320321377 1.99357185568 0.5
1.05226423163 1.49726094768 0.5 1.10452846327 1.99452189537 0.5
1.04792287626 1.49769809918 0.5 1.09584575252 1.99539619837 0.5
1.04357787137 1.49809734905 0.5 1.08715574275 1.99619469809 0.5
1.03922954786 1.49845866687 0.5 1.07845909573 1.99691733373 0.5
1.03487823687 1.49878202513 0.5 1.06975647374 1.99756405026 0.5
1.03052426977 1.49906739921 0.5 1.06104853953 1.99813479842 0.5
1.02616797812 1.49931476738 0.5 1.05233595624 1.99862953475 0.5
1.02180969368 1.49952411079 0.5 1.04361938737 1.99904822158 0.5
1.01744974835 1.49969541351 0.5 1.0348994967 1.99939082702 0.5
1.01308847415 1.49982866249 0.5 1.02617694831 1.99965732498 0.5
1.00872620322 1.49992384758 0.5 1.01745240644 1.99984769516 0.5
1.00436326775 1.49998096153 0.5 1.0087265355 1.99996192306 0.5
1.0 1.5 0.5 1.0 2.0 0.5
0.995636732251 1.49998096153 0.5 0.991273464502 1.99996192306 0.5
0.991273796781 1.49992384758 0.5 0.982547593563 1.99984769516 0.5
0.986911525846 1.49982866249 0.5 0.973823051692 1.99965732498 0.5
0.982550251649 1.49969541351 0.5 0.965100503297 1.99939082702 0.5
0.978190306317 1.49952411079 0.5 0.956380612635 1.99904822158 0.5
0.973832021879 1.49931476738 0.5 0.947664043757 1.99862953475 0.5
0.969475730233 1.49906739921 0.5 0.938951460465 1.99813479842 0.5
0.965121763128 1.49878202513 0.5 0.930243526256 1.99756405026 0.5
0.960770452136 1.49845866687 0.5 0.921540904272 1.99691733373 0.5
0.956422128626 1.49809734905 0.5 0.912844257252 1.99619469809 0.5
0.95207712374 1.49769809918 0.5 0.90415424748 1.99539619837 0.5
0.947735768366 1.49726094768 0.5 0.895471536732 1.99452189537 0.5
0.943398393116 1.49678592784 0.5 0.886796786232 1.99357185568 0.5
0.939065328297 1.49627307582 0.5 0.878130656595 1.99254615164 0.5
0.93473690389 1.49572243069 0.5 0.86947380778 1.99144486137 0.5
0.93041344952 1.49513403437 0.5 0.86082689904 1.99026806874 0.5
0.926095294435 1.49450793168 0.5 0.85219058887 1.98901586336 0.5
0.92178276748 1.4938441703 0.5 0.84356553496 1.9876883406 0.5
0.91747619707 1.49314280077 0.5 0.834952394139 1.98628560154 0.5
0.913175911167 1.49240387651 0.5 0.826351822333 1.98480775301 0.5
0.908882237254 1.49162745378 0.5 0.817764474508 1.98325490756 0.5
0.904595502312 1.49081359172 0.5 0.809191004623 1.98162718345 0.5
0.900316032791 1.48996235231 0.5 0.800632065583 1.97992470462 0.5
0.896044154591 1.48907380037 0.5 0.792088309182 1.97814760073 0.5
0.891780193031 1.48814800356 0.5 0.783560386062 1.97629600712 0.5
0.887524472828 1.48718503239 0.5 0.775048945656 1.97437006479 0.5
0.883277318072 1.4861849602 0.5 0.766554636144 1.9723699204 0.5
0.8790390522 1.48514786314 0.5 0.7580781044 1.97029572628 0.5
0.874809997973 1.48407382019 0.5 0.749619995946 1.96814764038 0.5
0.870590477449 1.48296291314 0.5 0.741180954897 1.96592582629 0.5
0.866380811961 1.4818152266 0.5 0.732761623922 1.96363045321 0.5
0.862181322092 1.48063084797 0.5 0.724362644183 1.96126169594 0.5
0.857992327648 1.47940986743 0.5 0.715984655296 1.95881973487 0.5
0.853814147639 1.47815237798 0.5 0.707628295277 1.95630475596 0.5
0.849647100248 1.47685847537 0.5 0.699294200496 1.95371695075 0.5
0.845491502813 1.47552825815 0.5 0.690983005625 1.9510565163 0.5
0.841347671797 1.4741618276 0.5 0.682695343595 1.94832365521 0.5
0.837215922771 1.4727592878 0.5 0.674431845543 1.9455185756 0.5
0.833096570383 1.47132074555 0.5 0.666193140766 1.94264149109 0.5
0.828989928337 1.46984631039 0.5 0.657979856674 1.93969262079 0.5
0.82489630937 1.46833609462 0.5 0.649792618741 1.93667218925 0.5
0.820816025227 1.46679021325 0.5 0.641632050455 1.9335804265 0.5
0.816749386638 1.46520878399 0.5 0.633498773276 1.93041756798 0.5
0.812696703292 1.46359192728 0.5 0.625393406584 1.92718385457 0.5
0.808658283817 1.46193976626 0.5 0.617316567635 1.92387953251 0.5
0.804634435755 1.46025242673 0.5 0.609268871511 1.92050485345 0.5
0.800625465537 1.45853003719 0.5 0.601250931075 1.91706007439 0.5
0.796631678462 1.45677272882 0.5 0.593263356924 1.91354545764 0.5
0.792653378672 1.45498063544 0.5 0.585306757344 1.90996127088 0.5
0.78869086913 1.45315389352 0.5 0.577381738259 1.90630778704 0.5
0.784744451596 1.45129264217 0.5 0.569488903192 1.90258528435 0.5
0.780814426605 1.44939702315 0.5 0.561628853211 1.8987940463 0.5
0.776901093445 1.4474671808 0.5 0.55380218689 1.8949343616 0.5
0.77300475013 1.44550326209 0.5 0.54600950026 1.89100652419 0.5
0.769125693382 1.44350541659 0.5 0.538251386765 1.88701083318 0.5
0.765264218607 1.44147379643 0.5 0.530528437214 1.88294759286 0.5
0.76142061987 1.43940855633 0.5 0.52284123974 1.87881711266 0.5
0.757595189877 1.43730985357 0.5 0.515190379754 1.87461970714 0.5
0.753788219948 1.43517784797 0.5 0.507576439897 1.87035569594 0.5
0.75 1.43301270189 0.5 0.5 1.86602540378 0.5
0.74623081852 1.43081458022 0.5 0.492461637039 1.86162916044 0.5
0.742480962545 1.42858365035 0.5 0.48496192509 1.8571673007 0.5
0.738750717642 1.42632008218 0.5 0.477501435284 1.85264016435 0.5
0.735040367883 1.42402404808 0.5 0.470080735767 1.84804809616 0.5
0.731350195827 1.42169572291 0.5 0.462700391653 1.84339144581 0.5
0.727680482492 1.41933528397 0.5 0.455360964985 1.83867056795 0.5
0.724031507344 1.41694291103 0.5 0.448063014688 1.83388582207 0.5
0.720403548265 1.41451878628 0.5 0.440807096529 1.82903757256 0.5
0.716796881538 1.41206309431 0.5 0.433593763075 1.82412618862 0.5
0.713211781824 1.40957602214 0.5 0.426423563649 1.81915204429 0.5
0.709648522145 1.40705775918 0.5 0.419297044289 1.81411551836 0.5
0.706107373854 1.40450849719 0.5 0.412214747708 1.80901699437 0.5
0.702588606624 1.40192843031 0.5 0.405177213249 1.80385686062 0.5
0.699092488424 1.39931775502 0.5 0.398184976848 1.79863551005 0.5
0.695619285496 1.39667667015 0.5 0.391238570991 1.79335334029 0.5
0.692169262337 1.3940053768 0.5 0.384338524674 1.78801075361 0.5
0.688742681681 1.39130407843 0.5 0.377485363362 1.78260815685 0.5
0.685339804475 1.38857298073 0.5 0.37067960895 1.77714596146 0.5
0.681960889861 1.38581229169 0.5 0.363921779722 1.77162458339 0.5
0.678606195157 1.38302222156 0.5 0.357212390313 1.76604444312 0.5
0.675275975835 1.3802029828 0.5 0.35055195167 1.7604059656 0.5
0.671970485505 1.37735479011 0.5 0.343940971009 1.75470958022 0.5
0.668689975892 1.37447786039 0.5 0.337379951784 1.74895572079 0.5
0.665434696821 1.37157241274 0.5 0.330869393641 1.74314482548 0.5
0.662204896192 1.36863866841 0.5 0.324409792384 1.73727733681 0.5
0.659000819969 1.36567685081 0.5 0.318001639938 1.73135370162 0.5
0.655822712153 1.36268718551 0.5 0.311645424306 1.72537437101 0.5
0.652670814771 1.35966990017 0.5 0.305341629541 1.71933980034 0.5
0.64954536785 1.35662522458 0.5 0.2990907357 1.71325044915 0.5
0.646446609407 1.35355339059 0.5 0.292893218813 1.70710678119 0.5
0.643374775423 1.35045463215 0.5 0.286749550846 1.7009092643 0.5
0.640330099831 1.34732918523 0.5 0.280660199661 1.69465837046 0.5
0.637312814494 1.34417728785 0.5 0.274625628988 1.68835457569 0.5
0.63432314919 1.34099918003 0.5 0.268646298381 1.68199836006 0.5
0.631361331595 1.33779510381 0.5 0.26272266319 1.67559020762 0.5
0.628427587261 1.33456530318 0.5 0.256855174523 1.66913060636 0.5
0.625522139605 1.33131002411 0.5 0.251044279211 1.66262004822 0.5
0.622645209889 1.3280295145 0.5 0.245290419777 1.65605902899 0.5
0.6197970172 1.32472402417 0.5 0.2395940344 1.64944804833 0.5
0.616977778441 1.32139380484 0.5 0.233955556881 1.64278760969 0.5
0.614187708306 1.31803911014 0.5 0.228375416612 1.63607822028 0.5
0.611427019272 1.31466019552 0.5 0.222854038543 1.62932039105 0.5
0.608695921574 1.31125731832 0.5 0.217391843148 1.62251463664 0.5
0.605994623197 1.30783073766 0.5 0.211989246393 1.61566147533 0.5
0.603323329854 1.3043807145 0.5 0.206646659709 1.60876142901 0.5
0.600682244976 1.30090751158 0.5 0.201364489953 1.60181502315 0.5
0.598071569691 1.29741139338 0.5 0.196143139383 1.59482278675 0.5
0.595491502813 1.29389262615 0.5 0.190983005625 1.58778525229 0.5
0.592942240822 1.29035147786 0.5 0.185884481644 1.58070295571 0.5
0.590423977856 1.28678821818 0.5 0.180847955711 1.57357643635 0.5
0.587936905689 1.28320311846 0.5 0.175873811378 1.56640623692 0.5
0.585481213722 1.27959645174 0.5 0.170962427445 1.55919290347 0.5
0.583057088966 1.27596849266 0.5 0.166114177933 1.55193698531 0.5
0.580664716027 1.27231951751 0.5 0.161329432055 1.54463903502 0.5
0.578304277094 1.26864980417 0.5 0.156608554187 1.53729960835 0.5
0.575975951922 1.26495963212 0.5 0.151951903844 1.52991926423 0.5
0.573679917823 1.26124928236 0.5 0.147359835646 1.52249856472 0.5
0.571416349649 1.25751903746 0.5 0.142832699298 1.51503807491 0.5
0.569185419779 1.25376918148 0.5 0.138370839558 1.50753836296 0.5
0.566987298108 1.25 0.5 0.133974596216 1.5 0.5
0.56482215203 1.24621178005 0.5 0.12964430406 1.4924235601 0.5
0.56269014643 1.24240481012 0.5 0.125380292861 1.48480962025 0.5
0.560591443669 1.23857938013 0.5 0.121182887338 1.47715876026 0.5
0.558526203571 1.23473578139 0.5 0.117052407141 1.46947156279 0.5
0.556494583411 1.23087430662 0.5 0.112989166822 1.46174861324 0.5
0.554496737906 1.22699524987 0.5 0.108993475812 1.45399049974 0.5
0.552532819199 1.22309890655 0.5 0.105065638398 1.44619781311 0.5
0.55060297685 1.21918557339 0.5 0.101205953701 1.43837114679 0.5
0.548707357825 1.2152555484 0.5 0.0974147156501 1.43051109681 0.5
0.546846106482 1.21130913087 0.5 0.0936922129633 1.42261826174 0.5
0.545019364562 1.20734662133 0.5 0.0900387291235 1.41469324266 0.5
0.543227271179 1.20336832154 0.5 0.0864545423574 1.40673664308 0.5
0.541469962807 1.19937453446 0.5 0.0829399256149 1.39874906893 0.5
0.539747573274 1.19536556424 0.5 0.0794951465476 1.39073112849 0.5
0.538060233744 1.19134171618 0.5 0.0761204674887 1.38268343237 0.5
0.536408072717 1.18730329671 0.5 0.0728161454332 1.37460659342 0.5
0.534791216009 1.18325061336 0.5 0.069582432018 1.36650122672 0.5
0.533209786751 1.17918397477 0.5 0.0664195735028 1.35836794955 0.5
0.531663905376 1.17510369063 0.5 0.0633278107516 1.35020738126 0.5
0.530153689607 1.17101007166 0.5 0.0603073792141 1.34202014333 0.5
0.528679254454 1.16690342962 0.5 0.0573585089078 1.33380685923 0.5
0.5272407122 1.16278407723 0.5 0.0544814244007 1.32556815446 0.5
0.525838172397 1.1586523282 0.5 0.0516763447938 1.31730465641 0.5
0.524471741852 1.15450849719 0.5 0.0489434837048 1.30901699437 0.5
0.523141524626 1.15035289975 0.5 0.0462830492518 1.3007057995 0.5
0.521847622018 1.14618585236 0.5 0.043695244037 1.29237170472 0.5
0.520590132566 1.14200767235 0.5 0.0411802651318 1.2840153447 0.5
0.519369152031 1.13781867791 0.5 0.0387383040617 1.27563735582 0.5
0.518184773396 1.13361918804 0.5 0.0363695467914 1.26723837608 0.5
0.517037086855 1.12940952255 0.5 0.0340741737109 1.2588190451 0.5
0.515926179811 1.12519000203 0.5 0.0318523596219 1.25038000405 0.5
0.514852136862 1.1209609478 0.5 0.029704273724 1.2419218956 0.5
0.513815039801 1.11672268193 0.5 0.0276300796023 1.23344536386 0.5
0.512814967607 1.11247552717 0.5 0.0256299352148 1.22495105434 0.5
0.51185199644 1.10821980697 0.5 0.0237039928801 1.21643961394 0.5
0.510926199633 1.10395584541 0.5 0.0218523992662 1.20791169082 0.5
0.51003764769 1.09968396721 0.5 0.0200752953792 1.19936793442 0.5
0.509186408276 1.09540449769 0.5 0.0183728165523 1.19080899538 0.5
0.508372546218 1.09111776275 0.5 0.016745092436 1.18223552549 0.5
0.507596123494 1.08682408883 0.5 0.0151922469878 1.17364817767 0.5
0.506857199231 1.08252380293 0.5 0.0137143984628 1.16504760586 0.5
0.506155829702 1.07821723252 0.5 0.0123116594049 1.15643446504 0.5
0.505492068319 1.07390470556 0.5 0.0109841366381 1.14780941113 0.5
0.504865965629 1.06958655048 0.5 0.00973193125843 1.13917310096 0.5
0.504277569313 1.06526309611 0.5 0.00855513862619 1.13052619222 0.5
0.503726924179 1.0609346717 0.5 0.00745384835868 1.12186934341 0.5
0.503214072162 1.05660160688 0.5 0.00642814432341 1.11320321377 0.5
0.502739052316 1.05226423163 0.5 0.00547810463173 1.10452846327 0.5
0.502301900816 1.04792287626 0.5 0.00460380163282 1.09584575252 0.5
0.501902650954 1.04357787137 0.5 0.00380530190825 1.08715574275 0.5
0.501541333133 1.03922954786 0.5 0.00308266626687 1.07845909573 0.5
0.50121797487 1.03487823687 0.5 0.00243594974018 1.06975647374 0.5
0.500932600789 1.03052426977 0.5 0.00186520157813 1.06104853953 0.5
0.500685232623 1.02616797812 0.5 0.00137046524543 1.05233595624 0.5
0.500475889209 1.02180969368 0.5 0.000951778418142 1.04361938737 0.5
0.50030458649 1.01744974835 0.5 0.000609172980904 1.0348994967 0.5
0.500171337512 1.01308847415 0.5 0.000342675024443 1.02617694831 0.5
0.500076152422 1.00872620322 0.5 0.000152304843609 1.01745240644 0.5
0.500019038468 1.00436326775 0.5 3.80769358288e-05 1.0087265355 0.5
