0 0.5 1 0.5 -0 -0.707107 0 0.707107
1 0.500019 0.995637 0.506494 0.0127445 -0.706984 -0.0032491 0.707107
2 0.500076 0.991274 0.506494 0.0189136 -0.706846 -0.0032491 0.707107
3 0.500171 0.986912 0.506494 0.0250961 -0.706654 -0.00321858 0.707107
4 0.500305 0.98255 0.50974 0.0345378 -0.706256 -0.00318798 0.707107
5 0.500476 0.97819 0.50974 0.0407144 -0.705927 -0.00314217 0.707107
6 0.500685 0.973832 0.50974 0.0469175 -0.705519 -0.00642117 0.707107
7 0.500933 0.969476 0.50974 0.0531157 -0.705042 -0.00970003 0.707107
8 0.501218 0.965122 0.50974 0.0592661 -0.704552 -0.00970003 0.707107
9 0.501541 0.96077 0.50974 0.0654122 -0.704008 -0.00970003 0.707107
10 0.501903 0.956422 0.50974 0.0715942 -0.703353 -0.0129787 0.707107
11 0.502302 0.952077 0.50974 0.0777293 -0.702702 -0.0129787 0.707107
12 0.502739 0.947736 0.50974 0.0838967 -0.701924 -0.016257 0.707107
13 0.503214 0.943398 0.50974 0.0900188 -0.701165 -0.016257 0.707107
14 0.503727 0.939065 0.50974 0.0960592 -0.700362 -0.0163035 0.707107
15 0.504278 0.934737 0.50974 0.102092 -0.699507 -0.0163497 0.707107
16 0.504866 0.930413 0.512987 0.111357 -0.698091 -0.0163943 0.707107
17 0.505492 0.926095 0.512987 0.117445 -0.697092 -0.0163943 0.707107
18 0.506156 0.921783 0.512987 0.123511 -0.695958 -0.0196724 0.707107
19 0.506857 0.917476 0.516234 0.132712 -0.694261 -0.0197463 0.707107
20 0.507596 0.913176 0.519481 0.14198 -0.692424 -0.0197592 0.707107
21 0.508373 0.908882 0.519481 0.148017 -0.691159 -0.0197592 0.707107
22 0.509186 0.904595 0.519481 0.154042 -0.689841 -0.0197592 0.707107
23 0.510038 0.900316 0.519481 0.159917 -0.688398 -0.0231266 0.707107
24 0.510926 0.896044 0.519481 0.165918 -0.686976 -0.0231266 0.707107
25 0.511852 0.89178 0.519481 0.171852 -0.685397 -0.0264029 0.707107
26 0.512815 0.887524 0.519481 0.177827 -0.683872 -0.0264029 0.707107
27 0.513815 0.883277 0.516234 0.18062 -0.68314 -0.0263756 0.707107
28 0.514852 0.879039 0.512987 0.183409 -0.682398 -0.0263478 0.707107
29 0.515926 0.87481 0.512987 0.189357 -0.680771 -0.0263478 0.707107
30 0.517037 0.87059 0.50974 0.192137 -0.679993 -0.0263193 0.707107
31 0.518185 0.866381 0.50974 0.198064 -0.67829 -0.0263193 0.707107
32 0.519369 0.862181 0.506494 0.200834 -0.677477 -0.0262903 0.707107
33 0.52059 0.857992 0.503247 0.2036 -0.676652 -0.0262607 0.707107
34 0.521848 0.853814 0.503247 0.209497 -0.674849 -0.0262607 0.707107
35 0.523142 0.849647 0.503247 0.215378 -0.672995 -0.0262607 0.707107
36 0.524472 0.845492 0.5 0.218126 -0.672111 -0.0262306 0.707107
37 0.525838 0.841348 0.496753 0.220871 -0.671215 -0.0261999 0.707107
38 0.527241 0.837216 0.496753 0.226649 -0.66915 -0.0294769 0.707107
39 0.528679 0.833097 0.493506 0.22938 -0.66822 -0.0294455 0.707107
40 0.530154 0.82899 0.493506 0.235203 -0.666193 -0.0294455 0.707107
41 0.531664 0.824896 0.49026 0.237844 -0.665103 -0.0326895 0.707107
42 0.53321 0.820816 0.49026 0.243639 -0.663002 -0.0326895 0.707107
43 0.534791 0.816749 0.49026 0.249328 -0.660713 -0.0359649 0.707107
44 0.536408 0.812697 0.487013 0.251931 -0.659541 -0.0392061 0.707107
45 0.53806 0.808658 0.487013 0.257845 -0.657247 -0.0392682 0.707107
46 0.539748 0.804634 0.487013 0.263482 -0.654803 -0.0425418 0.707107
47 0.54147 0.800625 0.483766 0.266333 -0.653645 -0.042599 0.707107
48 0.543227 0.796632 0.483766 0.271847 -0.651376 -0.0425225 0.707107
49 0.545019 0.792653 0.483766 0.27752 -0.648979 -0.0425225 0.707107
50 0.546846 0.788691 0.483766 0.282995 -0.646616 -0.0424451 0.707107
51 0.548707 0.784744 0.480519 0.285632 -0.645458 -0.0424096 0.707107
52 0.550603 0.780814 0.480519 0.291253 -0.642941 -0.0424096 0.707107
53 0.552533 0.776901 0.480519 0.296677 -0.640462 -0.0423161 0.707107
54 0.554497 0.773005 0.480519 0.302255 -0.637849 -0.0423161 0.707107
55 0.556495 0.769126 0.480519 0.307938 -0.635335 -0.0390435 0.707107
56 0.558526 0.765264 0.480519 0.313446 -0.632834 -0.035676 0.707107
57 0.560591 0.761421 0.480519 0.318811 -0.630153 -0.0355813 0.707107
58 0.56269 0.757595 0.480519 0.324154 -0.627427 -0.0354858 0.707107
59 0.564822 0.753788 0.480519 0.329775 -0.624669 -0.0322125 0.707107
60 0.566987 0.75 0.480519 0.335249 -0.621913 -0.0288432 0.707107
61 0.569185 0.746231 0.480519 0.340663 -0.618964 -0.0288432 0.707107
62 0.571416 0.742481 0.480519 0.345937 -0.616037 -0.0287472 0.707107
63 0.57368 0.738751 0.480519 0.351471 -0.613041 -0.0254736 0.707107
64 0.575976 0.73504 0.480519 0.356707 -0.610013 -0.0253776 0.707107
65 0.578304 0.73135 0.480519 0.362362 -0.60691 -0.0188299 0.707107
66 0.580665 0.727681 0.480519 0.367644 -0.603724 -0.0188299 0.707107
67 0.583057 0.724032 0.480519 0.373059 -0.600487 -0.0155554 0.707107
68 0.585481 0.720404 0.477273 0.375514 -0.598959 -0.0154163 0.707107
69 0.587937 0.716797 0.474026 0.378115 -0.597399 -0.012003 0.707107
70 0.590424 0.713212 0.474026 0.383456 -0.594041 -0.0087288 0.707107
71 0.592942 0.709649 0.474026 0.388626 -0.590672 -0.0087288 0.707107
72 0.595492 0.706107 0.474026 0.393919 -0.587194 -0.00557719 0.707107
73 0.598072 0.702589 0.474026 0.399148 -0.583674 -0.00242419 0.707107
74 0.600682 0.699093 0.474026 0.404226 -0.580168 -0.00242419 0.707107
75 0.603323 0.695619 0.474026 0.409274 -0.576619 -0.00242419 0.707107
76 0.605995 0.692169 0.474026 0.414458 -0.572894 0.00412725 0.707107
77 0.608696 0.688743 0.474026 0.419511 -0.569171 0.0074029 0.707107
78 0.611427 0.68534 0.474026 0.424309 -0.565612 0.00667642 0.707107
79 0.614188 0.681961 0.474026 0.429205 -0.561907 0.00655482 0.707107
80 0.616978 0.678606 0.470779 0.431499 -0.560148 0.00655362 0.707107
81 0.619797 0.675276 0.470779 0.436346 -0.556332 0.00983026 0.707107
82 0.622645 0.67197 0.470779 0.441184 -0.552503 0.00983026 0.707107
83 0.625522 0.66869 0.464286 0.44088 -0.552746 0.00982603 0.707107
84 0.628428 0.665435 0.464286 0.445687 -0.548878 0.00982603 0.707107
85 0.631361 0.662205 0.464286 0.45046 -0.544968 0.00982603 0.707107
86 0.634323 0.659001 0.464286 0.455198 -0.541016 0.00982603 0.707107
87 0.637313 0.655823 0.464286 0.459869 -0.537054 0.00965866 0.707107
88 0.64033 0.652671 0.464286 0.464538 -0.533021 0.00965866 0.707107
89 0.643375 0.649545 0.464286 0.469172 -0.528947 0.00965866 0.707107
90 0.646447 0.646447 0.464286 0.47377 -0.524832 0.00965866 0.707107
91 0.649545 0.643375 0.464286 0.47827 -0.520741 0.00932331 0.707107
92 0.652671 0.64033 0.461039 0.480366 -0.518812 0.00909214 0.707107
93 0.655823 0.637313 0.461039 0.484875 -0.5146 0.00909214 0.707107
94 0.659001 0.634323 0.461039 0.489347 -0.510349 0.00909214 0.707107
95 0.662205 0.631361 0.461039 0.493782 -0.50606 0.00909214 0.707107
96 0.665435 0.628428 0.461039 0.49818 -0.501731 0.00909214 0.707107
97 0.66869 0.625522 0.461039 0.502539 -0.497365 0.00909214 0.707107
98 0.67197 0.622645 0.464286 0.509113 -0.490636 0.00898716 0.707107
99 0.675276 0.619797 0.464286 0.513375 -0.486174 0.00898716 0.707107
100 0.678606 0.616978 0.464286 0.517571 -0.481707 0.00881879 0.707107
101 0.681961 0.614188 0.467532 0.523935 -0.474779 0.0087588 0.707107
102 0.68534 0.611427 0.467532 0.528059 -0.470189 0.0087588 0.707107
103 0.688743 0.608696 0.467532 0.532238 -0.465503 0.00548456 0.707107
104 0.692169 0.605995 0.467532 0.53628 -0.460841 0.00548456 0.707107
105 0.695619 0.603323 0.467532 0.540281 -0.456143 0.00548456 0.707107
106 0.699093 0.600682 0.467532 0.544241 -0.451411 0.00548456 0.707107
107 0.702589 0.598072 0.467532 0.548159 -0.446645 0.00548456 0.707107
108 0.706107 0.595492 0.467532 0.552036 -0.441844 0.00548456 0.707107
109 0.709649 0.592942 0.467532 0.555871 -0.43701 0.00548456 0.707107
110 0.713212 0.590424 0.470779 0.56166 -0.429543 0.00559226 0.707107
111 0.716797 0.587937 0.470779 0.565387 -0.424625 0.00559226 0.707107
112 0.720404 0.585481 0.477273 0.572936 -0.41438 0.0058073 0.707107
113 0.724032 0.583057 0.477273 0.576602 -0.409298 0.00242419 0.707107
114 0.727681 0.580665 0.480519 0.582019 -0.401557 0.00254626 0.707107
115 0.73135 0.578304 0.480519 0.585501 -0.396463 0.00254626 0.707107
116 0.73504 0.575976 0.480519 0.588938 -0.391338 0.00254626 0.707107
117 0.738751 0.57368 0.480519 0.592331 -0.386184 0.00254626 0.707107
118 0.742481 0.571416 0.480519 0.595678 -0.381 0.00254626 0.707107
119 0.746231 0.569185 0.483766 0.600715 -0.373007 0.00266828 0.707107
120 0.75 0.566987 0.483766 0.603947 -0.36775 0.00266828 0.707107
121 0.753788 0.564822 0.483766 0.6072 -0.362364 -0.000608287 0.707107
122 0.757595 0.56269 0.483766 0.610339 -0.357051 -0.000608287 0.707107
123 0.761421 0.560591 0.487013 0.615056 -0.348865 -0.000486646 0.707107
124 0.765264 0.558526 0.487013 0.618075 -0.343486 -0.000425838 0.707107
125 0.769126 0.556495 0.487013 0.621049 -0.338079 -0.000425838 0.707107
126 0.773005 0.554497 0.487013 0.623975 -0.332648 -0.000365021 0.707107
127 0.776901 0.552533 0.487013 0.626881 -0.32712 -0.00358245 0.707107
128 0.780814 0.550603 0.487013 0.629704 -0.321652 -0.00352194 0.707107
129 0.784744 0.548707 0.487013 0.632487 -0.316145 -0.00352194 0.707107
130 0.788691 0.546846 0.487013 0.635215 -0.310628 -0.00346135 0.707107
131 0.792653 0.545019 0.49026 0.639303 -0.302126 -0.00337051 0.707107
132 0.796632 0.543227 0.49026 0.641907 -0.296498 -0.00664969 0.707107
133 0.800625 0.54147 0.496753 0.647141 -0.284895 -0.00658941 0.707107
134 0.804634 0.539748 0.496753 0.649579 -0.279194 -0.00986873 0.707107
135 0.808658 0.53806 0.496753 0.651991 -0.273515 -0.00986873 0.707107
136 0.812697 0.536408 0.5 0.655551 -0.264728 -0.0131175 0.707107
137 0.816749 0.534791 0.5 0.657836 -0.258998 -0.0131175 0.707107
138 0.820816 0.53321 0.5 0.660071 -0.253247 -0.0131175 0.707107
139 0.824896 0.531664 0.5 0.662256 -0.247477 -0.0131175 0.707107
140 0.82899 0.530154 0.5 0.66439 -0.241689 -0.0131175 0.707107
141 0.833097 0.528679 0.5 0.666474 -0.235882 -0.0131175 0.707107
142 0.837216 0.527241 0.5 0.668487 -0.230114 -0.013118 0.707107
143 0.841348 0.525838 0.5 0.67041 -0.224236 -0.0163969 0.707107
144 0.845492 0.524472 0.5 0.672341 -0.218377 -0.0163969 0.707107
145 0.849647 0.523142 0.503247 0.6752 -0.209371 -0.0163815 0.707107
146 0.853814 0.521848 0.506494 0.677939 -0.200328 -0.0163658 0.707107
147 0.857992 0.52059 0.50974 0.68048 -0.191211 -0.019628 0.707107
148 0.862181 0.519369 0.50974 0.682123 -0.185265 -0.019628 0.707107
149 0.866381 0.518185 0.512987 0.684563 -0.176044 -0.0195498 0.707107
150 0.87059 0.517037 0.516234 0.686856 -0.166879 -0.0195175 0.707107
151 0.87481 0.515926 0.516234 0.688286 -0.160878 -0.0195175 0.707107
152 0.879039 0.514852 0.519481 0.690375 -0.151665 -0.0194848 0.707107
153 0.883277 0.513815 0.519481 0.691673 -0.145634 -0.0194848 0.707107
154 0.887524 0.512815 0.519481 0.692937 -0.139505 -0.0193925 0.707107
155 0.89178 0.511852 0.519481 0.694128 -0.133453 -0.0193925 0.707107
156 0.896044 0.510926 0.519481 0.695285 -0.127302 -0.0192997 0.707107
157 0.900316 0.510038 0.519481 0.69637 -0.12123 -0.0192997 0.707107
158 0.904595 0.509186 0.519481 0.697401 -0.115149 -0.0192997 0.707107
159 0.908882 0.508373 0.519481 0.698379 -0.109059 -0.0192997 0.707107
160 0.913176 0.507596 0.519481 0.699305 -0.10296 -0.0192997 0.707107
161 0.917476 0.506857 0.519481 0.700191 -0.0967653 -0.0192066 0.707107
162 0.921783 0.506156 0.519481 0.700923 -0.090561 -0.0224827 0.707107
163 0.926095 0.505492 0.519481 0.701585 -0.0843489 -0.0257582 0.707107
164 0.930413 0.504866 0.519481 0.702295 -0.0782232 -0.0257582 0.707107
165 0.934737 0.504278 0.516234 0.702709 -0.0754425 -0.0225614 0.707107
166 0.939065 0.503727 0.516234 0.70334 -0.0693074 -0.0225614 0.707107
167 0.943398 0.503214 0.516234 0.703918 -0.0631671 -0.0225614 0.707107
168 0.947736 0.502739 0.512987 0.704168 -0.0602892 -0.0226397 0.707107
169 0.952077 0.502302 0.512987 0.704561 -0.0540553 -0.0259159 0.707107
170 0.956422 0.501903 0.512987 0.705006 -0.0479049 -0.0259159 0.707107
171 0.96077 0.501541 0.512987 0.705397 -0.0417507 -0.0259159 0.707107
172 0.965122 0.501218 0.512987 0.705735 -0.0355934 -0.0259159 0.707107
173 0.969476 0.500933 0.512987 0.706018 -0.0294336 -0.0259159 0.707107
174 0.973832 0.500685 0.512987 0.706242 -0.0233915 -0.0259793 0.707107
175 0.97819 0.500476 0.50974 0.706441 -0.0205712 -0.0227653 0.707107
176 0.98255 0.500305 0.50974 0.70659 -0.0145112 -0.0228126 0.707107
177 0.986912 0.500171 0.506494 0.706642 -0.0116236 -0.0228595 0.707107
178 0.991274 0.500076 0.506494 0.706814 -0.00550403 -0.0195817 0.707107
179 0.995637 0.500019 0.506494 0.706835 0.000664222 -0.0195817 0.707107
180 1 0.5 0.506494 0.706886 0.00678685 -0.0163035 0.707107
181 1.00436 0.500019 0.506494 0.706869 0.0129101 -0.013025 0.707107
182 1.00873 0.500076 0.503247 0.706809 0.0157997 -0.0130711 0.707107
183 1.01309 0.500171 0.503247 0.706645 0.0219672 -0.0130711 0.707107
184 1.01745 0.500305 0.5 0.706603 0.0248121 -0.00983788 0.707107
185 1.02181 0.500476 0.5 0.706359 0.0309774 -0.00983788 0.707107
186 1.02617 0.500685 0.5 0.706062 0.0371403 -0.00983788 0.707107
187 1.03052 0.500933 0.5 0.705711 0.0433003 -0.00983788 0.707107
188 1.03488 0.501218 0.5 0.705306 0.0494571 -0.00983788 0.707107
189 1.03923 0.501541 0.5 0.70489 0.0555677 -0.0065587 0.707107
190 1.04358 0.501903 0.5 0.704378 0.0617166 -0.0065587 0.707107
191 1.04792 0.502302 0.496753 0.704119 0.0645961 -0.00660427 0.707107
192 1.05226 0.502739 0.496753 0.703532 0.0707077 -0.00658941 0.707107
193 1.0566 0.503214 0.493506 0.70324 0.0735529 -0.00658941 0.707107
194 1.06093 0.503727 0.493506 0.702571 0.079687 -0.00658941 0.707107
195 1.06526 0.504278 0.493506 0.701853 0.0857847 -0.00655906 0.707107
196 1.06959 0.504866 0.493506 0.701078 0.0919064 -0.00655906 0.707107
197 1.0739 0.505492 0.493506 0.700254 0.0979906 -0.00652856 0.707107
198 1.07822 0.506156 0.493506 0.699337 0.104077 -0.00980788 0.707107
199 1.08252 0.506857 0.493506 0.698402 0.110176 -0.00980788 0.707107
200 1.08682 0.507596 0.493506 0.697414 0.116266 -0.00980788 0.707107
201 1.09112 0.508373 0.493506 0.696373 0.122348 -0.00980788 0.707107
202 1.0954 0.509186 0.493506 0.695287 0.128375 -0.00977714 0.707107
203 1.09968 0.510038 0.493506 0.69414 0.134438 -0.00977714 0.707107
204 1.10396 0.510926 0.493506 0.692972 0.140528 -0.00649793 0.707107
205 1.10822 0.511852 0.493506 0.691719 0.14657 -0.00649793 0.707107
206 1.11248 0.512815 0.493506 0.690429 0.152635 -0.00321858 0.707107
207 1.11672 0.513815 0.493506 0.689071 0.158655 -0.00321858 0.707107
208 1.12096 0.514852 0.493506 0.68766 0.164662 -0.00321858 0.707107
209 1.12519 0.515926 0.493506 0.686201 0.170642 -0.00318798 0.707107
210 1.12941 0.517037 0.493506 0.684685 0.176624 -0.00318798 0.707107
211 1.13362 0.518185 0.493506 0.683118 0.182592 -0.00318798 0.707107
212 1.13782 0.519369 0.493506 0.681503 0.188532 -0.00315731 0.707107
213 1.14201 0.52059 0.493506 0.679831 0.194472 -0.00315731 0.707107
214 1.14619 0.521848 0.493506 0.678113 0.200383 -0.00312658 0.707107
215 1.15035 0.523142 0.496753 0.675374 0.209427 -0.00320273 0.707107
216 1.15451 0.524472 0.5 0.672515 0.218433 -0.00327882 0.707107
217 1.15865 0.525838 0.5 0.670583 0.224294 -0.00327882 0.707107
218 1.16278 0.527241 0.5 0.6686 0.230137 -0.00327882 0.707107
219 1.1669 0.528679 0.5 0.666566 0.235963 -0.00327882 0.707107
220 1.17101 0.530154 0.503247 0.663353 0.244849 -0.00335484 0.707107
221 1.1751 0.531664 0.503247 0.661197 0.250549 -0.00663356 0.707107
222 1.17918 0.53321 0.503247 0.658985 0.25631 -0.00663356 0.707107
223 1.18325 0.534791 0.506494 0.655493 0.265008 -0.00998787 0.707107
224 1.1873 0.536408 0.50974 0.651892 0.273744 -0.0100634 0.707107
225 1.19134 0.53806 0.50974 0.649458 0.279332 -0.0133415 0.707107
226 1.19537 0.539748 0.50974 0.646996 0.284989 -0.0133415 0.707107
227 1.19937 0.54147 0.50974 0.644484 0.290624 -0.0133415 0.707107
228 1.20337 0.543227 0.50974 0.641892 0.29614 -0.0166193 0.707107
229 1.20735 0.545019 0.50974 0.639283 0.30173 -0.0166193 0.707107
230 1.21131 0.546846 0.50974 0.636626 0.307297 -0.0166193 0.707107
231 1.21526 0.548707 0.50974 0.633953 0.312771 -0.0166629 0.707107
232 1.21919 0.550603 0.50974 0.6312 0.318291 -0.0166629 0.707107
233 1.2231 0.552533 0.506494 0.629895 0.320871 -0.0165726 0.707107
234 1.227 0.554497 0.506494 0.627071 0.326355 -0.0165726 0.707107
235 1.23087 0.556495 0.506494 0.624199 0.331815 -0.0165726 0.707107
236 1.23474 0.558526 0.506494 0.621279 0.33725 -0.0165726 0.707107
237 1.23858 0.560591 0.506494 0.618313 0.342658 -0.0165726 0.707107
238 1.2424 0.56269 0.506494 0.615299 0.348041 -0.0165726 0.707107
239 1.24621 0.564822 0.506494 0.612238 0.353397 -0.0165726 0.707107
240 1.25 0.566987 0.506494 0.609093 0.358793 -0.0165441 0.707107
241 1.25377 0.569185 0.506494 0.605939 0.364094 -0.0165441 0.707107
242 1.25752 0.571416 0.506494 0.602738 0.369368 -0.0165441 0.707107
243 1.26125 0.57368 0.506494 0.599492 0.374614 -0.0165441 0.707107
244 1.26496 0.575976 0.506494 0.596185 0.379984 -0.013237 0.707107
245 1.26865 0.578304 0.506494 0.592847 0.385172 -0.013237 0.707107
246 1.27232 0.580665 0.506494 0.589474 0.390411 -0.0099584 0.707107
247 1.27597 0.583057 0.506494 0.586019 0.395579 -0.00992872 0.707107
248 1.2796 0.585481 0.506494 0.582519 0.400716 -0.00989883 0.707107
249 1.2832 0.587937 0.506494 0.578974 0.405822 -0.00986873 0.707107
250 1.28679 0.590424 0.506494 0.575411 0.410859 -0.00986873 0.707107
251 1.29035 0.592942 0.506494 0.571777 0.415902 -0.00983841 0.707107
252 1.29389 0.595492 0.506494 0.568126 0.420875 -0.00983841 0.707107
253 1.29741 0.598072 0.506494 0.564432 0.425817 -0.00983841 0.707107
254 1.30091 0.600682 0.506494 0.560667 0.430763 -0.00980788 0.707107
255 1.30438 0.603323 0.506494 0.556835 0.435619 -0.013087 0.707107
256 1.30783 0.605995 0.506494 0.553012 0.440462 -0.013087 0.707107
257 1.31126 0.608696 0.506494 0.549084 0.44524 -0.0163658 0.707107
258 1.31466 0.611427 0.506494 0.545178 0.450015 -0.0163658 0.707107
259 1.31804 0.614188 0.506494 0.54123 0.454755 -0.0163658 0.707107
260 1.32139 0.616978 0.506494 0.537167 0.459418 -0.0196443 0.707107
261 1.32472 0.619797 0.506494 0.533079 0.464158 -0.0196132 0.707107
262 1.32803 0.622645 0.506494 0.529008 0.468792 -0.0196132 0.707107
263 1.33131 0.625522 0.50974 0.522635 0.47589 -0.019535 0.707107
264 1.33457 0.628428 0.50974 0.518402 0.480499 -0.0194879 0.707107
265 1.3378 0.631361 0.50974 0.514189 0.485005 -0.0194879 0.707107
266 1.341 0.634323 0.506494 0.512201 0.487102 -0.0195498 0.707107
267 1.34418 0.637313 0.506494 0.507931 0.491553 -0.0195498 0.707107
268 1.34733 0.64033 0.506494 0.503622 0.495967 -0.0195498 0.707107
269 1.35045 0.643375 0.506494 0.499275 0.500342 -0.0195498 0.707107
270 1.35355 0.646447 0.503247 0.497224 0.502378 -0.0196113 0.707107
271 1.35663 0.649545 0.503247 0.492821 0.506698 -0.0196113 0.707107
272 1.35967 0.652671 0.503247 0.488381 0.510979 -0.0196113 0.707107
273 1.36269 0.655823 0.503247 0.483903 0.515221 -0.0196113 0.707107
274 1.36568 0.659001 0.503247 0.479154 0.519352 -0.0261661 0.707107
275 1.36864 0.662205 0.5 0.477027 0.521304 -0.0262272 0.707107
276 1.37157 0.665435 0.5 0.472328 0.525391 -0.0295038 0.707107
277 1.37448 0.66869 0.5 0.467827 0.529402 -0.029506 0.707107
278 1.37735 0.67197 0.5 0.463293 0.533375 -0.0295076 0.707107
279 1.3802 0.675276 0.496753 0.461214 0.535173 -0.0295235 0.707107
280 1.38302 0.678606 0.496753 0.456526 0.539177 -0.0295235 0.707107
281 1.38581 0.681961 0.496753 0.4517 0.543039 -0.0327999 0.707107
282 1.38857 0.68534 0.496753 0.446944 0.54696 -0.0327999 0.707107
283 1.3913 0.688743 0.496753 0.442273 0.550745 -0.0327851 0.707107
284 1.39401 0.692169 0.493506 0.44014 0.552453 -0.0327532 0.707107
285 1.39668 0.695619 0.493506 0.435302 0.556273 -0.0327532 0.707107
286 1.39932 0.699093 0.493506 0.430506 0.560175 -0.0294769 0.707107
287 1.40193 0.702589 0.496753 0.422979 0.565879 -0.029493 0.707107
288 1.40451 0.706107 0.496753 0.418024 0.569549 -0.029493 0.707107
289 1.40706 0.709649 0.496753 0.413038 0.573175 -0.029493 0.707107
290 1.40958 0.713212 0.496753 0.408083 0.576872 -0.0262159 0.707107
291 1.41206 0.716797 0.496753 0.403085 0.580514 -0.0229383 0.707107
292 1.41452 0.720404 0.496753 0.397915 0.584069 -0.0229537 0.707107
293 1.41694 0.724032 0.496753 0.392803 0.587519 -0.0229537 0.707107
294 1.41934 0.727681 0.493506 0.3904 0.589119 -0.022953 0.707107
295 1.4217 0.73135 0.493506 0.385244 0.592504 -0.022953 0.707107
296 1.42402 0.73504 0.49026 0.382729 0.594129 -0.0229971 0.707107
297 1.42632 0.738751 0.49026 0.37753 0.597446 -0.0229971 0.707107
298 1.42858 0.742481 0.49026 0.37221 0.600773 -0.023042 0.707107
299 1.43081 0.746231 0.49026 0.366954 0.603998 -0.023042 0.707107
300 1.43301 0.75 0.487013 0.364558 0.605562 -0.0197932 0.707107
301 1.43518 0.753788 0.487013 0.359259 0.608721 -0.0197932 0.707107
302 1.43731 0.757595 0.487013 0.353934 0.611833 -0.0197932 0.707107
303 1.43941 0.761421 0.487013 0.348648 0.614957 -0.0165153 0.707107
304 1.44147 0.765264 0.483766 0.34619 0.616422 -0.0132661 0.707107
305 1.44351 0.769126 0.483766 0.340849 0.619453 -0.00998787 0.707107
306 1.4455 0.773005 0.483766 0.33543 0.622404 -0.00998787 0.707107
307 1.44747 0.776901 0.483766 0.33003 0.625328 -0.0067094 0.707107
308 1.4494 0.780814 0.483766 0.324561 0.628184 -0.0067094 0.707107
309 1.45129 0.784744 0.480519 0.32199 0.629506 -0.00673903 0.707107
310 1.45315 0.788691 0.480519 0.316456 0.632305 -0.00682994 0.707107
311 1.45498 0.792653 0.480519 0.310926 0.635042 -0.00682994 0.707107
312 1.45677 0.796632 0.480519 0.305372 0.637731 -0.00682994 0.707107
313 1.45853 0.800625 0.480519 0.299795 0.640372 -0.00682994 0.707107
314 1.46025 0.804634 0.480519 0.294166 0.642976 -0.00692069 0.707107
315 1.46194 0.808658 0.480519 0.288544 0.645519 -0.00692069 0.707107
316 1.46359 0.812697 0.480519 0.2829 0.648012 -0.00692069 0.707107
317 1.46521 0.816749 0.480519 0.277234 0.650456 -0.00692069 0.707107
318 1.46679 0.820816 0.480519 0.271548 0.652851 -0.00692069 0.707107
319 1.46834 0.824896 0.480519 0.26584 0.655195 -0.00692069 0.707107
320 1.46985 0.82899 0.480519 0.260112 0.65749 -0.00692069 0.707107
321 1.47132 0.833097 0.480519 0.254365 0.659735 -0.00692069 0.707107
322 1.47276 0.837216 0.480519 0.248628 0.66192 -0.00682994 0.707107
323 1.47416 0.841348 0.480519 0.242872 0.664054 -0.00673903 0.707107
324 1.47553 0.845492 0.480519 0.237068 0.666148 -0.00673903 0.707107
325 1.47686 0.849647 0.480519 0.231276 0.668182 -0.00664799 0.707107
326 1.47815 0.853814 0.480519 0.225436 0.670175 -0.00664799 0.707107
327 1.47941 0.857992 0.480519 0.219608 0.672108 -0.0065568 0.707107
328 1.48063 0.862181 0.480519 0.213735 0.673999 -0.0065568 0.707107
329 1.48182 0.866381 0.480519 0.207874 0.67583 -0.00646547 0.707107
330 1.48296 0.87059 0.480519 0.201968 0.677619 -0.00646547 0.707107
331 1.48407 0.87481 0.480519 0.196047 0.679355 -0.00646547 0.707107
332 1.48515 0.879039 0.483766 0.186951 0.681915 -0.00648145 0.707107
333 1.48618 0.883277 0.483766 0.180993 0.68352 -0.00648145 0.707107
334 1.48719 0.887524 0.483766 0.175027 0.685033 -0.00976003 0.707107
335 1.48815 0.89178 0.483766 0.169105 0.686466 -0.0129619 0.707107
336 1.48907 0.896044 0.483766 0.163108 0.687916 -0.0129619 0.707107
337 1.48996 0.900316 0.483766 0.157115 0.68924 -0.0162399 0.707107
338 1.49081 0.904595 0.487013 0.147889 0.691277 -0.0162719 0.707107
339 1.49163 0.908882 0.487013 0.141925 0.692528 -0.0162102 0.707107
340 1.4924 0.913176 0.49026 0.13273 0.694349 -0.0162102 0.707107
341 1.49314 0.917476 0.493506 0.123438 0.696059 -0.0162719 0.707107
342 1.49384 0.921783 0.493506 0.117434 0.697098 -0.0162399 0.707107
343 1.49451 0.926095 0.493506 0.111409 0.698002 -0.0195175 0.707107
344 1.49513 0.930413 0.493506 0.105403 0.698935 -0.0194848 0.707107
345 1.49572 0.934737 0.493506 0.0993773 0.699719 -0.0227616 0.707107
346 1.49627 0.939065 0.493506 0.0932673 0.700559 -0.0227616 0.707107
347 1.49679 0.943398 0.493506 0.0871504 0.701346 -0.0227616 0.707107
348 1.49726 0.947736 0.496753 0.0777688 0.702446 -0.0228536 0.707107
349 1.4977 0.952077 0.496753 0.0716359 0.703097 -0.0228536 0.707107
350 1.4981 0.956422 0.5 0.0622323 0.703989 -0.0229451 0.707107
351 1.49846 0.96077 0.5 0.0560864 0.704505 -0.0229451 0.707107
352 1.49878 0.965122 0.5 0.0499364 0.704968 -0.0229451 0.707107
353 1.49907 0.969476 0.503247 0.0405099 0.70557 -0.0230361 0.707107
354 1.49931 0.973832 0.503247 0.0343511 0.705896 -0.0230361 0.707107
355 1.49952 0.97819 0.503247 0.0281898 0.706169 -0.0230361 0.707107
356 1.4997 0.98255 0.503247 0.0220263 0.706388 -0.0230361 0.707107
357 1.49983 0.986912 0.506494 0.0125833 0.706616 -0.0231266 0.707107
358 1.49992 0.991274 0.506494 0.00641652 0.706699 -0.0231266 0.707107
359 1.49998 0.995637 0.506494 0.000249228 0.706728 -0.0231266 0.707107
360 1.5 1 0.506494 -0.00591811 0.706704 -0.0231266 0.707107
361 1.49998 1.00436 0.506494 -0.0120848 0.706625 -0.0231266 0.707107
362 1.49992 1.00873 0.506494 -0.0182508 0.706493 -0.0231266 0.707107
363 1.49983 1.01309 0.506494 -0.0244154 0.706307 -0.0231266 0.707107
364 1.4997 1.01745 0.506494 -0.0305781 0.706067 -0.0231266 0.707107
365 1.49952 1.02181 0.506494 -0.0367385 0.705773 -0.0231266 0.707107
366 1.49931 1.02617 0.506494 -0.042896 0.705425 -0.0231266 0.707107
367 1.49907 1.03052 0.506494 -0.0491573 0.705018 -0.0230989 0.707107
368 1.49878 1.03488 0.506494 -0.0553078 0.704562 -0.0230989 0.707107
369 1.49846 1.03923 0.506494 -0.0616675 0.704036 -0.023042 0.707107
370 1.4981 1.04358 0.506494 -0.0679151 0.703461 -0.0230129 0.707107
371 1.4977 1.04792 0.506494 -0.0741576 0.702832 -0.0229832 0.707107
372 1.49726 1.05226 0.506494 -0.0803821 0.702033 -0.0262306 0.707107
373 1.49679 1.0566 0.503247 -0.0833701 0.701685 -0.0262159 0.707107
374 1.49627 1.06093 0.503247 -0.0894904 0.700931 -0.0262159 0.707107
375 1.49572 1.06526 0.5 -0.0923512 0.700429 -0.0295086 0.707107
376 1.49513 1.06959 0.5 -0.0984551 0.699451 -0.0327851 0.707107
377 1.49451 1.0739 0.5 -0.104555 0.698565 -0.0327851 0.707107
378 1.49384 1.07822 0.5 -0.110797 0.697602 -0.032784 0.707107
379 1.49314 1.08252 0.496753 -0.113645 0.697143 -0.0328141 0.707107
380 1.4924 1.08682 0.496753 -0.119726 0.695962 -0.0360897 0.707107
381 1.49163 1.09112 0.496753 -0.125795 0.694891 -0.0360897 0.707107
382 1.49081 1.0954 0.496753 -0.131851 0.693589 -0.0393646 0.707107
383 1.48996 1.09968 0.493506 -0.13468 0.693044 -0.0393937 0.707107
384 1.48907 1.10396 0.493506 -0.140902 0.691804 -0.039422 0.707107
385 1.48815 1.10822 0.493506 -0.146933 0.690548 -0.039422 0.707107
386 1.48719 1.11248 0.493506 -0.152954 0.689239 -0.039422 0.707107
387 1.48618 1.11672 0.49026 -0.155958 0.688365 -0.0427815 0.707107
388 1.48515 1.12096 0.49026 -0.161959 0.686978 -0.0427815 0.707107
389 1.48407 1.12519 0.49026 -0.167948 0.685539 -0.0427815 0.707107
390 1.48296 1.12941 0.49026 -0.173924 0.684047 -0.0427815 0.707107
391 1.48182 1.13362 0.483766 -0.173344 0.684192 -0.042823 0.707107
392 1.48063 1.13782 0.483766 -0.179308 0.682653 -0.042823 0.707107
393 1.47941 1.14201 0.483766 -0.185258 0.681062 -0.042823 0.707107
394 1.47815 1.14619 0.483766 -0.191005 0.679478 -0.0427493 0.707107
395 1.47686 1.15035 0.483766 -0.196927 0.677785 -0.0427493 0.707107
396 1.47553 1.15451 0.483766 -0.202864 0.676231 -0.0394761 0.707107
397 1.47416 1.15865 0.483766 -0.208757 0.674435 -0.0394761 0.707107
398 1.47276 1.16278 0.480519 -0.211377 0.673805 -0.0361381 0.707107
399 1.47132 1.1669 0.480519 -0.217092 0.671991 -0.0360473 0.707107
400 1.46985 1.17101 0.480519 -0.222791 0.670128 -0.0359556 0.707107
401 1.46834 1.1751 0.483766 -0.23173 0.667088 -0.0359751 0.707107
402 1.46679 1.17918 0.483766 -0.237614 0.665184 -0.0327002 0.707107
403 1.46521 1.18325 0.483766 -0.243477 0.663214 -0.0294246 0.707107
404 1.46359 1.1873 0.483766 -0.249093 0.661269 -0.025994 0.707107
405 1.46194 1.19134 0.483766 -0.254854 0.65907 -0.025994 0.707107
406 1.46025 1.19537 0.487013 -0.263727 0.65569 -0.0227653 0.707107
407 1.45853 1.19937 0.487013 -0.269439 0.653364 -0.0227653 0.707107
408 1.45677 1.20337 0.487013 -0.275131 0.650988 -0.0227653 0.707107
409 1.45498 1.20735 0.487013 -0.280801 0.648562 -0.0227653 0.707107
410 1.45315 1.21131 0.487013 -0.28645 0.646087 -0.0227653 0.707107
411 1.45129 1.21526 0.487013 -0.292161 0.643632 -0.0194879 0.707107
412 1.4494 1.21919 0.487013 -0.297766 0.641058 -0.0194879 0.707107
413 1.44747 1.2231 0.487013 -0.303428 0.63849 -0.0162102 0.707107
414 1.4455 1.227 0.487013 -0.309055 0.635783 -0.0162719 0.707107
415 1.44351 1.23087 0.49026 -0.317524 0.631595 -0.0163035 0.707107
416 1.44147 1.23474 0.49026 -0.323024 0.6288 -0.0163035 0.707107
417 1.43941 1.23858 0.49026 -0.328499 0.625957 -0.0163035 0.707107
418 1.43731 1.2424 0.49026 -0.333949 0.623067 -0.0163035 0.707107
419 1.43518 1.24621 0.49026 -0.339439 0.620092 -0.0163497 0.707107
420 1.43301 1.25 0.49026 -0.344925 0.617196 -0.00979214 0.707107
421 1.43081 1.25377 0.49026 -0.35033 0.614188 -0.006513 0.707107
422 1.42858 1.25752 0.49026 -0.355677 0.611107 -0.006513 0.707107
423 1.42632 1.26125 0.49026 -0.360996 0.60798 -0.006513 0.707107
424 1.42402 1.26496 0.49026 -0.366288 0.604806 -0.006513 0.707107
425 1.4217 1.26865 0.49026 -0.371552 0.601587 -0.006513 0.707107
426 1.41934 1.27232 0.49026 -0.376812 0.598333 -0.00323372 0.707107
427 1.41694 1.27597 0.49026 -0.382019 0.595022 -0.00323372 0.707107
428 1.41452 1.2796 0.49026 -0.387214 0.591663 4.56345e-05 0.707107
429 1.41206 1.2832 0.49026 -0.392363 0.588262 4.56345e-05 0.707107
430 1.40958 1.28679 0.49026 -0.397481 0.584815 4.56345e-05 0.707107
431 1.40706 1.29035 0.49026 -0.402569 0.581324 4.56345e-05 0.707107
432 1.40451 1.29389 0.49026 -0.407627 0.577789 -4.56345e-05 0.707107
433 1.40193 1.29741 0.487013 -0.409986 0.576117 -0.000121688 0.707107
434 1.39932 1.30091 0.483766 -0.412338 0.574436 -0.000152105 0.707107
435 1.39668 1.30438 0.480519 -0.414684 0.572746 -0.000182518 0.707107
436 1.39401 1.30783 0.480519 -0.419666 0.569105 -0.000182518 0.707107
437 1.3913 1.31126 0.480519 -0.424616 0.565421 -0.000182518 0.707107
438 1.38857 1.31466 0.480519 -0.429534 0.561694 -0.000182518 0.707107
439 1.38581 1.31804 0.480519 -0.43442 0.557924 -0.000273773 0.707107
440 1.38302 1.32139 0.480519 -0.439272 0.554112 -0.000273773 0.707107
441 1.3802 1.32472 0.480519 -0.444091 0.550257 -0.000273773 0.707107
442 1.37735 1.32803 0.480519 -0.448905 0.546325 -0.00355189 0.707107
443 1.37448 1.33131 0.480519 -0.453656 0.542387 -0.00355189 0.707107
444 1.37157 1.33457 0.480519 -0.458372 0.538408 -0.00355189 0.707107
445 1.36864 1.3378 0.480519 -0.463053 0.534387 -0.00355189 0.707107
446 1.36568 1.341 0.480519 -0.467699 0.530326 -0.00355189 0.707107
447 1.36269 1.34418 0.477273 -0.46988 0.528361 -0.00687463 0.707107
448 1.35967 1.34733 0.477273 -0.474473 0.52424 -0.00687463 0.707107
449 1.35663 1.35045 0.474026 -0.476612 0.522296 -0.00691918 0.707107
450 1.35355 1.35355 0.474026 -0.481129 0.518139 -0.00679787 0.707107
451 1.35045 1.35663 0.470779 -0.483222 0.51619 -0.00669042 0.707107
452 1.34733 1.35967 0.470779 -0.487659 0.511949 -0.00983026 0.707107
453 1.34418 1.36269 0.470779 -0.492108 0.507674 -0.00983026 0.707107
454 1.341 1.36568 0.470779 -0.49652 0.50336 -0.00983026 0.707107
455 1.3378 1.36864 0.470779 -0.500893 0.499008 -0.00983026 0.707107
456 1.33457 1.37157 0.470779 -0.505139 0.494537 -0.0163828 0.707107
457 1.33131 1.37448 0.470779 -0.509435 0.49011 -0.0163828 0.707107
458 1.32803 1.37735 0.470779 -0.513692 0.485646 -0.0163828 0.707107
459 1.32472 1.3802 0.470779 -0.517911 0.481144 -0.0163828 0.707107
460 1.32139 1.38302 0.474026 -0.524231 0.474125 -0.0196622 0.707107
461 1.31804 1.38581 0.474026 -0.528273 0.46947 -0.0229382 0.707107
462 1.31466 1.38857 0.477273 -0.534412 0.462295 -0.0262179 0.707107
463 1.31126 1.3913 0.477273 -0.538426 0.457613 -0.0262179 0.707107
464 1.30783 1.39401 0.477273 -0.542297 0.452818 -0.0294933 0.707107
465 1.30438 1.39668 0.477273 -0.546113 0.44798 -0.0327681 0.707107
466 1.30091 1.39932 0.477273 -0.549874 0.443102 -0.0360422 0.707107
467 1.29741 1.40193 0.477273 -0.55372 0.438286 -0.0360422 0.707107
468 1.29389 1.40451 0.477273 -0.557229 0.433223 -0.042588 0.707107
469 1.29035 1.40706 0.477273 -0.560988 0.428344 -0.042588 0.707107
470 1.28679 1.40958 0.477273 -0.564818 0.42327 -0.042694 0.707107
471 1.2832 1.41206 0.477273 -0.568603 0.418162 -0.0427991 0.707107
472 1.2796 1.41452 0.477273 -0.57223 0.413184 -0.0427991 0.707107
473 1.27597 1.41694 0.477273 -0.575924 0.408009 -0.0429033 0.707107
474 1.27232 1.41934 0.477273 -0.579462 0.402967 -0.0429033 0.707107
475 1.26865 1.4217 0.477273 -0.582957 0.397895 -0.0429033 0.707107
476 1.26496 1.42402 0.477273 -0.586407 0.392793 -0.0429033 0.707107
477 1.26125 1.42632 0.480519 -0.591609 0.384917 -0.0428636 0.707107
478 1.25752 1.42858 0.480519 -0.595085 0.379877 -0.039591 0.707107
479 1.25377 1.43081 0.480519 -0.598377 0.374669 -0.039591 0.707107
480 1.25 1.43301 0.480519 -0.601716 0.369274 -0.0396793 0.707107
481 1.24621 1.43518 0.480519 -0.604916 0.364009 -0.0396793 0.707107
482 1.2424 1.43731 0.480519 -0.608069 0.358717 -0.0396793 0.707107
483 1.23858 1.43941 0.480519 -0.611176 0.353397 -0.0396793 0.707107
484 1.23474 1.44147 0.480519 -0.614363 0.348186 -0.0364061 0.707107
485 1.23087 1.44351 0.480519 -0.617491 0.342938 -0.0331321 0.707107
486 1.227 1.4455 0.480519 -0.62046 0.337537 -0.0331321 0.707107
487 1.2231 1.44747 0.480519 -0.623382 0.33211 -0.0331321 0.707107
488 1.21919 1.4494 0.480519 -0.626257 0.326657 -0.0331321 0.707107
489 1.21526 1.45129 0.483766 -0.630636 0.318118 -0.033148 0.707107
490 1.21131 1.45315 0.487013 -0.634935 0.30979 -0.0298001 0.707107
491 1.20735 1.45498 0.487013 -0.637614 0.304238 -0.0298001 0.707107
492 1.20337 1.45677 0.49026 -0.641627 0.295689 -0.0297262 0.707107
493 1.19937 1.45853 0.49026 -0.644182 0.290078 -0.0297262 0.707107
494 1.19537 1.46025 0.493506 -0.648005 0.281442 -0.0296518 0.707107
495 1.19134 1.46194 0.493506 -0.650527 0.275897 -0.0263756 0.707107
496 1.1873 1.46359 0.493506 -0.65291 0.270209 -0.0263756 0.707107
497 1.18325 1.46521 0.493506 -0.655243 0.264501 -0.0263756 0.707107
498 1.17918 1.46679 0.493506 -0.657526 0.258773 -0.0263756 0.707107
499 1.1751 1.46834 0.493506 -0.659802 0.252911 -0.0264029 0.707107
500 1.17101 1.46985 0.496753 -0.663127 0.244071 -0.0263125 0.707107
501 1.1669 1.47132 0.496753 -0.665231 0.238275 -0.0263125 0.707107
502 1.16278 1.47276 0.496753 -0.667364 0.232584 -0.0230361 0.707107
503 1.15865 1.47416 0.496753 -0.669368 0.226751 -0.0230361 0.707107
504 1.15451 1.47553 0.5 -0.672309 0.217887 -0.0229478 0.707107
505 1.15035 1.47686 0.5 -0.674184 0.212011 -0.0229478 0.707107
506 1.14619 1.47815 0.503247 -0.676929 0.203084 -0.0228889 0.707107
507 1.14201 1.47941 0.503247 -0.678676 0.197169 -0.0228889 0.707107
508 1.13782 1.48063 0.506494 -0.681331 0.188166 -0.0195498 0.707107
509 1.13362 1.48182 0.506494 -0.682947 0.182213 -0.0195498 0.707107
510 1.12941 1.48296 0.506494 -0.684511 0.176247 -0.0195498 0.707107
511 1.12519 1.48407 0.506494 -0.686023 0.170267 -0.0195498 0.707107
512 1.12096 1.48515 0.506494 -0.68746 0.164362 -0.0195817 0.707107
513 1.11672 1.48618 0.506494 -0.688847 0.158445 -0.0196132 0.707107
514 1.11248 1.48719 0.506494 -0.690183 0.152516 -0.0196443 0.707107
515 1.10822 1.48815 0.506494 -0.691468 0.146576 -0.0196749 0.707107
516 1.10396 1.48907 0.506494 -0.692721 0.140537 -0.0196749 0.707107
517 1.09968 1.48996 0.506494 -0.694003 0.134503 -0.0163964 0.707107
518 1.0954 1.49081 0.506494 -0.695217 0.128454 -0.0131175 0.707107
519 1.09112 1.49163 0.506494 -0.696364 0.122392 -0.00983841 0.707107
520 1.08682 1.4924 0.506494 -0.697406 0.116311 -0.00983841 0.707107
521 1.08252 1.49314 0.506494 -0.698387 0.110266 -0.00986873 0.707107
522 1.07822 1.49384 0.506494 -0.699322 0.104167 -0.00986873 0.707107
523 1.0739 1.49451 0.506494 -0.700205 0.0980602 -0.00986873 0.707107
524 1.06959 1.49513 0.506494 -0.701034 0.0919463 -0.00986873 0.707107
525 1.06526 1.49572 0.506494 -0.70181 0.0858251 -0.00986873 0.707107
526 1.06093 1.49627 0.506494 -0.702532 0.0796975 -0.00986873 0.707107
527 1.0566 1.49679 0.506494 -0.703201 0.0735637 -0.00986873 0.707107
528 1.05226 1.49726 0.506494 -0.703855 0.0674133 -0.00658941 0.707107
529 1.04792 1.4977 0.506494 -0.704417 0.0612685 -0.00658941 0.707107
530 1.04358 1.4981 0.506494 -0.704948 0.0551058 -0.00330995 0.707107
531 1.03923 1.49846 0.506494 -0.705403 0.0489522 -0.00330995 0.707107
532 1.03488 1.49878 0.506494 -0.705802 0.0428099 -0.00334027 0.707107
533 1.03052 1.49907 0.506494 -0.706148 0.0366646 -0.00337051 0.707107
534 1.02617 1.49931 0.506494 -0.706441 0.030501 -0.00337051 0.707107
535 1.02181 1.49952 0.506494 -0.70668 0.024335 -0.00337051 0.707107
536 1.01745 1.4997 0.506494 -0.706865 0.0181672 -0.00337051 0.707107
537 1.01309 1.49983 0.5 -0.706856 0.0185553 -0.00327939 0.707107
538 1.00873 1.49992 0.5 -0.706991 0.0123861 -0.00327939 0.707107
539 1.00436 1.49998 0.496753 -0.707036 0.00949523 -0.00323372 0.707107
540 1 1.5 0.493506 -0.707069 0.00660434 -0.00318798 0.707107
541 0.995637 1.49998 0.487013 -0.707065 0.00699246 -0.00309629 0.707107
542 0.991274 1.49992 0.487013 -0.707099 0.000821953 -0.00309629 0.707107
543 0.986912 1.49983 0.487013 -0.70708 -0.00533433 -0.00303521 0.707107
544 0.98255 1.4997 0.487013 -0.707007 -0.0115045 -0.00303521 0.707107
545 0.97819 1.49952 0.487013 -0.706879 -0.0176738 -0.00303521 0.707107
546 0.973832 1.49931 0.49026 -0.70658 -0.0271187 -0.00309629 0.707107
547 0.969476 1.49907 0.49026 -0.706315 -0.0332982 -0.00314217 0.707107
548 0.965122 1.49878 0.49026 -0.705998 -0.0394605 -0.00314217 0.707107
549 0.96077 1.49846 0.49026 -0.705625 -0.0456345 -0.00318798 0.707107
550 0.956422 1.4981 0.49026 -0.7052 -0.0517906 -0.00318798 0.707107
551 0.952077 1.4977 0.49026 -0.704722 -0.0579425 -0.00318798 0.707107
552 0.947736 1.49726 0.49026 -0.704189 -0.0640901 -0.00318798 0.707107
553 0.943398 1.49679 0.49026 -0.703603 -0.0702328 -0.00318798 0.707107
554 0.939065 1.49627 0.49026 -0.702944 -0.0763371 -0.00646715 0.707107
555 0.934737 1.49572 0.493506 -0.701861 -0.0857247 -0.00649793 0.707107
556 0.930413 1.49513 0.493506 -0.701086 -0.0918462 -0.00649793 0.707107
557 0.926095 1.49451 0.493506 -0.700258 -0.0979608 -0.00649793 0.707107
558 0.921783 1.49384 0.496753 -0.698886 -0.107311 -0.00652856 0.707107
559 0.917476 1.49314 0.496753 -0.697923 -0.113405 -0.00652856 0.707107
560 0.913176 1.4924 0.496753 -0.696907 -0.119492 -0.00652856 0.707107
561 0.908882 1.49163 0.5 -0.695247 -0.128795 -0.00655906 0.707107
562 0.904595 1.49081 0.5 -0.694097 -0.134857 -0.00655906 0.707107
563 0.900316 1.48996 0.506494 -0.691556 -0.14733 -0.00661962 0.707107
564 0.896044 1.48907 0.506494 -0.690213 -0.153322 -0.00989883 0.707107
565 0.89178 1.48815 0.506494 -0.688804 -0.159298 -0.0131778 0.707107
566 0.887524 1.48719 0.506494 -0.687387 -0.165303 -0.0131778 0.707107
567 0.883277 1.48618 0.506494 -0.685919 -0.171295 -0.0131778 0.707107
568 0.879039 1.48515 0.506494 -0.684398 -0.177274 -0.0131778 0.707107
569 0.87481 1.48407 0.506494 -0.682809 -0.183299 -0.0131478 0.707107
570 0.87059 1.48296 0.50974 -0.680236 -0.192376 -0.016441 0.707107
571 0.866381 1.48182 0.50974 -0.678455 -0.198268 -0.0197193 0.707107
572 0.862181 1.48063 0.50974 -0.676674 -0.204268 -0.0196739 0.707107
573 0.857992 1.47941 0.50974 -0.67484 -0.210253 -0.019628 0.707107
574 0.853814 1.47815 0.50974 -0.672979 -0.216134 -0.019628 0.707107
575 0.849647 1.47686 0.50974 -0.671067 -0.221999 -0.019628 0.707107
576 0.845492 1.47553 0.50974 -0.669105 -0.227846 -0.019628 0.707107
577 0.841348 1.47416 0.50974 -0.667062 -0.233763 -0.0195817 0.707107
578 0.837216 1.47276 0.50974 -0.664997 -0.239575 -0.0195817 0.707107
579 0.833097 1.47132 0.50974 -0.66285 -0.245455 -0.019535 0.707107
580 0.82899 1.46985 0.50974 -0.660683 -0.25123 -0.019535 0.707107
581 0.824896 1.46834 0.50974 -0.658466 -0.256985 -0.019535 0.707107
582 0.820816 1.46679 0.50974 -0.656089 -0.262729 -0.0228126 0.707107
583 0.816749 1.46521 0.50974 -0.653772 -0.268444 -0.0228126 0.707107
584 0.812697 1.46359 0.50974 -0.651281 -0.274139 -0.0260897 0.707107
585 0.808658 1.46194 0.50974 -0.648864 -0.279812 -0.0260897 0.707107
586 0.804634 1.46025 0.50974 -0.64635 -0.285575 -0.0260421 0.707107
587 0.800625 1.45853 0.50974 -0.643691 -0.291209 -0.0293184 0.707107
588 0.796632 1.45677 0.50974 -0.641125 -0.296815 -0.0293184 0.707107
589 0.792653 1.45498 0.50974 -0.638511 -0.302398 -0.0293184 0.707107
590 0.788691 1.45315 0.50974 -0.635691 -0.307953 -0.0325941 0.707107
591 0.784744 1.45129 0.50974 -0.632979 -0.313488 -0.0325941 0.707107
592 0.780814 1.4494 0.50974 -0.63022 -0.319 -0.0325941 0.707107
593 0.776901 1.44747 0.50974 -0.627412 -0.324487 -0.0325941 0.707107
594 0.773005 1.4455 0.50974 -0.624625 -0.329816 -0.0326422 0.707107
595 0.769126 1.44351 0.50974 -0.621723 -0.335254 -0.0326422 0.707107
596 0.765264 1.44147 0.503247 -0.621978 -0.33477 -0.0327532 0.707107
597 0.761421 1.43941 0.503247 -0.619033 -0.340185 -0.0327532 0.707107
598 0.757595 1.43731 0.503247 -0.61604 -0.345574 -0.0327532 0.707107
599 0.753788 1.43518 0.503247 -0.613001 -0.350937 -0.0327532 0.707107
600 0.75 1.43301 0.503247 -0.609991 -0.356141 -0.0327695 0.707107
601 0.746231 1.43081 0.503247 -0.60686 -0.361451 -0.0327695 0.707107
602 0.742481 1.42858 0.503247 -0.603683 -0.366733 -0.0327695 0.707107
603 0.738751 1.42632 0.503247 -0.600539 -0.371857 -0.0327851 0.707107
604 0.73504 1.42402 0.503247 -0.597271 -0.377084 -0.0327851 0.707107
605 0.73135 1.4217 0.503247 -0.593958 -0.382282 -0.0327851 0.707107
606 0.727681 1.41934 0.5 -0.592475 -0.384576 -0.0327851 0.707107
607 0.724032 1.41694 0.496753 -0.591087 -0.386971 -0.0294769 0.707107
608 0.720404 1.41452 0.493506 -0.589503 -0.389383 -0.0294455 0.707107
609 0.716797 1.41206 0.49026 -0.587986 -0.391676 -0.0293663 0.707107
610 0.713212 1.40958 0.49026 -0.584546 -0.396792 -0.0293663 0.707107
611 0.709649 1.40706 0.487013 -0.583 -0.399067 -0.0292554 0.707107
612 0.706107 1.40451 0.480519 -0.583227 -0.398746 -0.0291274 0.707107
613 0.702589 1.40193 0.477273 -0.581595 -0.401127 -0.0290624 0.707107
614 0.699093 1.39932 0.474026 -0.579953 -0.403501 -0.0289968 0.707107
615 0.695619 1.39668 0.474026 -0.57641 -0.408547 -0.0289968 0.707107
616 0.692169 1.39401 0.470779 -0.574738 -0.4109 -0.0289306 0.707107
617 0.688743 1.3913 0.467532 -0.57312 -0.413374 -0.0255908 0.707107
618 0.68534 1.38857 0.467532 -0.569491 -0.41836 -0.0255908 0.707107
619 0.681961 1.38581 0.467532 -0.565868 -0.423433 -0.0223171 0.707107
620 0.678606 1.38302 0.467532 -0.562151 -0.428355 -0.0223171 0.707107
621 0.675276 1.3802 0.467532 -0.558392 -0.433244 -0.0223171 0.707107
622 0.67197 1.37735 0.464286 -0.556618 -0.435524 -0.0222512 0.707107
623 0.66869 1.37448 0.464286 -0.552796 -0.440365 -0.0222512 0.707107
624 0.665435 1.37157 0.464286 -0.548932 -0.445172 -0.0222512 0.707107
625 0.662205 1.36864 0.464286 -0.545027 -0.449945 -0.0222512 0.707107
626 0.659001 1.36568 0.464286 -0.54111 -0.454796 -0.0189778 0.707107
627 0.655823 1.36269 0.467532 -0.534982 -0.461986 -0.019043 0.707107
628 0.652671 1.35967 0.470779 -0.528759 -0.469094 -0.0191078 0.707107
629 0.649545 1.35663 0.470779 -0.524645 -0.47369 -0.0191078 0.707107
630 0.646447 1.35355 0.474026 -0.518266 -0.480659 -0.0191722 0.707107
631 0.643375 1.35045 0.477273 -0.511794 -0.487542 -0.0192362 0.707107
632 0.64033 1.34733 0.477273 -0.507534 -0.492092 -0.0159598 0.707107
633 0.637313 1.34418 0.477273 -0.503221 -0.496502 -0.0159598 0.707107
634 0.634323 1.341 0.480519 -0.496539 -0.503182 -0.0160229 0.707107
635 0.631361 1.3378 0.483766 -0.489769 -0.509772 -0.0160857 0.707107
636 0.628428 1.33457 0.487013 -0.482912 -0.516363 -0.0128702 0.707107
637 0.625522 1.33131 0.487013 -0.478387 -0.520557 -0.0128702 0.707107
638 0.622645 1.32803 0.487013 -0.473815 -0.524792 -0.00959208 0.707107
639 0.619797 1.32472 0.487013 -0.469196 -0.528975 -0.00631372 0.707107
640 0.616978 1.32139 0.487013 -0.464562 -0.53305 -0.00631372 0.707107
641 0.614188 1.31804 0.49026 -0.457397 -0.53921 -0.00637505 0.707107
642 0.611427 1.31466 0.49026 -0.452651 -0.5432 -0.00642117 0.707107
643 0.608696 1.31126 0.493506 -0.445327 -0.549219 -0.00649793 0.707107
644 0.605995 1.30783 0.493506 -0.440494 -0.553103 -0.00652856 0.707107
645 0.603323 1.30438 0.493506 -0.435626 -0.556944 -0.00655906 0.707107
646 0.600682 1.30091 0.493506 -0.430749 -0.560724 -0.00655906 0.707107
647 0.598072 1.29741 0.496753 -0.423217 -0.566431 -0.00655927 0.707107
648 0.595492 1.29389 0.496753 -0.418233 -0.570121 -0.00657441 0.707107
649 0.592942 1.29035 0.496753 -0.413255 -0.573767 -0.00330995 0.707107
650 0.590424 1.28679 0.5 -0.405551 -0.579239 -0.00327956 0.707107
651 0.587937 1.2832 0.5 -0.400468 -0.582765 -0.00327939 0.707107
652 0.585481 1.2796 0.503247 -0.392644 -0.588065 -0.00323372 0.707107
653 0.583057 1.27597 0.503247 -0.387497 -0.591469 -0.00323372 0.707107
654 0.580665 1.27232 0.503247 -0.382321 -0.594828 -0.00323372 0.707107
655 0.578304 1.26865 0.503247 -0.377116 -0.598141 -0.00323372 0.707107
656 0.575976 1.26496 0.503247 -0.371882 -0.60141 -0.00323372 0.707107
657 0.57368 1.26125 0.503247 -0.366619 -0.604632 -0.00323372 0.707107
658 0.571416 1.25752 0.506494 -0.358506 -0.609478 -0.00318798 0.707107
659 0.569185 1.25377 0.506494 -0.353253 -0.612537 0.00337051 0.707107
660 0.566987 1.25 0.506494 -0.347894 -0.615596 0.00337051 0.707107
661 0.564822 1.24621 0.506494 -0.342522 -0.618601 0.00340069 0.707107
662 0.56269 1.2424 0.50974 -0.334176 -0.623158 0.000228153 0.707107
663 0.560591 1.23858 0.512987 -0.325819 -0.627568 0.000304196 0.707107
664 0.558526 1.23474 0.516234 -0.317405 -0.631865 0.000456261 0.707107
665 0.556495 1.23087 0.516234 -0.311879 -0.634611 0.000456261 0.707107
666 0.554497 1.227 0.516234 -0.306329 -0.637309 0.000456261 0.707107
667 0.552533 1.2231 0.516234 -0.300756 -0.639957 0.000456261 0.707107
668 0.550603 1.21919 0.516234 -0.29516 -0.642558 0.000456261 0.707107
669 0.548707 1.21526 0.516234 -0.289544 -0.645108 0.00053228 0.707107
670 0.546846 1.21131 0.516234 -0.283903 -0.64761 0.00053228 0.707107
671 0.545019 1.20735 0.516234 -0.278241 -0.650063 0.00053228 0.707107
672 0.543227 1.20337 0.516234 -0.27256 -0.652465 0.000608287 0.707107
673 0.54147 1.19937 0.516234 -0.266856 -0.654819 0.000608287 0.707107
674 0.539748 1.19537 0.516234 -0.261131 -0.657123 0.000608287 0.707107
675 0.53806 1.19134 0.516234 -0.255387 -0.659376 0.000608287 0.707107
676 0.536408 1.1873 0.516234 -0.249623 -0.66158 0.000608287 0.707107
677 0.534791 1.18325 0.516234 -0.24384 -0.663733 0.000608287 0.707107
678 0.53321 1.17918 0.512987 -0.241018 -0.664757 -0.00285157 0.707107
679 0.531664 1.1751 0.50974 -0.238297 -0.665737 -0.00295827 0.707107
680 0.530154 1.17101 0.50974 -0.232478 -0.667791 -0.00295827 0.707107
681 0.528679 1.1669 0.50974 -0.226534 -0.669809 -0.00623586 0.707107
682 0.527241 1.16278 0.506494 -0.223721 -0.670713 -0.00965208 0.707107
683 0.525838 1.15865 0.503247 -0.220836 -0.67154 -0.0163165 0.707107
684 0.524472 1.15451 0.503247 -0.214967 -0.673441 -0.0163165 0.707107
685 0.523142 1.15035 0.5 -0.212211 -0.674313 -0.0163927 0.707107
686 0.521848 1.14619 0.5 -0.206392 -0.676117 -0.0163943 0.707107
687 0.52059 1.14201 0.5 -0.200483 -0.677892 -0.0163943 0.707107
688 0.519369 1.13782 0.5 -0.194479 -0.679552 -0.0196724 0.707107
689 0.518185 1.13362 0.5 -0.188541 -0.681223 -0.0196724 0.707107
690 0.517037 1.12941 0.5 -0.182677 -0.682819 -0.0196739 0.707107
691 0.515926 1.12519 0.496753 -0.179885 -0.683559 -0.0197193 0.707107
692 0.514852 1.12096 0.493506 -0.177178 -0.684265 -0.0197349 0.707107
693 0.513815 1.11672 0.49026 -0.17438 -0.684982 -0.0197643 0.707107
694 0.512815 1.11248 0.49026 -0.168485 -0.686458 -0.0197193 0.707107
695 0.511852 1.10822 0.487013 -0.165767 -0.68712 -0.0196724 0.707107
696 0.510926 1.10396 0.487013 -0.159765 -0.688541 -0.0196724 0.707107
697 0.510038 1.09968 0.487013 -0.15375 -0.689909 -0.0196724 0.707107
698 0.509186 1.0954 0.487013 -0.147724 -0.691224 -0.0196724 0.707107
699 0.508373 1.09112 0.487013 -0.141668 -0.69239 -0.02295 0.707107
700 0.507596 1.08682 0.487013 -0.135621 -0.6936 -0.02295 0.707107
701 0.506857 1.08252 0.487013 -0.129563 -0.694757 -0.02295 0.707107
702 0.506156 1.07822 0.487013 -0.123495 -0.695861 -0.02295 0.707107
703 0.505492 1.0739 0.487013 -0.117521 -0.696781 -0.0261661 0.707107
704 0.504866 1.06959 0.483766 -0.114674 -0.697256 -0.0261483 0.707107
705 0.504278 1.06526 0.483766 -0.108718 -0.698082 -0.0293476 0.707107
706 0.503727 1.06093 0.483766 -0.102622 -0.699005 -0.0293476 0.707107
707 0.503214 1.0566 0.483766 -0.0965183 -0.699874 -0.0293476 0.707107
708 0.502739 1.05226 0.483766 -0.0905425 -0.700675 -0.0292699 0.707107
709 0.502302 1.04792 0.483766 -0.0844245 -0.701438 -0.0292699 0.707107
710 0.501903 1.04358 0.483766 -0.0783001 -0.702148 -0.0292699 0.707107
711 0.501541 1.03923 0.483766 -0.07217 -0.702805 -0.0292699 0.707107
712 0.501218 1.03488 0.477273 -0.0725616 -0.702769 -0.0291711 0.707107
713 0.500933 1.03052 0.477273 -0.066426 -0.703375 -0.0291711 0.707107
714 0.500685 1.02617 0.474026 -0.0635524 -0.703643 -0.0291207 0.707107
715 0.500476 1.02181 0.474026 -0.0575443 -0.704165 -0.0289968 0.707107
716 0.500305 1.01745 0.474026 -0.0513971 -0.70464 -0.0289968 0.707107
717 0.500171 1.01309 0.474026 -0.0452461 -0.705062 -0.0289968 0.707107
718 0.500076 1.00873 0.477273 -0.035817 -0.705601 -0.0290624 0.707107
719 0.500019 1.00436 0.477273 -0.0296581 -0.705887 -0.0290624 0.707107
