-1.4441083669662476 1.3596787452697754 -0.03605414181947708 0.036114862885868654 0.028534244558083226 0.03982592355222468 0.10395412777917375
-0.4106680154800415 0.23009783029556274 0.5349099636077881 0.099571366051451 0.05462047535718721 0.12247076093073025 0.11762998979968226
-1.6504175662994385 1.7305004596710205 -0.0011792167788371444 0.09558448822590697 0.07769180216771152 0.10732419333856792 0.09711343245676687
2.01298451423645 -0.6422368884086609 0.07223372161388397 0.06943712442395802 0.029794583276838833 0.07611155679548394 0.11476387191710982
0.08378873765468597 1.4912288188934326 -0.12754012644290924 0.09829424058596715 0.03717077594273355 0.16910010343625365 0.14223950012137998
4.265073299407959 1.749876618385315 -0.1362127661705017 0.06582782799030457 0.06209971492771861 0.08475208023655496 0.0669627797084386
4.313263893127441 -0.724229633808136 -0.15127108991146088 0.11839413738669913 0.1017243872294049 0.17447118347862756 0.15591361251907407
3.3865251541137695 1.5208122730255127 0.020629609003663063 0.07858555358352667 0.028443100968022522 0.15354523125111166 0.11594515890111066
4.31024169921875 0.4977261424064636 -0.34227439761161804 0.11104010742731013 0.11073272113253865 0.15158451981933269 0.1533033083201599
4.614889144897461 -0.20304101705551147 -0.32767000794410706 0.05508202206472898 0.05174632714349897 0.09261274745593445 0.17942555687943618
-1.8118444681167603 1.3622649908065796 -0.2940347492694855 0.07714615505723259 0.024623384597774647 0.1395841661748116 0.08660569490942406
2.1200110912323 1.6047782897949219 -0.2479192018508911 0.0769855246042517 0.04040990456987417 0.09550057114555653 0.15464894629936293
-0.8670928478240967 1.1713824272155762 -0.2785171568393707 0.07856620525075353 0.07518474353305674 0.11359353941888886 0.17174358416546204
3.0882983207702637 1.3691192865371704 0.13041764497756958 0.042278202906668505 0.021248406478844354 0.14788570327451261 0.09826189814826292
3.424773693084717 -0.2353784292936325 0.05446214601397514 0.06910029127262671 0.030315097301499186 0.1572759218816213 0.16663879734748066
-1.298313856124878 -0.10329029709100723 0.345293790102005 0.05271688206720025 0.04327590165379645 0.06260106296783398 0.10381277833638561
5.242094039916992 -0.1818544566631317 -0.2899992763996124 0.07910242644338483 0.0727979339030392 0.15084806511927568 0.15986726935287648
2.951848030090332 -1.0036288499832153 -0.0670015960931778 0.07827574709485886 0.0577833857845379 0.10190939890597751 0.0983836055713278
1.7053136825561523 -0.02049882523715496 0.2647417485713959 0.09955195962973651 0.09016583702233473 0.14010079662975558 0.17533107125232952
0.745404839515686 0.039655543863773346 0.5863274335861206 0.09382714946994855 0.08340691381356344 0.12845981349841498 0.15138466538875056
-0.20108357071876526 1.1083765029907227 -0.26358720660209656 0.11337561166296531 0.036442266747171714 0.16236981073229584 0.15948810831272459
4.043754577636719 1.2592421770095825 -0.11138299107551575 0.07598970009384347 0.06549668557847331 0.16732641767579715 0.10126138258152298
1.454113483428955 0.9933512806892395 -0.1521197110414505 0.10017617539915027 0.0563121674992976 0.15881182889625078 0.17410990699670786
0.3800736367702484 1.2213573455810547 -0.356487900018692 0.05149924551496379 0.034130693971576385 0.14538263249967487 0.14697803064123616
-0.8986994028091431 0.6096518635749817 0.3166806399822235 0.1076301846674868 0.08874683020230298 0.12847646861999587 0.16713631675258947
2.167853832244873 1.2660397291183472 -0.04294222593307495 0.0770091370268281 0.031439503856419825 0.1709611627428535 0.11027633903547378
3.350649356842041 1.4120917320251465 -0.13256601989269257 0.03323855739279148 0.021179092355176163 0.1181243995420563 0.06705659013447005
3.318504810333252 -0.27430036664009094 -0.3032173812389374 0.08283473022821508 0.05775177475579382 0.14193280037472328 0.17118828169584005
-0.6961283087730408 1.1271111965179443 -0.23198173940181732 0.0737958956081819 0.042487609651956415 0.1768553146253647 0.12740056824622287
3.7509446144104004 1.1454201936721802 -0.38125279545783997 0.06862834885051053 0.04847496452025822 0.16941120909354182 0.08129729896903877
2.659080743789673 1.1561684608459473 0.08160244673490524 0.10220774623209751 0.02171078275080483 0.14525048529097348 0.10735456339077262
-1.8428983688354492 1.613421082496643 -0.0789095014333725 0.034927401287035316 0.021954309426798435 0.04987590579966336 0.07635254088747742
0.8311453461647034 -0.1919519007205963 0.1683431714773178 0.07899146239172992 0.044927532571165774 0.13192968164319602 0.15841583128116
2.82631254196167 0.687025785446167 -0.17782476544380188 0.09849424646788099 0.050540117321654046 0.11210327518878971 0.1420702437213837
-0.007826223969459534 0.34008967876434326 -0.193013533949852 0.11092125102510678 0.03916409013799803 0.14781760530727656 0.12519925046109343
3.1389219760894775 -0.5591200590133667 -0.24465316534042358 0.058202429218150296 0.03280308789180582 0.11051674857548446 0.16888199218506994
1.6014463901519775 1.3025226593017578 0.06960884481668472 0.09999864676925552 0.029063785002285937 0.12037767673055288 0.16845394017873855
0.4538189768791199 -0.10513956099748611 0.15031598508358002 0.09748150621128196 0.04426761585622241 0.10667144481599702 0.10453849985553491
3.8156092166900635 1.8070863485336304 -0.39646032452583313 0.08176742768694452 0.07677055181592639 0.09451167052229043 0.12133691874867847
0.5079951286315918 0.42519494891166687 0.3201749920845032 0.08143095216340525 0.026165272695389978 0.1713808979245558 0.11315279787582624
1.0733705759048462 1.6014329195022583 -0.026357369497418404 0.04814755560809397 0.04496957880411218 0.0939400710753298 0.14562882297482527
2.929344415664673 -0.4143238961696625 -0.12430264055728912 0.117920092667323 0.11791773971838058 0.16592148049612016 0.1520827489831909
-0.8343464136123657 0.5092657804489136 0.2330116182565689 0.08472446928698266 0.020237493270432595 0.11166980191258458 0.14118003605854954
-0.7886829376220703 1.2012470960617065 -0.3619856536388397 0.05944928565294514 0.042874775984449484 0.15542178353231928 0.10397362637436498
4.023909568786621 1.5899888277053833 -0.11276715993881226 0.09908614500462648 0.08646332261583081 0.1342885922919539 0.15422961809189792
2.109084129333496 -1.1564737558364868 0.15467430651187897 0.045239860037966546 0.028389604517663994 0.14832296751987806 0.13971255012292544
0.9135699272155762 1.2316555976867676 -0.04886997491121292 0.05379274144155795 0.03381957987837135 0.17616522610459726 0.05439486238749342
0.2929464876651764 1.5675829648971558 -0.25565460324287415 0.08545990577362908 0.053135286903103596 0.09223198252653661 0.09409753519750584
-0.5095446705818176 0.44741857051849365 0.303427517414093 0.0478787032037697 0.032021847519081804 0.13779656232093876 0.13609012821471245
4.020035743713379 0.2457016110420227 -0.33416548371315 0.087704766703605 0.04601513368578165 0.14247582959163227 0.11494446547131489
3.0000529289245605 -0.9981898665428162 -0.14280350506305695 0.09194654271248787 0.083262120286408 0.09404207114484277 0.12150332453860548
2.1612789630889893 0.0030581592582166195 -0.17845582962036133 0.06907281219452462 0.020639753944602112 0.14868523056186356 0.16802839549445042
3.8515000343322754 -0.12736673653125763 -0.14650970697402954 0.11942042424182149 0.11143551631908279 0.15764656918679212 0.12208297864236162
4.002476692199707 0.445248007774353 -0.09152960777282715 0.0641566421392925 0.029421202194141488 0.12193282869514926 0.14633376337658546
2.0072388648986816 -0.01635691337287426 -0.42684614658355713 0.050164288871065776 0.03534022693628042 0.14449252846236887 0.10272234998053659
0.46413180232048035 0.3758927285671234 0.3560672104358673 0.06700451731556657 0.02536416829989263 0.15820217083324506 0.10927230055477788
0.8484604954719543 0.9515324831008911 -0.4238143563270569 0.039106846394398515 0.02116013433737429 0.08507193812609398 0.05941503307718253
0.9157935976982117 0.9162552356719971 -0.0340653732419014 0.08431215114168068 0.03965255614554623 0.09428586067660875 0.1179283967857323
3.685628652572632 0.2450878769159317 -0.043259263038635254 0.047447568336847774 0.020612368054021248 0.14618544670604597 0.17210079155191896
1.249269723892212 1.1687616109848022 0.16347894072532654 0.03425252936556688 0.02102556691125129 0.11864466245703958 0.1685971819014181
-1.3463134765625 1.2982288599014282 0.08077860623598099 0.07862630706891924 0.0721276642421356 0.16486287025363763 0.16805096778818085
3.7936911582946777 -0.13627071678638458 -0.23241817951202393 0.0395819245174845 0.03620424045013016 0.12114335965543563 0.12410905356155993
2.2705228328704834 1.2733209133148193 0.15560540556907654 0.04362753377359298 0.02823088539932616 0.09002400489079913 0.08561504507994916
-2.156092405319214 -0.08078960329294205 -0.15190677344799042 0.06492698839129166 0.048846492790435334 0.11290939765353875 0.07877066683154361
0.19680824875831604 0.8892488479614258 -0.25372976064682007 0.03440873599732678 0.03234005606443453 0.09370842055485772 0.0718646449603195
3.9676408767700195 1.1639117002487183 -0.3697015345096588 0.10995193220507198 0.06479030944102798 0.13779770041666153 0.1772485525705787
-1.566353440284729 0.7571154236793518 0.6918936371803284 0.03491016322147136 0.021772512734649467 0.16740279185770154 0.1062817710089637
3.4874625205993652 0.06543774157762527 -0.2272268533706665 0.06872541073928229 0.04784555590180893 0.08503759756555362 0.16808525804440588
3.8071134090423584 0.5134386420249939 0.038945529609918594 0.03585810029421661 0.03014127984392969 0.12647896198716926 0.0957453519724121
4.198843955993652 -0.518115758895874 0.06731344759464264 0.08683387312882238 0.07342913338952249 0.11248316054328532 0.14092828693021514
4.137482166290283 1.5601309537887573 0.09821920841932297 0.10195098548059942 0.08505056641452838 0.17364527926097362 0.11768092417533696
1.4272652864456177 1.10689377784729 -0.29926663637161255 0.05277091098333661 0.025643812564510975 0.1349325489544828 0.05914109217284385
0.05490909889340401 1.4868899583816528 -0.25814759731292725 0.09281794234474747 0.0863641544961971 0.17155973984966824 0.0930623949745954
3.694040060043335 0.6929184794425964 0.11340907961130142 0.0731863853282425 0.05169193337633622 0.14781536165949993 0.17414317934740794
3.7630319595336914 -0.5948078632354736 0.035104457288980484 0.11133949704450859 0.02500929420762054 0.14430060755593546 0.15698109942790492
5.253047943115234 2.057623863220215 0.030206073075532913 0.08183813490236003 0.07019441200026444 0.1608287349420206 0.10168754685143402
1.3976913690567017 -0.8285506963729858 0.4332868456840515 0.03849367640547503 0.025260779776927186 0.0719977154555625 0.12094199170475123
1.0616294145584106 -0.43413788080215454 0.3183237612247467 0.040622239909254815 0.02534391840052715 0.13141946635992421 0.11489675273156229
-0.07143215090036392 0.5081666707992554 -0.24301020801067352 0.1057072676956651 0.03270731864869299 0.1313275248716281 0.14314273086228402
0.8202383518218994 -0.04308171197772026 0.3558131754398346 0.05211617805394825 0.03145378565559301 0.1776177780040202 0.06235041049176713
0.6946554183959961 -0.2784416079521179 0.37948814034461975 0.09058091916915839 0.03535643557577766 0.16713520108193805 0.09511981107744308
3.5097670555114746 0.7252376675605774 -0.40986180305480957 0.0737550494560212 0.04665710559113383 0.17109344450033634 0.1739298645631578
-1.1373189687728882 -0.015089641325175762 0.656971275806427 0.07337933497060478 0.04605669592866341 0.10240472513756702 0.09838689570504039
3.5327796936035156 -0.11036094278097153 -0.4088335931301117 0.057778463590168264 0.05141812951363013 0.08789013545833649 0.11233235905443613
1.2904133796691895 -0.6141316890716553 0.448039710521698 0.10037423357198313 0.04447432373858363 0.12232933506249287 0.1256178005329619
0.3742808997631073 1.0132615566253662 0.10976594686508179 0.07382005066308064 0.05309355417513083 0.14545407376811229 0.1652432290704356
4.169609546661377 1.5230679512023926 -0.3581252992153168 0.09595559275392652 0.033441195949405825 0.13161199908870025 0.16513562064620557
-1.7002062797546387 0.5245431661605835 0.25113925337791443 0.09457547028376832 0.032118665580131704 0.10686957959826021 0.1581051516349693
0.935062050819397 0.3384733200073242 0.3554352819919586 0.0728617107270763 0.061023562296274286 0.08052457264284674 0.12990083717136938
1.0692707300186157 0.5289227962493896 0.5216506123542786 0.08203041360355429 0.05816750209641704 0.1529286251412262 0.17418313247682427
0.7407830357551575 -0.6060178875923157 0.5823717713356018 0.06006515433676113 0.03179744998700271 0.13166096400930782 0.15231121168101386
-1.641247034072876 2.1918444633483887 0.14633284509181976 0.0742440941096974 0.06333867945333709 0.11309926372244758 0.16680567669685395
4.0012736320495605 1.1365984678268433 -0.3636292517185211 0.0652429604552291 0.02993509555571127 0.1357478055712431 0.1598186429608283
0.699288010597229 0.08154802769422531 0.5715462565422058 0.03779082972389455 0.0225147589528592 0.05006371079426996 0.17122213784970505
2.640110731124878 1.2254139184951782 0.12759941816329956 0.03629270031420978 0.03443557710471302 0.07643951533847272 0.10924335265174712
2.289562702178955 0.8473867177963257 -0.1246851310133934 0.09898516955517525 0.04695958254339512 0.14302541571723854 0.1654923688346541
2.9862890243530273 1.0392813682556152 -0.4274361729621887 0.08983948525798163 0.0625706203168637 0.14204561414668665 0.14704558321849615
-1.3624478578567505 -0.20468126237392426 0.23425444960594177 0.11141570823766339 0.08713521501359196 0.17832628605972686 0.15375368722355529
-1.055242896080017 1.7313977479934692 -0.34159982204437256 0.09802879424708906 0.0874861891147598 0.1187902911574834 0.15245574074171256
4.953423500061035 1.4018915891647339 -0.21163441240787506 0.045558911817326506 0.025806243765396905 0.09125577196853796 0.10920050335052638
4.012781143188477 -0.31077319383621216 0.1271338313817978 0.04811172281668663 0.04659215009254833 0.1419470311541072 0.12254867624501133
0.38497909903526306 0.39794185757637024 0.5191124081611633 0.08286359256314653 0.027169711604510767 0.1680148656661648 0.10457314717886795
-1.550446629524231 0.5955777764320374 0.3378022313117981 0.04678699864311412 0.04459125096420265 0.11305525277007084 0.058655710936190236
4.989150047302246 -0.01721995137631893 0.1500270813703537 0.06514388433687904 0.02935290028438601 0.10426144583779551 0.17086188312387096
3.1467792987823486 -0.6409249901771545 -0.053413353860378265 0.03932642362415564 0.028947460608223147 0.1025730884097308 0.16509010419622505
2.662975549697876 -0.016595423221588135 -0.1080302894115448 0.08297217449776378 0.032155370623602075 0.15643317302958273 0.1395633100965064
-0.14603130519390106 -0.4775111973285675 -0.16108736395835876 0.1048159316533253 0.0725276327713499 0.12760098287798766 0.1565978923979512
4.271449565887451 -0.2978094220161438 -0.16872479021549225 0.11122543762290303 0.02188767758990361 0.16859783898789746 0.1636883727279956
1.9693630933761597 -1.085330843925476 0.04180770739912987 0.05440593266039223 0.02595039373091549 0.0741655856769739 0.1613793277448859
4.876948356628418 -0.10768407583236694 0.06631834805011749 0.09685676512316177 0.07075119338467051 0.11087225941432241 0.16122357396226927
-1.4951592683792114 1.790677785873413 -0.13953299820423126 0.06824708263323526 0.040451147224961154 0.12755964868037456 0.12260156961103412
-1.5783579349517822 -0.3360203504562378 0.5482833981513977 0.036420420122395505 0.036115459254061885 0.06575648227682102 0.05782562535120339
-2.2100777626037598 -0.061792097985744476 -0.14605210721492767 0.1116288476314325 0.0632515947494102 0.11844929598009506 0.12653926279229138
1.4071649312973022 1.5374642610549927 -0.36869585514068604 0.09222315036410153 0.02626959714784818 0.16981506325638376 0.15836345848614503
-0.5115012526512146 0.19023902714252472 0.17292757332324982 0.10818396648213673 0.051430367332167395 0.12223255836164688 0.17306979023255736
3.5723800659179688 1.8189607858657837 -0.0552728995680809 0.038610296577789666 0.026278275228795427 0.1374739452750232 0.17699107315663998
2.3977746963500977 0.8543897867202759 -0.04853237420320511 0.08342546988855404 0.042938531570374194 0.1542725403449779 0.12776369003192994
-1.7574878931045532 1.3907040357589722 -0.28056544065475464 0.0836455849308893 0.04608757518827217 0.0846736767737668 0.16826384159828534
-0.9963664412498474 1.021504521369934 -0.4234173595905304 0.03741057343776013 0.028255325413012317 0.05039230151599234 0.03981694800470361
-1.5621910095214844 1.7322914600372314 0.02243497408926487 0.11856141523307989 0.047569137156461216 0.14159066411729268 0.14100936131773995
5.103353977203369 2.0651750564575195 0.027584776282310486 0.11648934747874312 0.034598509950502856 0.15657351405370412 0.15328986182424492
4.596809387207031 1.586214303970337 -0.3314071595668793 0.09622106437616303 0.06670572885012031 0.1104030277440142 0.12837660342526197
1.5812358856201172 0.38497495651245117 0.391850084066391 0.08147310113020728 0.021911645932831986 0.12479141806790192 0.155910138885048
2.5834927558898926 -1.1988005638122559 -0.290870726108551 0.07819888817294651 0.06652367104856907 0.08163982022455461 0.1456631217442889
2.891150712966919 0.9951021075248718 -0.4004954397678375 0.04717466857808965 0.044891795391153524 0.05601714813886065 0.16551964567650074
2.451272964477539 1.3728818893432617 -0.11855819821357727 0.06389743769073977 0.05217000611339764 0.10615851765944655 0.14532191482155066
4.109279155731201 0.8563149571418762 -0.24579577147960663 0.08828778926045946 0.05640647215617725 0.14667782733028373 0.105965803396919
3.250821113586426 0.9375576376914978 -0.17336013913154602 0.05659588765501827 0.04309754243738271 0.0631677002640008 0.09998963319052637
-1.4125339984893799 0.123419851064682 0.1288299262523651 0.07283147825630516 0.03607804716055381 0.1458395823051558 0.15257060519874732
1.4887844324111938 0.024838484823703766 0.3418075144290924 0.10677414091378407 0.08876948772969047 0.111545405304157 0.11294282281967229
-1.7583054304122925 1.5330311059951782 -0.20680369436740875 0.08084312338256652 0.0805719867339771 0.12881152539260868 0.12069404612890804
3.726158618927002 1.0055208206176758 -0.2957732081413269 0.05850675042649521 0.03560726274696433 0.15083341195475625 0.16701377247715377
-2.246600866317749 -0.29927894473075867 -0.33345815539360046 0.03892507592490059 0.026649651824738517 0.16385877626882844 0.12394546236460646
3.6851119995117188 0.6139512062072754 -0.13309945166110992 0.059831804335961386 0.043304638823955466 0.1593479823953201 0.12303565540419008
4.0684099197387695 0.7015406489372253 -0.3002261221408844 0.10786716280100418 0.06472424540534362 0.1730261486821491 0.14969905583394005
0.8907212615013123 0.07552895694971085 0.16801691055297852 0.10175044208893846 0.024583400634075235 0.17979595794344452 0.1660898325674267
3.695643424987793 -0.05692903324961662 0.12092068791389465 0.07554465534070201 0.04803258007234995 0.09028630454991773 0.11771018107424974
3.175912380218506 0.6377847790718079 0.10788321495056152 0.06026642849550756 0.04229287521516224 0.08026094604231862 0.10892888676384366
1.1356171369552612 -0.13464634120464325 0.28349024057388306 0.06678663663258286 0.04621308143817609 0.06766143845633059 0.12903666665468558
0.3382425606250763 1.0511735677719116 0.04148339107632637 0.04238379075043915 0.020991658776080842 0.1755813246620985 0.10432360682210319
3.3038864135742188 1.5365439653396606 0.08041375875473022 0.05469855327329874 0.04712174934190155 0.06307993831373188 0.15838259893008436
-1.81352961063385 1.1621559858322144 -0.3057268261909485 0.10557614564296641 0.06272978872028685 0.1340666978104345 0.16768249928092094
1.5555431842803955 0.05755823478102684 0.2472003698348999 0.11919787724080168 0.035746895779432124 0.16936537013327105 0.15529308652983845
4.535252571105957 1.664161205291748 0.10844144225120544 0.04619466465543781 0.036513855910653426 0.15507699877463488 0.0672655557059517
0.7839752435684204 1.0461622476577759 -0.12154077738523483 0.07663814943195507 0.054631406560001344 0.16427945961145696 0.12184956143152673
1.158087968826294 -0.08815138787031174 0.11504650115966797 0.04004188331974555 0.03949604848755785 0.06379686285562879 0.17703000848732287
2.884906530380249 1.0864934921264648 -0.42892882227897644 0.06424336779544784 0.04198451726108657 0.16265669154246623 0.1777785885691756
-1.73975670337677 0.3885374069213867 0.43832552433013916 0.08863722241778539 0.04026733233323082 0.1723383447203308 0.09777297607774266
1.9821677207946777 0.9826246500015259 -0.27298590540885925 0.1077731748638129 0.035153024498186886 0.11073844318782948 0.15057910278174083
5.206810474395752 1.5576746463775635 -0.3314491808414459 0.055308911745574646 0.03180577903600585 0.13235491975432298 0.16858485505390136
1.4577887058258057 0.42768096923828125 0.582683265209198 0.09593234142381331 0.04331683834671586 0.1029195342317755 0.15412791895940434
4.997341632843018 1.6043128967285156 0.09779071062803268 0.06107525487763757 0.04276788949555727 0.13071156120262947 0.14593311692522198
-2.422868251800537 -0.4213237166404724 -0.30017995834350586 0.05492574111906818 0.050338430631976905 0.12041881809113664 0.15722514423751674
3.9153616428375244 0.6249505281448364 -0.32863229513168335 0.08583697478279259 0.02214474246477443 0.10531986441485615 0.11579677899518111
1.1407626867294312 0.5394206047058105 0.5003769397735596 0.11401672486600557 0.11300567219894063 0.15159774324875028 0.11829629586545662
1.3708512783050537 0.3488972783088684 0.5439268350601196 0.10711530883904637 0.044909350500418804 0.10870477901840929 0.16110262066959313
-1.756052851676941 0.18721503019332886 0.4178102910518646 0.07046375434336044 0.0474220495418073 0.17224376930307556 0.1314866368994111
2.2250187397003174 0.8474853038787842 -0.3253633677959442 0.040721800894407606 0.03901189695101602 0.08466251003373487 0.04521297671719499
2.818880796432495 1.5062577724456787 -0.4138173758983612 0.10997139016415529 0.04408274036015961 0.11034191502948013 0.17000502886281005
4.426429748535156 1.1856504678726196 -0.25542891025543213 0.11106639026397329 0.04247145621790374 0.16169747602849024 0.15177333621925582
0.957680344581604 1.580208420753479 -0.12627013027668 0.07664318049237154 0.0545833559259524 0.15002769623874745 0.16658592756988494
1.5662825107574463 -0.028233015909790993 0.2494278997182846 0.07579483763856107 0.03683844193321386 0.1081437553189547 0.0996272350725878
4.827855110168457 0.9901859760284424 0.11276298761367798 0.06792838514097504 0.06338164009574626 0.15239157910853618 0.15889091051455206
1.355339527130127 -0.5818163156509399 0.3798619508743286 0.09704526362425552 0.09064044721731747 0.1088023836845812 0.14192804745522916
0.03446722403168678 -0.32836678624153137 -0.2962997555732727 0.05431304366639776 0.02779342451097235 0.17368868848899344 0.05869339159317096
-1.4982057809829712 0.2959464490413666 0.5535314679145813 0.10646356754311082 0.08000641678766325 0.15436778323154832 0.1225049513164243
4.868099689483643 1.721321940422058 -0.2708398699760437 0.06103944596896693 0.03319261406704395 0.11223815282119397 0.1558408570675857
-0.8794939517974854 0.1957191526889801 0.5795397162437439 0.06029978604072285 0.03590103346202278 0.08199861352556644 0.09691712404890783
3.3354735374450684 1.0551722049713135 -0.33938494324684143 0.09562431061072492 0.08049177675734773 0.1491002133514679 0.10577336657303271
-0.2520906627178192 1.250037670135498 -0.22216163575649261 0.050316797928288755 0.04103739365065834 0.16852563608228077 0.12232919238872556
0.6347216367721558 1.4442332983016968 -0.010954666882753372 0.09209838291396949 0.09018137598165794 0.11237543731843105 0.1204483967373691
3.522477626800537 -0.08357296884059906 0.09350412338972092 0.07656099627043517 0.0669811463353802 0.14384788782232952 0.1580309202333745
3.4097537994384766 1.5133159160614014 0.11053848266601562 0.09607198168154847 0.054903627206724426 0.10749665719686445 0.12871348120918874
1.3289474248886108 -0.2713659405708313 0.32704025506973267 0.03586624651176385 0.02060463974754712 0.07449617127346322 0.1696428762055552
-1.5670675039291382 0.17280051112174988 0.5705163478851318 0.04469757869219709 0.03310395234074502 0.12980452615307167 0.0644600814765508
-0.43769240379333496 0.3722383677959442 0.53852778673172 0.05622281706814701 0.022446019211969034 0.114811563813143 0.1468368322712354
-1.244113802909851 1.8242285251617432 -0.19480718672275543 0.09932002432655902 0.04516808070085471 0.17099687667102545 0.16180328242342543
1.347141146659851 -0.43550029397010803 0.2220039963722229 0.1072972697475155 0.05731675429821652 0.14378784519069504 0.11103133350824117
3.22434139251709 -0.7954853177070618 -0.09796547889709473 0.06760274210608966 0.041900334495580005 0.07727399784877073 0.17879347227275114
-2.0754663944244385 0.1933586150407791 -0.042739227414131165 0.05288490343903425 0.025389304670314514 0.13876793321628655 0.10239367181014594
3.3683204650878906 1.099604845046997 0.1036594808101654 0.056569154719537024 0.03410660924671015 0.09851353818474823 0.14091352440998905
3.068366765975952 1.4220969676971436 -0.03975407034158707 0.04309155013828985 0.030861752072919166 0.17957773312990113 0.1325669981180329
1.0429116487503052 0.15309195220470428 0.5692350268363953 0.05559803794121405 0.030735458435819388 0.12469136837440803 0.06018821256362474
1.5007655620574951 1.6144030094146729 -0.008723895065486431 0.06206871275871723 0.026445417426825848 0.0850398792921038 0.12755589289405006
0.5452901124954224 0.5784026384353638 0.3199295103549957 0.07072870658501335 0.06414770705111181 0.16468898945794547 0.12017842122694494
3.691962242126465 0.31796422600746155 -0.42005500197410583 0.0715995794971572 0.02250414920969773 0.10132423942352618 0.0997165409830349
-1.0707594156265259 0.4819432497024536 0.44686344265937805 0.11579161956179415 0.041753439126528805 0.17048767896865322 0.16331227877461302
4.804945945739746 0.666987955570221 -0.09706210345029831 0.0681063396756244 0.06238540150586504 0.10860006284237186 0.15303097909731334
5.1162495613098145 0.9928291440010071 -0.32287663221359253 0.0664027955288892 0.05054944994327314 0.15742950377348708 0.11021970594412264
3.5001044273376465 0.8413373231887817 -0.16865329444408417 0.05408106513153105 0.029519745037782975 0.05544604697881077 0.17556832311006038
3.180797576904297 1.1208620071411133 -0.07163818180561066 0.038950702279269646 0.021796423943464288 0.0825743728881643 0.17197462391527987
-1.7449699640274048 -0.3420872986316681 0.2576357424259186 0.10725619767638528 0.030089587940522234 0.17111896213007097 0.13803614867287553
5.026717185974121 -0.4928509294986725 -0.10375700145959854 0.06830198436229337 0.03953144054628571 0.15872813055649854 0.07409167257133008
3.8406381607055664 -0.2403862327337265 -0.18375879526138306 0.06455062945366488 0.03902736574829621 0.16916477055310228 0.06587905033426165
2.0521061420440674 0.23518402874469757 0.14938858151435852 0.1180403771877589 0.07222582793846716 0.1283213257324276 0.17926456663314722
2.96126127243042 1.3112292289733887 0.1555945873260498 0.034576512423279526 0.030151817585496097 0.07901338079483 0.12883251663113796
-0.01976107992231846 1.0290167331695557 -0.17987194657325745 0.06863571107138738 0.04455510565060195 0.17571745310869424 0.1158487890472133
1.007326602935791 0.9140635132789612 0.06441918760538101 0.11191736631057277 0.10161988579557246 0.14949318756319607 0.16795080622029246
4.170811653137207 0.2975407540798187 -0.33171990513801575 0.04568883229133707 0.043873336318105416 0.13579651514067712 0.12116913324936285
-0.7748844027519226 1.190411925315857 0.12662988901138306 0.05331091452229609 0.025535335093350965 0.13717941426491512 0.13975894801663857
2.113295078277588 1.2608705759048462 -0.3306260108947754 0.09505270934193971 0.02208063466931438 0.1467718349065483 0.14867561440868032
5.112227439880371 1.398290991783142 -0.11966714262962341 0.033050939483107514 0.029428344307182542 0.1772984302356086 0.16674508665157628
-1.4012384414672852 -0.2465122789144516 0.23726922273635864 0.09670931139210566 0.030345107460848002 0.1777572286455702 0.1023787270739681
-0.8324579000473022 1.6616435050964355 -0.3544408082962036 0.08620827063857317 0.02670755145627159 0.08928447853633963 0.11824993681085649
4.944576263427734 0.7261556386947632 -0.2654051184654236 0.08176268515355178 0.03655897732131251 0.1785433260320119 0.152250250923855
-0.7081839442253113 -0.2682809829711914 0.1790432184934616 0.05535256647962159 0.027920572534712716 0.17725400314024595 0.12351739841885032
-0.9743665456771851 -0.026996131986379623 0.5464770793914795 0.06525919108386877 0.059631626830964554 0.07518753482728004 0.12738956572654989
2.8382108211517334 -0.9666274189949036 0.019612150266766548 0.03563377878641323 0.025783180588387238 0.11333845606566906 0.05260687577286399
0.10427205264568329 1.3761874437332153 -0.02599329873919487 0.04079233403118957 0.04040102959536141 0.060869494794129654 0.06341623903339794
2.7772598266601562 0.01525922305881977 0.06804674863815308 0.08138268457001249 0.07478179654821134 0.12878176699840482 0.1361249352860071
-0.42223361134529114 0.5761048793792725 -0.00414193794131279 0.06409572108603062 0.031210047727209804 0.157777319885815 0.17591406876048918
2.3413877487182617 1.416722059249878 -0.18304985761642456 0.05322798527128866 0.04295655146890805 0.13026394294874116 0.1325920484550654
0.1957797408103943 1.1216132640838623 0.014559200033545494 0.09426693462491104 0.02606726096519965 0.12233688196215904 0.1637550503379637
1.4542930126190186 -0.6104409694671631 0.6639481782913208 0.048219655992862945 0.04776853600494135 0.1443175540264975 0.15987049392992247
-0.8892956972122192 1.715579628944397 -0.0422583632171154 0.07834258206238212 0.0489811703333972 0.10567055413619633 0.17611191724001618
3.343165159225464 0.6470000743865967 -0.3780917525291443 0.07251522721510831 0.07165141683368292 0.07454986660556419 0.09732573466741544
0.3858947455883026 1.5424773693084717 -0.05563497915863991 0.051685442761453704 0.027280394663204595 0.05982317724759975 0.15310219377307344
-2.1981356143951416 0.31281521916389465 -0.27692320942878723 0.09863413503195655 0.06846996885286503 0.1328556241475591 0.13772584357668938
1.1700928211212158 -0.8652028441429138 0.4002184569835663 0.11859505736224785 0.021330477247849148 0.12636002255336165 0.15026022643673725
3.695281505584717 1.752158522605896 0.05366690084338188 0.088735778474237 0.04540898497180995 0.13054615004303283 0.12221842236121347
1.1560449600219727 0.5067135095596313 0.20735770463943481 0.10194099867360268 0.022148504710314616 0.17790399780020083 0.16702302903035338
-0.018370462581515312 0.276957631111145 -0.30832910537719727 0.07800844239468192 0.05065883741339243 0.11943882781890806 0.09403362570684942
4.112705707550049 0.3645530939102173 0.13499173521995544 0.05974427296986782 0.03395050571576109 0.16829033943571114 0.07083292533805763
3.536841630935669 0.9372479319572449 0.032832615077495575 0.10457097653423297 0.07609241088824888 0.16758641652344108 0.12281323715637774
2.856541633605957 -1.2372785806655884 -0.12123703956604004 0.0798762140289199 0.031001592066994037 0.14613759032933615 0.09716902065834704
4.026835918426514 -0.7488880753517151 0.013834883458912373 0.10914736323462204 0.09762355543217204 0.1478042220404741 0.1560180648972504
3.783953905105591 1.4869829416275024 -0.11244986951351166 0.08356207765456775 0.034322508456740626 0.10984396658051164 0.11451919167505323
-0.883547306060791 1.0025337934494019 -0.1364862024784088 0.061331259741591926 0.04810290197831383 0.1227276894352939 0.06525653953626873
3.1242549419403076 1.1027088165283203 -0.14669813215732574 0.10851178740450376 0.045924421216866004 0.17129202656259152 0.12786795201511517
4.712870121002197 0.7978385090827942 -0.1309463530778885 0.06936552210996572 0.04891546848163601 0.13480525108308272 0.16690880469092115
5.321771144866943 1.9380371570587158 -0.21787041425704956 0.04026501539922602 0.02294250169123461 0.04299487041733149 0.15618999020209795
2.1609725952148438 1.4275120496749878 0.08000271767377853 0.09238489376199555 0.07539997447680333 0.12095436231390587 0.17684704748693525
3.916440725326538 1.6669063568115234 -0.21548032760620117 0.11439279842808557 0.04904316611221485 0.11450445773544199 0.12519171991112366
-1.5956339836120605 1.5709611177444458 -0.1495874524116516 0.07746479586909963 0.028780805963515024 0.10261065576203156 0.0904783057727415
-1.5326836109161377 1.6442654132843018 0.11037890613079071 0.076020151510668 0.07241899020878538 0.17868299603923762 0.16609009572576594
1.078742265701294 0.38289666175842285 0.1568804234266281 0.060427447695862585 0.024627400558161587 0.08105290111817888 0.1192875070247224
-2.2973337173461914 0.25624656677246094 0.11901611089706421 0.05662193883313771 0.04879121128234343 0.1775590080325432 0.17122847118041695
4.694164276123047 -0.12333822250366211 -0.38498374819755554 0.09684831964664702 0.049672131444902935 0.149253434460743 0.16284977387524568
3.4648261070251465 -0.1153639405965805 0.028255261480808258 0.090530266093311 0.05455242150558885 0.09174681977223886 0.15107307303272693
1.302542805671692 -0.7860732674598694 0.3933839201927185 0.11836981001215924 0.07735755449937332 0.17325184005831362 0.16398674031152088
2.9764628410339355 0.6313389539718628 0.12130589783191681 0.07516520570740995 0.031639624052873946 0.10035793234482096 0.10819669101256776
-2.269094705581665 0.45197978615760803 0.08357350528240204 0.08511217110079913 0.061484303384982786 0.11843768180230851 0.17996649899628211
-0.09242580831050873 0.10892181098461151 -0.09089034050703049 0.09135617675693486 0.03960166910930227 0.1681400035655052 0.17600242362377627
3.117116689682007 1.0145374536514282 0.018888521939516068 0.08336033064004128 0.032391283835715136 0.10502399801190822 0.14106406700502797
0.6764020919799805 1.252842903137207 -0.42845284938812256 0.05519346645758463 0.02914531367229673 0.05621302991043644 0.15420534944083622
3.849226951599121 -0.13074296712875366 -0.11371345072984695 0.09814936287133601 0.02714016177046985 0.10350424904766077 0.15877089502816752
1.1700316667556763 -0.22550959885120392 0.6676019430160522 0.0598746469474674 0.022563159644715423 0.1337779541410355 0.11920342617121238
4.1995697021484375 -0.2698589265346527 -0.16729989647865295 0.08722628377806636 0.06814202207438803 0.14768301913004517 0.15925615254965192
3.2207863330841064 -0.4094206392765045 -0.26786717772483826 0.060681405281676114 0.030780518975764008 0.08292332119866622 0.13058894683967703
3.268012523651123 1.1572309732437134 -0.3570418953895569 0.09574527615520116 0.06377710245933366 0.12103342433743708 0.09928472966141003
1.6153926849365234 0.003928427118808031 0.24677029252052307 0.07974643163522652 0.024409087952431137 0.0883288873331272 0.15659073589116407
-1.7487924098968506 -0.47917869687080383 0.6678292155265808 0.06270478082144712 0.04114810183043276 0.12173931823877054 0.12186736798615808
-1.4949333667755127 -0.5518159866333008 0.24612988531589508 0.06405638809111863 0.05418403367025716 0.1767772844655639 0.11696274233482026
4.897805690765381 1.8240960836410522 0.0948900356888771 0.11134460481938892 0.0857325927239348 0.14300123751308058 0.15940210699265606
0.5758097171783447 0.08844959735870361 0.058447979390621185 0.08036024669835276 0.03169002122740396 0.1344256748871565 0.16695975462175153
-0.5180180072784424 0.989933431148529 -0.24515153467655182 0.08214761086923193 0.0475039382571868 0.16813345686823694 0.10767299893713475
-0.0732727125287056 0.20251807570457458 0.04109439253807068 0.07628854765313742 0.0438312421979615 0.1450066875146968 0.0938389628452499
4.5151777267456055 -0.21945498883724213 -0.09254106879234314 0.047760276126282905 0.03697400121727014 0.11870342622126498 0.09437333327582278
0.3577156662940979 -0.13450998067855835 0.35434094071388245 0.06384111022566633 0.022564033426499524 0.13975332159886555 0.1100961478603385
5.070253372192383 1.389828085899353 0.004174040164798498 0.07343990135699385 0.061085960944248424 0.08839114159501622 0.15872616993239233
-0.791286051273346 1.6834768056869507 0.15340910851955414 0.1115055573268195 0.02679053381358277 0.15315865889078242 0.12309543136808176
1.3118189573287964 1.4553096294403076 -0.3814457952976227 0.04306181650853972 0.041705911793760556 0.09176206244396437 0.052130417068813745
4.040592193603516 1.329058289527893 -0.224842831492424 0.08724929208648495 0.021219450112660028 0.17327132363422237 0.09723835528607962
2.7445924282073975 -0.9209245443344116 -0.32740896940231323 0.0430477146787453 0.028287790283434144 0.16039497400747185 0.08559006107606529
2.306128978729248 0.7936939597129822 -0.15610018372535706 0.11547723898161631 0.08916109651129933 0.11580308037630094 0.15663092182357063
3.1057186126708984 -0.6698299050331116 -0.23929238319396973 0.10856989341657482 0.03420413478843607 0.17550436884441545 0.1319959426886136
3.2651102542877197 -0.7539641261100769 0.11935451626777649 0.08814913428783692 0.05169635204506158 0.10443728876676624 0.1505590374646034
2.021291971206665 0.7757044434547424 0.06136827543377876 0.0880887835691744 0.08485815014175198 0.13975016276288396 0.1531599415963392
-0.6843608617782593 1.704153060913086 0.11195959150791168 0.04670167486621769 0.04113770327633661 0.17862833195407718 0.15749521741135025
0.9319630265235901 1.2156429290771484 -0.10243794322013855 0.06280859286557784 0.03354572345207768 0.15319463483587048 0.13641674792969372
0.5430702567100525 -0.08349783718585968 0.12893053889274597 0.10350847415662363 0.1010707339481969 0.1416008835189501 0.11739927157825403
-1.6609374284744263 1.8282173871994019 -0.06486791372299194 0.051818636286276726 0.02604951568017771 0.1420767983730621 0.110328050220981
3.7342824935913086 1.0622363090515137 0.09948578476905823 0.08242628591402354 0.03260175719113993 0.13494850819359122 0.10572158971105168
2.9593958854675293 -0.4632502496242523 0.047993868589401245 0.10437042073716685 0.08526278773867398 0.11568680188459941 0.1359217975885683
-2.3206396102905273 0.0282397773116827 -0.19946570694446564 0.052081397882354497 0.04972653513345694 0.130936444053472 0.15941927304221457
0.4174894094467163 0.01845395192503929 0.08542166650295258 0.05471596264775137 0.030472093900148513 0.12248371486873903 0.09099337290908713
4.13812255859375 0.21466578543186188 0.09655310958623886 0.10242025287447015 0.027838280823144154 0.1280330084197063 0.17250290104034105
-1.2068190574645996 0.4700333774089813 0.1897066831588745 0.08547604492419528 0.043102839572297144 0.09066634586304852 0.14614109133016137
2.93166446685791 -0.9832870960235596 0.036705560982227325 0.10816256791354448 0.08074743878482644 0.17747155578299095 0.14291767638812494
-0.7165488600730896 1.016072392463684 0.1572234332561493 0.04476688372949482 0.028870930767599057 0.09133076020966 0.11132132338506688
-1.4059568643569946 1.5925723314285278 0.036291200667619705 0.103388809941583 0.03554021739069826 0.14687009893144115 0.16202137038153133
-2.266745090484619 0.43444547057151794 -0.32412299513816833 0.060664502401762584 0.05197270369939186 0.08007420965020917 0.14803805903632852
3.034409284591675 -1.3169689178466797 -0.19891998171806335 0.07707841547728339 0.05097933182353716 0.1402540972133482 0.1752454046268444
-0.23501086235046387 1.4238227605819702 -0.38393136858940125 0.06412670170916336 0.03443165258120638 0.08209137885239634 0.0869439065037495
-0.8683901429176331 -0.012377678416669369 0.10682106763124466 0.11573650333577178 0.10102656103155255 0.17281545008860438 0.16774903671096206
-0.817315399646759 -0.45886725187301636 0.3392183482646942 0.04783256578026354 0.03762620068080942 0.12360045010086856 0.06798221642176794
0.8772870898246765 -0.7393305897712708 0.33439919352531433 0.04013884706510588 0.031930891596085864 0.1686923388413069 0.16401626509419065
4.985772609710693 -0.2909947633743286 -0.3392668068408966 0.09378181886333822 0.0452912839914763 0.17338086904257727 0.14639813978499364
3.814950466156006 1.4740002155303955 -0.2256927192211151 0.03825442076015184 0.02709716231276358 0.0816870728300669 0.14978415238199
5.098990440368652 0.8902434706687927 -0.2173801213502884 0.07862481029008314 0.06533818894848831 0.1348550078705354 0.13127194663493788
-2.3272812366485596 0.1331261247396469 -0.3162503242492676 0.0736311370965633 0.039638675479714114 0.07750177593791815 0.13165425090998667
5.140527248382568 1.9145362377166748 -0.41642042994499207 0.10601637465563579 0.05943543427086033 0.10970647780110244 0.165314026544692
3.412604331970215 -0.25355494022369385 -0.19014371931552887 0.11237737143148366 0.027151444768578434 0.13123890744275116 0.13734247523323295
4.339223384857178 0.6897127628326416 -0.05984300374984741 0.09621131311771491 0.028915149168017504 0.17648288181149377 0.14354287966215185
0.7441228628158569 -0.2936311364173889 0.35921743512153625 0.08808859196726726 0.05544386108238657 0.13157434376552055 0.11984468709675922
-0.6365896463394165 -0.13017095625400543 0.17730525135993958 0.057725270266714035 0.041862251252480207 0.06954248810228891 0.1050601120854969
3.068739891052246 -1.0100675821304321 -0.30571964383125305 0.09066711706038405 0.06097951439758226 0.10750247901351861 0.11711955996780922
1.3192510604858398 -0.6329210996627808 0.5765846967697144 0.10549525076965416 0.041977219159280516 0.1256357994668922 0.11453985634143002
0.637811541557312 -0.6418599486351013 0.5679168701171875 0.07742479849223065 0.02995213837428548 0.1705048692298686 0.11427374961119022
0.9498234987258911 0.4644951820373535 0.2978631258010864 0.08537938666297698 0.07175082064662677 0.14032189095653974 0.08657482590364239
0.934222936630249 0.3558460474014282 0.5570365190505981 0.03698050988970625 0.02663144193669786 0.07076955316022404 0.17114734141727825
5.120063781738281 1.6156806945800781 -0.11836876720190048 0.10813082989066158 0.09219351101103747 0.14499718660470123 0.11060361337383563
3.8284716606140137 1.424506425857544 0.10694040358066559 0.07132809373068609 0.03816504004115252 0.07972182595417002 0.10625463108023689
-2.3445615768432617 -0.47958749532699585 -0.027377082034945488 0.06374594719167787 0.06340357761093299 0.09408019684188099 0.1746644025854142
4.367676734924316 0.15222279727458954 -0.16577625274658203 0.03722730797194108 0.0201278241429801 0.13917672019517216 0.1168347376594614
3.3269670009613037 1.253243088722229 -0.2796919047832489 0.10960375135810299 0.10657302396453115 0.17364466495645853 0.1148578862118454
0.4242205321788788 -0.28940194845199585 0.5083573460578918 0.09843918901807475 0.07709246188510656 0.12652978286171943 0.12617917992372993
-1.2191345691680908 0.12999115884304047 0.1880273073911667 0.08547061651775606 0.026770094552112527 0.14942048289929932 0.1251750323538911
3.3279902935028076 -0.2820301949977875 -0.0642656609416008 0.05959618721188296 0.04193497517071009 0.13390896407458305 0.06165139004912835
1.4411590099334717 0.13764594495296478 0.08031313866376877 0.03963857986370249 0.034034856979329293 0.09661100661832019 0.12043449627092831
3.9211230278015137 0.26342451572418213 -0.20000353455543518 0.08685767021884544 0.08515809787845686 0.17034482167516135 0.16953929940526108
3.6192896366119385 -0.39299729466438293 -0.2746482193470001 0.08328225239953728 0.04504518120239009 0.1661950660745452 0.09399624659556423
1.3724048137664795 1.2466583251953125 -0.36083176732063293 0.11546153912009981 0.025988326197608255 0.14480742873441693 0.1264152854910406
-0.7974439859390259 -0.6130339503288269 0.14579686522483826 0.037852585444729386 0.02739854776617995 0.15924195492525622 0.15324484304455221
-0.682435929775238 0.19870568811893463 0.45373407006263733 0.052419345462718286 0.044688725150115294 0.1014378150695319 0.06147763346559996
1.5833733081817627 0.8735349774360657 -0.41096293926239014 0.03922536810202343 0.03467675231660144 0.08905156613580006 0.06726657379906958
-1.7863969802856445 1.7010167837142944 -0.06932730972766876 0.04922821418726431 0.02906725108576389 0.1087064113582181 0.1409882144138796
2.816638946533203 -0.7830262184143066 -0.12285806238651276 0.04836587399511252 0.032342609545951 0.10199557802892717 0.17269195155024097
-0.9190219044685364 -0.3249642252922058 0.24599258601665497 0.08502320691320103 0.040705341700359984 0.11763520118368836 0.1460363028702293
3.0343146324157715 0.9239331483840942 0.08012312650680542 0.08690238976860934 0.06426988128903122 0.12759183604639585 0.16724494411791818
0.474709153175354 1.060005784034729 -0.04551393538713455 0.09855290835010776 0.03784481432437116 0.10069837331479364 0.10393281379571963
0.9374302625656128 1.441591739654541 -0.016404762864112854 0.06796012978462884 0.03130121051278926 0.07232947182924329 0.14928683480164523
-1.8410859107971191 -0.6886628866195679 0.2721148133277893 0.05591871684557187 0.05365653144184278 0.14419814526810634 0.17717318614734223
1.4237382411956787 -0.550309419631958 0.4913836121559143 0.042924857992856474 0.02104328673276252 0.08694119941104786 0.06812371413985015
2.531388759613037 1.310133457183838 -0.020314158871769905 0.054725582069972994 0.03946794971045285 0.17069857059527976 0.1534475365073636
0.9491475224494934 0.45075878500938416 0.24036230146884918 0.11056497044290382 0.10550184611164296 0.16133730751884082 0.14807341109406155
4.2839741706848145 1.5598669052124023 0.12986880540847778 0.06104491086998166 0.02107260716509143 0.12300015775565706 0.13935115496526107
4.30898904800415 0.5896056890487671 -0.04498641937971115 0.05255549352480151 0.030020867252658144 0.13330009613990074 0.10567977501400883
1.2120200395584106 1.2602380514144897 -0.39177656173706055 0.07689655152734079 0.04524967916712855 0.09788171836456924 0.1785444952548671
-0.9576060771942139 0.399925172328949 0.2822965383529663 0.04357509300260892 0.02272042894801748 0.13530066457464435 0.09946997949825823
3.417691230773926 1.442386269569397 -0.11658639460802078 0.08680180748683324 0.049496805134077934 0.09103032640551656 0.13215635362954592
4.9026007652282715 1.0856060981750488 -0.012349902652204037 0.06637514547628653 0.04029545950281019 0.08127604732104268 0.08551535810131569
-1.779188632965088 0.3699772357940674 0.47653311491012573 0.09350145169939926 0.04710509904822416 0.17421607203698697 0.16240874177300535
0.39202672243118286 1.1339967250823975 -0.2902625799179077 0.09540377953246201 0.06216712992910424 0.09879983895495834 0.11818128517170909
0.8281576633453369 0.9099306464195251 -0.2975454330444336 0.11241889427696657 0.08874548337392014 0.11869276891054993 0.14477085657753588
4.5997843742370605 1.874006748199463 0.07815522700548172 0.03471265715487212 0.033701851021921005 0.06286573472715892 0.17372281296558562
1.4163161516189575 -0.08821575343608856 0.45125529170036316 0.09351412269947286 0.06440844176318983 0.15039804470484391 0.16858112779185924
-0.8504152297973633 -0.6214485168457031 0.22113405168056488 0.10018941237629604 0.07401627614745401 0.14864711856829585 0.16912799525895547
2.4386441707611084 1.459295630455017 -0.187643364071846 0.06251703984196552 0.027849654659262743 0.12034330384394853 0.10215808562186217
5.021519184112549 2.0435550212860107 -0.15570609271526337 0.0998651477637222 0.021028450786411763 0.14691089907735505 0.14338824603688455
2.9879636764526367 1.4985527992248535 0.12561450898647308 0.11621938878127941 0.05837308308836894 0.11694470119451364 0.14194249176377274
-1.4976987838745117 1.0261720418930054 -0.30318647623062134 0.051696230346574105 0.04699682502668648 0.14102438640399168 0.1515340947832313
3.330487012863159 0.8671147227287292 -0.0831422284245491 0.11915968019778 0.11467823501349433 0.1357458920957657 0.15838371524349562
3.019111394882202 -0.5678785443305969 -0.05571010708808899 0.08244486136825124 0.04874071093784791 0.1701820239075194 0.1453514479329694
3.5106632709503174 1.3695905208587646 -0.18132524192333221 0.06628617250938905 0.060675854557391454 0.14842919496107132 0.1001557629776968
3.7301273345947266 0.595337986946106 -0.24843347072601318 0.07707466105730659 0.054209879596351 0.15121530164299435 0.10549927045735995
2.0043954849243164 -0.43522360920906067 -0.2674669921398163 0.10128512718264959 0.059310107955351965 0.10492528959266029 0.16424865145571377
2.5840368270874023 1.2538901567459106 -0.34450069069862366 0.05394335880240284 0.0359735386749019 0.08518952153518701 0.07460257954473128
2.4416189193725586 0.9921923279762268 0.028557512909173965 0.09439733933931677 0.024306282782651064 0.09760974127115274 0.15921722810119748
3.971327543258667 1.5224210023880005 0.09629812836647034 0.0815329454523524 0.062380887140842736 0.13682663567434442 0.14948201220130772
2.5857393741607666 -1.115461826324463 0.010679791681468487 0.11863171316271978 0.06885997862978058 0.14584138430258578 0.1554058383070051
5.209771156311035 0.9378960728645325 -0.24493764340877533 0.04418974468923558 0.02066145869535453 0.16577178626726713 0.04980294582384121
-0.5883908867835999 -0.5603575706481934 0.11653577536344528 0.10462065193890546 0.08122435519921835 0.1102425150414608 0.14837386456337417
-1.7588889598846436 1.039888858795166 0.008500123396515846 0.07207735386916014 0.060336724954072204 0.09755214547930353 0.15733060427050866
-1.498406171798706 2.1496059894561768 -0.09639773517847061 0.04142567844865734 0.021212131650969794 0.04160432820234827 0.1093613799069418
4.134528160095215 -0.300707072019577 -0.09127797931432724 0.1019386489369297 0.07103081977833031 0.16133571137169425 0.1285641733679584
-0.6785440444946289 -0.12950758635997772 0.509345293045044 0.07290053705030745 0.06610637029906916 0.12466350597734274 0.111049882883131
-1.2147924900054932 0.7451788187026978 0.4531090557575226 0.03227984419109222 0.026202787837777283 0.06737656148461506 0.035230629262418364
0.5954090356826782 1.5406453609466553 -0.05613303557038307 0.06656513189178206 0.04741305062811627 0.1508173615270761 0.09508141082999491
3.935520887374878 0.13804836571216583 -0.05251283198595047 0.09577251468795132 0.02191247569110657 0.12253438333120611 0.09754584393240301
2.9187240600585938 -0.24434737861156464 -0.171889990568161 0.0749804705253026 0.07094625610620812 0.1219552169955763 0.12261300781440534
2.7577390670776367 1.0762975215911865 -0.38700515031814575 0.042848939842484834 0.03372730443964897 0.1599498455567685 0.1319512317414101
2.0242698192596436 0.48434847593307495 -0.35856327414512634 0.05202599813992853 0.04668893922933491 0.16710941474565638 0.15597015371493272
4.5507307052612305 -0.28600409626960754 -0.00497470935806632 0.03398156415090999 0.029241899368138438 0.045511899217064944 0.075697675525223
-2.129427909851074 -0.05194168537855148 -0.15918095409870148 0.0361190154748602 0.03140206851301746 0.05285224903478962 0.17777157545032107
1.2992686033248901 0.9561139345169067 -0.28019848465919495 0.10587273636200031 0.04037293872679312 0.1425386794299915 0.1129167687736559
-2.143325090408325 -0.08340886235237122 0.04212629422545433 0.11422961667339739 0.029862527373933304 0.1506861740986239 0.13432108799366949
4.36790132522583 -0.0034696587827056646 -0.22280988097190857 0.04877100638331146 0.041591711850367585 0.07263154534785027 0.12571222727203496
-0.33959847688674927 1.4375669956207275 -0.266605943441391 0.05268167147460624 0.026561910983604855 0.12094927637767257 0.06319368543202407
3.7962613105773926 0.26007458567619324 -0.33744367957115173 0.042292394905135505 0.023036226419889477 0.08870549002798347 0.05989919832547791
0.3938356339931488 -0.5205240845680237 0.24148967862129211 0.10161909288276331 0.053906566570524006 0.12294936425109787 0.10497925154880229
0.3382318913936615 1.153245449066162 -0.11489501595497131 0.09375256764347792 0.06678566783187655 0.1063403741205712 0.16544624339448663
-0.42843908071517944 0.45544835925102234 0.10569775849580765 0.1038509519608497 0.02269618939939657 0.16236907577436202 0.12740832535853236
-1.5245510339736938 0.27135229110717773 0.42047232389450073 0.10517480277580389 0.09221870900480089 0.17847025944519726 0.15885013309740784
3.088263988494873 1.2801480293273926 -0.23262086510658264 0.110208431753515 0.02782931382011111 0.15840980062835994 0.11258193954044743
3.445366859436035 0.9265597462654114 -0.40610358119010925 0.11908730388964711 0.02177458234880953 0.15039932737316053 0.1474830446415796
0.02376178652048111 0.28103259205818176 -0.006940408144146204 0.03805080529930045 0.032310980738136354 0.04614551082746958 0.08691297289592026
2.183745861053467 1.4511170387268066 -0.19861698150634766 0.11896585621545507 0.1005613536837697 0.1285385491141939 0.11997886605753756
2.025876998901367 0.6656633019447327 -0.26466062664985657 0.11633799320432756 0.09585461612309958 0.16407006574439228 0.1269406936027415
-0.8824548125267029 -0.666746973991394 0.6819897294044495 0.08924657330615399 0.03669604668051715 0.11349734193514471 0.11730441432025651
-0.8724179863929749 -0.36391785740852356 0.47347375750541687 0.11768831719973397 0.046907053554698847 0.16862023588480785 0.15544704661214093
4.018244743347168 -0.775946319103241 -0.4243614673614502 0.05472061623112344 0.04591861782933013 0.12454969713519087 0.14814296780377778
0.9354121088981628 -0.4653175175189972 0.6335586309432983 0.06499408735490372 0.03686092023225752 0.07178561561160149 0.1339603658932332
2.809706926345825 1.5283111333847046 -0.07560303807258606 0.057556058335164806 0.05261475677720934 0.15067428225595056 0.08869213435578716
0.6894121170043945 0.5649617910385132 -0.018480345606803894 0.05373400977844747 0.046802115253573764 0.07817960036089262 0.1124142648813256
-0.5437945127487183 1.065136432647705 -0.3435227870941162 0.09738283505580983 0.08245986938474421 0.10467912639736468 0.11213562214433025
-0.8872407674789429 0.1841406375169754 0.5468755960464478 0.056132035411461854 0.0242218947427028 0.1773123643070128 0.06068859150239031
-0.9550827145576477 1.594490885734558 -0.033180736005306244 0.07721588299844075 0.04894091772779337 0.14917036388697696 0.1378016841731223
2.268965244293213 0.7960900068283081 -0.3303490877151489 0.07066746571929561 0.0494276946099557 0.12482154470824273 0.1408609302710098
3.311171531677246 0.009674164466559887 -0.407662034034729 0.03552579283368764 0.023469765736866467 0.07367012172151301 0.119028128701433
-1.3685213327407837 1.511925220489502 -0.2590239942073822 0.11416738812156477 0.06937692246038872 0.12582955584637107 0.12465897278655637
3.8609111309051514 0.37219154834747314 -0.04755169898271561 0.11287116226092408 0.05611709913606454 0.11319673666726639 0.14830286361747333
0.5340919494628906 0.9296211004257202 -0.3051111102104187 0.10874220818212443 0.06555995075011722 0.11209198834149084 0.13768607537157337
0.7964590787887573 -0.8576598167419434 0.6965941190719604 0.10854783527415313 0.027041601469853852 0.13006992971848963 0.13464602507892942
2.1644983291625977 1.532906174659729 -0.20669905841350555 0.08282718122889957 0.05951316110622645 0.09334713760715728 0.15501834527940317
1.7453395128250122 1.2850197553634644 -0.12296049296855927 0.1124633189818142 0.08858229465512306 0.11701272805981341 0.17585334532538077
-0.09164412319660187 0.2425438016653061 -0.23447895050048828 0.1071309706860098 0.07367841423627307 0.12207149072027441 0.16433259560984081
3.2484512329101562 -0.08362658321857452 0.052415549755096436 0.10762056915210685 0.09081274903783505 0.1584265206592101 0.15178345476140018
3.7548885345458984 -0.6371232867240906 -0.0730934888124466 0.07987650269732856 0.06879354195735465 0.1498597339584486 0.13243878094882497
2.913278579711914 -0.44406604766845703 -0.12270991504192352 0.0647055393671799 0.05806413596981945 0.07412404302788665 0.15154447705034563
-2.086115598678589 0.09701279550790787 -0.030932702124118805 0.07644600355984396 0.03381113103688112 0.07776553646553877 0.12450603606826927
0.09698796272277832 -0.2804936468601227 0.11017517745494843 0.10692032468453955 0.024690267549401956 0.13170561590984778 0.16357639814732552
2.8039608001708984 0.7742676138877869 -0.15224044024944305 0.09355351905707429 0.06695603588004824 0.15638840389391978 0.09593330623398454
1.4071943759918213 -0.36907249689102173 0.35155391693115234 0.08358309801747152 0.051838581235142345 0.1260471309875421 0.10711456848302832
1.3720507621765137 1.4833269119262695 -0.280789315700531 0.1061190550698961 0.09200098085845237 0.17371660414946127 0.11473048311428902
0.96742182970047 0.22746014595031738 0.16279323399066925 0.06115020258572258 0.051546673958388814 0.17278605537625796 0.10513532781466106
0.9798029065132141 0.5546594262123108 -0.004994014278054237 0.09048093735986804 0.06442680650928512 0.11792624049319689 0.17218100016375718
3.883467674255371 1.7398107051849365 -0.03752291202545166 0.06596732030854177 0.03274153984166232 0.09767729587152521 0.11642432326858873
-0.5107360482215881 -0.3441134989261627 0.6351980566978455 0.06551438551411529 0.023668531474625665 0.1320526551156639 0.14066316878169108
-0.4333391785621643 -0.3470355272293091 0.504311203956604 0.05196690362021527 0.034233324671942185 0.1009121359870217 0.1294023400997324
1.9521658420562744 1.166895866394043 -0.11679230630397797 0.08433583270936876 0.062042910258236314 0.11368643400557182 0.10993133773394922
3.518784523010254 -0.16804762184619904 -0.11033947020769119 0.06806637352852597 0.024383462110740148 0.1132433787174819 0.11777487437456167
-1.220978856086731 1.0999046564102173 0.03535014018416405 0.0951578759256799 0.022304747087342112 0.13001527545589558 0.11870006278013155
1.0713526010513306 -0.4233425557613373 0.5825976133346558 0.032068378735229885 0.023589437445533115 0.10911485044394123 0.1449987639312842
5.181333541870117 -0.43212828040122986 -0.08204182982444763 0.07833363456570916 0.0406977095538648 0.17195131388958312 0.17092610929460889
-0.5077772736549377 -0.10649720579385757 0.2607576847076416 0.03646109971515724 0.03146187465953121 0.03965816553079472 0.14609476140528008
-1.4650986194610596 -0.3420732319355011 0.37381109595298767 0.051168000271249216 0.04599472792251747 0.12078017479324601 0.13858721106186617
3.298947334289551 -0.05126660317182541 -0.07069806009531021 0.08800200672294989 0.07988431379770493 0.1560326796713279 0.10323526856347721
-1.7041795253753662 0.058220505714416504 0.7084826827049255 0.07802363682588524 0.020537568471943324 0.12762035525984694 0.07941800445221982
1.6004769802093506 0.3578411042690277 0.29746705293655396 0.11913887617911857 0.06409629743560678 0.13531796251314454 0.14033554061315653
5.01374626159668 1.588362216949463 -0.40744128823280334 0.0769011511538038 0.026816220375975124 0.17617709052916872 0.1654650868762913
0.6552020907402039 -0.5577057003974915 0.3107910752296448 0.11920284631885618 0.04333089337269077 0.1557903029449749 0.155768866612352
2.046525239944458 -0.5640789270401001 -0.1410217583179474 0.08941174153635123 0.05954390687137548 0.1572955942509294 0.11426825643928304
-2.288397789001465 -0.08663059771060944 -0.090448297560215 0.10369495860922472 0.03157303584851074 0.10727367420201568 0.17115998189949902
-1.613264560699463 -0.44670456647872925 0.29621756076812744 0.04565581803794648 0.04028133460878228 0.11300073374091041 0.15683683602449938
-1.6298155784606934 0.2872565686702728 0.4351353943347931 0.10871788184338198 0.035335154447741754 0.1624895092276073 0.17291555713570816
2.0206193923950195 1.0770351886749268 -0.18714439868927002 0.11989655937467895 0.07659437476447274 0.12783750357325133 0.13771822375385143
3.1830520629882812 0.833643913269043 -0.16331826150417328 0.06626600978874497 0.03412563440752159 0.06867098463167796 0.14524257566988308
4.610985279083252 1.5220059156417847 -0.3888247609138489 0.08786475653541553 0.05528183760358282 0.15132449763663647 0.17535145954382036
-0.8633037805557251 0.30820202827453613 0.45586445927619934 0.09817812201301357 0.08088417382072846 0.11374538770463406 0.1471126776974558
4.046755790710449 -0.7009170055389404 -0.2874794006347656 0.05483145569549751 0.0318501007918279 0.11552984883145116 0.08418474219462474
3.990243434906006 0.8266260623931885 0.03066779114305973 0.11259774309680554 0.07186887113842168 0.17164213369556539 0.17725816488578855
2.7326784133911133 -0.24376314878463745 -0.16367366909980774 0.11083850929005114 0.05736592915810386 0.15993790736533978 0.17032539307159494
2.667811632156372 -0.09406222403049469 0.046030472964048386 0.10618393549304164 0.0477144964961351 0.12271995761731226 0.15895122204144463
3.7906494140625 -0.0004284723836462945 -0.2495175004005432 0.03458937396440718 0.02433973079191742 0.14161582889090507 0.040262532438876696
-2.341810703277588 -0.37219586968421936 0.007252275012433529 0.06208443658686805 0.04674255433784672 0.07970293241811507 0.1613992752773238
-0.7496819496154785 1.2213184833526611 -0.05791953578591347 0.09153512366738462 0.039976720025944795 0.13678295010735744 0.14201955795659557
-0.8658818602561951 1.5185637474060059 -0.4307975769042969 0.1190711652447045 0.09881435160777886 0.16752796546018098 0.12396669366664288
3.9013137817382812 1.5580496788024902 -0.1764608770608902 0.09643922253493743 0.042067199806694655 0.1303313165841241 0.15684641018258527
3.0517148971557617 -0.3523608148097992 -0.3339996933937073 0.05763992765979306 0.032039651386762 0.11605845529142239 0.11528766644585135
1.055455207824707 -0.4589139223098755 0.2475968301296234 0.07130398066291965 0.024271938822444127 0.13825942270139407 0.08407554626523317
1.1618125438690186 1.102415919303894 -0.2938006520271301 0.07818240268362167 0.05144189060618572 0.08670920599340998 0.12592962108193131
2.986583709716797 1.0901390314102173 -0.3809032142162323 0.10886528049555529 0.050072851679647895 0.17323512174722827 0.13419445407814518
4.033234119415283 0.6231193542480469 -0.3958362936973572 0.037215347158767474 0.027188580120740054 0.16086556680314534 0.09955115137217414
-1.616707682609558 0.30332645773887634 0.30173376202583313 0.07965232963752644 0.02741602512971851 0.14193891618699958 0.11703264791359771
-2.4976325035095215 0.2114386111497879 -0.10139680653810501 0.10453177633748459 0.052178040821576385 0.1495434664612783 0.17645569259845395
3.879894733428955 1.331751823425293 -0.12783223390579224 0.08386197832904835 0.04093490823584732 0.13180571744997516 0.09296423999790424
2.0771842002868652 0.6786576509475708 0.0801641196012497 0.06826221418539516 0.05662182492833023 0.09901919324036246 0.15955975477118195
-2.5076212882995605 -0.250245064496994 -0.039331596344709396 0.0642435443965948 0.04081759689102206 0.07625835256436957 0.08435377079364323
1.879059076309204 1.2053422927856445 0.07841901481151581 0.08136421287162207 0.07501289785593254 0.11199639035622669 0.1429529255018793
1.5544651746749878 1.049461841583252 -0.2340669184923172 0.08196391885869814 0.07469971581291447 0.09767283645181954 0.09251343784750404
0.8957939147949219 -0.08605444431304932 0.1318666785955429 0.11843217190723312 0.09577461418435888 0.12408002581157475 0.1357735178967987
-0.63494473695755 -0.4647490978240967 0.3978499472141266 0.10790774795863406 0.049641048350334324 0.1432756507993123 0.1635150616187881
3.7660088539123535 -0.640957772731781 0.002974617527797818 0.060962231891969657 0.035710242449980965 0.1795724044699672 0.14515293791243838
-0.7744436860084534 -0.7253459692001343 0.7339869737625122 0.07631090852066186 0.061630766059168396 0.08794717943607036 0.1114292166741743
-0.5089476704597473 -0.40690886974334717 0.6663542985916138 0.0830343475751106 0.03341307236582365 0.11427218436982073 0.1587726095898503
-0.7401094436645508 1.5183991193771362 -0.015159858390688896 0.08096360623041823 0.03913056348107442 0.08867819394577857 0.12180501540545555
-2.5412707328796387 0.2458329051733017 0.046924009919166565 0.11467714939882918 0.0742685164875753 0.1400556007915818 0.14330636994968218
0.49706825613975525 -0.1044483631849289 0.2555200457572937 0.056147691092411946 0.021697142078911734 0.11181561583845459 0.07158156571842042
-1.7929704189300537 -0.6240178346633911 0.22208739817142487 0.08862011872397733 0.028769669064377047 0.12169421343536395 0.17176981245221828
1.0662713050842285 1.4454913139343262 -0.4098072350025177 0.037569952582141686 0.021930070352143484 0.07417469557630352 0.14028394970195923
4.854419231414795 1.6555259227752686 -0.2469341903924942 0.03667731622139145 0.024672104952298192 0.038356057915881994 0.04240465206507496
0.9985399842262268 0.07241450250148773 0.55472332239151 0.10861068983537721 0.10039421211620973 0.13821783288900438 0.11543123841941297
0.0778130367398262 1.2352112531661987 -0.18626531958580017 0.05593903661690654 0.0345360858505312 0.10874426882091238 0.14245407260373286
-0.501793622970581 -0.5137744545936584 0.15486937761306763 0.06761859519100362 0.046647545635160326 0.13646385356860746 0.11386853506318323
3.11631441116333 1.0905020236968994 -0.23115965723991394 0.09721970602713391 0.08806851071846782 0.1644423727745696 0.15956283616070718
2.3932926654815674 0.807492733001709 0.030574563890695572 0.10114348987308269 0.07519880370651136 0.13245414337626868 0.17711412787856728
3.792556047439575 -0.04081341624259949 -0.09174951910972595 0.03529602923533641 0.03408002217748353 0.1101082715493108 0.06863228943007524
4.414004325866699 -0.6958193778991699 -0.16205580532550812 0.059189314436798 0.02045649485971892 0.07701855260289424 0.06499593022721348
3.988511562347412 -0.19721241295337677 -0.12898015975952148 0.09713175753867674 0.027243741703629393 0.1457485544993661 0.10199575806411917
5.455350875854492 -0.0711040273308754 -0.10844925045967102 0.04434935363555634 0.036887494543074384 0.09936327495198526 0.1606723528201056
0.9210644364356995 0.8747724294662476 -0.06253974884748459 0.06186132778543728 0.04565400434254463 0.15169481507038107 0.09998672579280873
3.8391287326812744 -0.20048683881759644 -0.39186668395996094 0.042375645011296946 0.026617585774663763 0.15043473759532747 0.16746912785551374
-1.6487575769424438 0.6669891476631165 0.6168641448020935 0.08672777999304905 0.04291144320232032 0.1002714294260126 0.12007824609914755
1.4553208351135254 0.2343568652868271 0.1688966006040573 0.06639309470573862 0.0599624953838051 0.15771382518628851 0.08870430333371955
-0.8973734378814697 1.3720444440841675 0.08304999023675919 0.1097986637115884 0.07891652711860109 0.16469796246656968 0.1463325143513745
3.091010808944702 1.4041227102279663 0.10558955371379852 0.09216669083323173 0.02767087186905948 0.11053025893959116 0.10154285209132151
0.4921109974384308 -0.02373858354985714 0.08029188960790634 0.04191848559794023 0.031002854892609913 0.07887567867439098 0.15585454409122362
4.7964396476745605 1.2962472438812256 0.018238615244627 0.060523407901965885 0.0269070075178617 0.13716987009283552 0.07465760462739114
0.6888033747673035 1.4392707347869873 -0.058784592896699905 0.03688580021797648 0.025131189357856194 0.03813692420152641 0.07205384453802587
1.0627182722091675 1.5924344062805176 -0.03645427152514458 0.10917168766283969 0.035724435212651354 0.12647278639309548 0.15817794490959122
-0.05390147864818573 0.4686985909938812 -0.20082217454910278 0.06178728937604727 0.027368931170073676 0.13888720954283473 0.07136162819020488
2.307528018951416 1.3919413089752197 0.10066892206668854 0.10137486351389287 0.021775610960543007 0.1477513041078553 0.11175518596123982
0.33626213669776917 1.4455809593200684 -0.3523719608783722 0.044408974671222214 0.03855849045417898 0.08266275522247071 0.16931834277055768
0.48734405636787415 1.3322111368179321 -0.0166474562138319 0.03252161021158374 0.02661896224803841 0.052127159909997084 0.04279249208335309
3.8294804096221924 -0.6685280203819275 0.0027026289608329535 0.04210504014960717 0.03325579365512231 0.050911555768049364 0.1394915807413269
-1.194344162940979 1.750991702079773 -0.14383454620838165 0.08044162317653777 0.06115336876851879 0.11004179144168594 0.08808563247054726
3.965480089187622 0.4886222183704376 -0.38971924781799316 0.0805311013833602 0.053280805699813805 0.1406686245390883 0.08697329921119827
4.2199811935424805 1.112325668334961 -0.3087441325187683 0.10966170172048362 0.078769717965976 0.173732480227606 0.14951533184120372
-0.03454003855586052 0.5968430638313293 0.08135528862476349 0.1073675122545196 0.0483138956983135 0.16849906013490293 0.17446953915745117
-1.403389573097229 0.0385572612285614 0.29188570380210876 0.07457140716536106 0.05816230773190793 0.07836796762662286 0.1452156138166082
1.4689372777938843 -0.34517258405685425 0.561566948890686 0.03615964821139044 0.031228016549515545 0.10046474990598461 0.08534153209125492
-1.250913381576538 0.4981706142425537 0.17922718822956085 0.1017192209287223 0.03065805599051915 0.15850672483358233 0.15012414880908892
4.079507827758789 0.15062999725341797 -0.4290618300437927 0.06551926009498593 0.061566863829892154 0.08811212623814099 0.09044936706547922
4.926087379455566 1.999266266822815 -0.2126966416835785 0.08256008599229103 0.057358103362364216 0.1745618267472711 0.15977860569562816
4.123961925506592 -0.2384948581457138 -0.15612153708934784 0.0600526705578626 0.02252439159680569 0.06169238188799993 0.11240553957074728
0.08702658861875534 -0.41941967606544495 -0.12973915040493011 0.06192566191822388 0.024019161376559947 0.09583611773165113 0.08910051700927167
0.25774896144866943 1.5708980560302734 -0.3813777565956116 0.04418155223640591 0.03088716778825292 0.0719866227497692 0.07656268109029608
0.47195640206336975 -0.6431961059570312 0.5449683666229248 0.07272038992284063 0.04837199007853425 0.08557901076084148 0.07743878320826943
-1.336058497428894 -0.6541919708251953 0.4688117802143097 0.1050875589148664 0.02781246315548642 0.13567820760627344 0.1300285024107986
1.1195343732833862 1.4232807159423828 -0.22427700459957123 0.03287498173313618 0.02589322266023691 0.053921536589385755 0.06627733494644855
-2.5209455490112305 -0.42709076404571533 0.10809823125600815 0.05484226652328571 0.0383560077144119 0.07985336534310658 0.14681064806540808
-0.09822956472635269 0.14999981224536896 -0.18319877982139587 0.0779954459229111 0.040638206935425955 0.09103337140241688 0.1610622075781439
-0.0845581516623497 -0.6543591022491455 -0.32946401834487915 0.11906207694097225 0.03646988539058482 0.13196561177112118 0.12857132658156623
4.96610164642334 -0.14577706158161163 0.1551513820886612 0.10196285313490899 0.021250060648419267 0.15704419017064175 0.13527092850988073
2.035910129547119 0.6500387191772461 -0.20021195709705353 0.05323718850138416 0.02820830947245572 0.11431555409957439 0.1666082567014033
0.21157647669315338 1.1991536617279053 -0.23941707611083984 0.10427843433522857 0.057668259137956215 0.13473070323065003 0.12082285718259521
0.07871861010789871 0.7258816957473755 0.12878713011741638 0.112324448507146 0.09033267086504577 0.12600367796749792 0.14266317584170385
4.837456703186035 1.1250605583190918 -0.3506423830986023 0.08466283965057052 0.06575562939318884 0.0911788422675161 0.12080374019822535
2.7634425163269043 -0.42951086163520813 0.09834838658571243 0.111478995532484 0.025646114004590603 0.1432331159707157 0.17372426775251015
4.699666976928711 -0.0787392109632492 -0.21787534654140472 0.06286493891798811 0.05571278274491498 0.1358965919544222 0.071073102418966
-2.412160634994507 -0.22486281394958496 -0.0174045842140913 0.11559853994664214 0.10186258246302332 0.17198340986364163 0.15233255864080358
0.7527745962142944 1.6298532485961914 -0.3982997536659241 0.06197393163256076 0.023386804620288186 0.162842736124372 0.07972761606561048
-1.663719654083252 -0.07707112282514572 0.2988134026527405 0.039183097930186976 0.028380572908723364 0.05856268229892191 0.14177073263349374
-0.002568912925198674 0.7751096487045288 -0.16646583378314972 0.11822929690486321 0.05242364092735333 0.1554944644352221 0.12365654849149546
4.085637092590332 0.3355627954006195 -0.3775818347930908 0.037228707180810595 0.0364615443762272 0.11297161263529704 0.1300692507043219
0.06567385792732239 -0.34982916712760925 -0.28204697370529175 0.047899471979310916 0.047350655063779015 0.0771602492170504 0.1274992887180582
3.8956570625305176 1.3366553783416748 -0.05733683705329895 0.03587003588405159 0.02888399082328836 0.17620781666136248 0.14960656035975706
4.9862284660339355 0.5164634585380554 0.1520969569683075 0.11654462456910633 0.06556207385450571 0.14336636180565696 0.17925564488006662
-1.604576587677002 1.3172414302825928 -0.08173110336065292 0.06258891786417743 0.02002025786491905 0.09844067654868299 0.0761237341673044
0.7342920303344727 0.8977236151695251 0.16366460919380188 0.10566363233415416 0.10425514160410866 0.12741740623125786 0.13371117391811604
0.4179137349128723 1.547989845275879 -0.2027953714132309 0.09802091002188307 0.07278670614136433 0.16344685400549647 0.10920986621299407
3.485788345336914 1.3410444259643555 -0.38531413674354553 0.08646705831910094 0.03905954065027566 0.09078856177253546 0.0974825593830626
0.83610999584198 -0.7782635688781738 0.42647287249565125 0.05726334346192734 0.038954768062444065 0.11048918717449963 0.13000546698765253
0.8932626843452454 -0.7744451761245728 0.589390218257904 0.06742271646900991 0.020111814891224607 0.13793726759951577 0.07304637735933034
2.734267473220825 -1.0657598972320557 -0.3686400353908539 0.0354996961018882 0.03491376475394155 0.17397044978536136 0.17726287571759392
2.386521816253662 1.548146367073059 -0.3281565308570862 0.08729632773548321 0.050828720309120765 0.09072785764438498 0.1166248849213573
-1.1529614925384521 1.5046206712722778 -0.1455322951078415 0.042519839737527404 0.04177303257993442 0.1755946000224485 0.07098186964254494
4.497194290161133 -0.4441143572330475 -0.24615199863910675 0.062417176112952166 0.027630490887555266 0.15475156967602227 0.0963919615847608
3.0796594619750977 -0.41303759813308716 0.1415332555770874 0.11557298644356905 0.02728111274842783 0.13603783901713692 0.12663203027695774
1.0308537483215332 0.5420491099357605 0.26897498965263367 0.03883755141344024 0.029848096972343655 0.10058348367097414 0.1258237666575232
3.0530123710632324 -0.9271636605262756 0.061533525586128235 0.06091289477759217 0.0425721049040345 0.16781240499269806 0.08908831137643256
2.729039192199707 1.0577703714370728 -0.02114904299378395 0.08179971324264745 0.02625569168682807 0.09257875151186588 0.15446456847057743
4.264472484588623 -0.35646262764930725 0.1256040632724762 0.046006596479964725 0.0393695682479523 0.11019536158961599 0.09441127958958609
-1.8747133016586304 1.5778099298477173 -0.055640626698732376 0.0671834025969883 0.02190017647889283 0.13334311680861194 0.16860050336638857
-0.4606773853302002 1.3137428760528564 -0.17834003269672394 0.10511439975301368 0.09106934657023878 0.13628320940201846 0.1296547597721417
2.703839063644409 -0.25255730748176575 -0.35502487421035767 0.06124328193657094 0.02399866107588816 0.11824802062035758 0.09682603202497528
-0.021451115608215332 -0.2285841405391693 -0.4137132465839386 0.09318314883405596 0.06268577767160098 0.14524689485134956 0.13254650456242736
0.7944095134735107 1.288187026977539 -0.13885913789272308 0.09297374745902015 0.07226701342588343 0.10875598101044104 0.12999185023692447
1.9285396337509155 1.473722219467163 -0.08727402985095978 0.10833000338190403 0.05543194624852078 0.11756743092793832 0.17336988987254712
4.446691513061523 1.2072800397872925 -0.28990280628204346 0.039554958794857646 0.031255044473938676 0.05735023735192952 0.17703557629599287
5.3081135749816895 -0.1855878233909607 0.033095814287662506 0.09673493210912447 0.04764249182112504 0.13242984495375787 0.17465364008615597
3.441133737564087 0.9291001558303833 -0.281022846698761 0.05295315650311305 0.04972664586966765 0.1533283205074934 0.07058369849390733
3.0237326622009277 -0.3125624358654022 -0.13703972101211548 0.08855675051033005 0.035772688453959055 0.16674641254248052 0.1648158527988861
-0.06426428258419037 0.6726167798042297 0.09851183742284775 0.0533587390731413 0.028051810833531775 0.07383049900152726 0.06699390125440849
-1.5352764129638672 1.1312565803527832 -0.34039896726608276 0.06148094119022179 0.041060828296413956 0.13390403783397348 0.11151993597382788
-1.8711599111557007 1.3120962381362915 -0.4136260747909546 0.0533630561057554 0.049043665726459504 0.08459031956386903 0.09411321764276433
3.6972789764404297 1.6672265529632568 -0.15425780415534973 0.05051438987560951 0.050214922361280404 0.11943546219974253 0.16590470071032848
1.1840225458145142 0.585175633430481 0.22497287392616272 0.11262522327003285 0.06464445394862611 0.1484528306107221 0.1309382862407627
-0.8338292837142944 0.6149936318397522 0.487154483795166 0.05131538151838004 0.044024938536733234 0.12737924777518753 0.051763973664284216
1.4637070894241333 0.058823827654123306 0.28060004115104675 0.03816206342068499 0.022123876322544228 0.07746759470643938 0.07717513100900492
1.0032079219818115 -0.34971433877944946 0.12695670127868652 0.10552120209830008 0.02714792364696666 0.1779627330140044 0.1554620464302849
1.1727100610733032 -0.48633497953414917 0.606080174446106 0.10652655253979366 0.09510891506311661 0.14204128762453655 0.1609274936947996
1.263547420501709 1.1718448400497437 -0.3938281536102295 0.04493760745354795 0.04446871401255927 0.07633049457065635 0.10665577076325501
4.09788703918457 -0.014146212488412857 -0.20563244819641113 0.05829443280104273 0.05198232051413064 0.15839964506764367 0.1274940220526975
-0.6205761432647705 -0.5946593880653381 0.6295916438102722 0.10272132406199941 0.03618244675505107 0.13786947264051672 0.15226971176805063
-0.6990633606910706 0.22509056329727173 0.11120455712080002 0.04640698792694199 0.039354714698184856 0.10085757912396212 0.071154123608732
2.9022653102874756 0.802807629108429 -0.334229975938797 0.10121295968541315 0.030887823374614806 0.12431963843907645 0.16682208836388307
1.5371367931365967 -0.12387111037969589 0.5359963774681091 0.08994391214446949 0.07044875282613253 0.09048520357689649 0.17929945878818723
-0.9434889554977417 -0.7432568073272705 0.476021945476532 0.11990755699468175 0.10586831386307309 0.15989457718891545 0.15093908272738096
-1.658639907836914 1.563697338104248 0.08818931132555008 0.06135797082142794 0.0522488884351197 0.08585273410330248 0.08823854942040865
-2.490157127380371 -0.06217850372195244 -0.4313425123691559 0.06255987672013426 0.0573059391004012 0.1600150152079999 0.06940465278727292
2.1699681282043457 0.8738976120948792 -0.17462347447872162 0.06730626682626473 0.06402252640436347 0.11862079838251113 0.07554113140757379
-1.7237296104431152 0.03484242409467697 0.44271278381347656 0.04918743888700343 0.036196494081881456 0.11997789422302843 0.1794941615596558
-0.971009373664856 0.25920799374580383 0.47819188237190247 0.04877187890373931 0.03860802593597039 0.1103297138481922 0.0587666415572775
0.40348461270332336 -0.2151353657245636 0.23949439823627472 0.11240505898366494 0.047815345619512166 0.17722390588795367 0.13595775037178243
-1.2036058902740479 1.6796094179153442 -0.3574027121067047 0.06655610471377227 0.04104974848523489 0.103315461027609 0.06882943127984247
-0.1395334005355835 1.0961551666259766 -0.25901418924331665 0.09732775672431035 0.035724929622766716 0.13812416613697404 0.10423579554144421
2.005000114440918 -0.21876084804534912 -0.35465508699417114 0.0889231916687612 0.06084488149273891 0.1786599123261097 0.09848603526197555
2.632079839706421 -0.6430097222328186 0.09336874634027481 0.11815438097312005 0.059775321660568065 0.15300903748256006 0.17745321649964702
-2.2528743743896484 -0.47356876730918884 -0.105943463742733 0.03238896676451579 0.02721739142554708 0.06494719628232043 0.06711868355811254
5.112514495849609 1.5234612226486206 -0.17646914720535278 0.11686234218291486 0.08609633799200098 0.15351850130795625 0.11803043994029219
-0.9701252579689026 0.0835564061999321 0.33759230375289917 0.11896529014707136 0.05197934041570523 0.17773803331795607 0.17748274556000385
4.886991500854492 1.755759835243225 -0.0481344498693943 0.06788498004470628 0.03410145193084412 0.15901404225205906 0.14547184176024763
5.082566261291504 -0.14202438294887543 -0.28584617376327515 0.08040340721104929 0.07664972296406324 0.1398336192060194 0.08412914267966295
-2.291163921356201 0.23379617929458618 0.10357671976089478 0.10906087747763753 0.030242324774580692 0.16236311055042313 0.11989422121972311
4.150601863861084 1.4011894464492798 -0.36769700050354004 0.10226160368977398 0.07589198463061213 0.1709332651336282 0.13857278209794496
1.2390307188034058 0.2298698127269745 0.17028814554214478 0.11611091329837914 0.05447956699919543 0.1353303389611738 0.1519475337853809
1.9105381965637207 1.0497138500213623 -0.37606337666511536 0.09966866617364327 0.06980363521079663 0.1574499094304579 0.11406069408929166
-0.009763354435563087 0.6391050219535828 -0.4181746244430542 0.032731455550640956 0.021529087725712753 0.10236099417942049 0.1527171864486564
4.892794609069824 1.1693434715270996 0.11650847643613815 0.042683148447429486 0.027856092783374854 0.1796966157085651 0.11900260088625865
4.287392616271973 1.721348524093628 0.10917402058839798 0.11907822888032236 0.06686814040328463 0.1458265734379964 0.1737341549058809
0.6290040612220764 -0.02695516310632229 0.5888097882270813 0.10838640904947586 0.058439283697804253 0.1327318413588015 0.17074527798154615
1.0359182357788086 1.6386770009994507 0.11169841140508652 0.08978820778945884 0.05734438145474195 0.17278853690672474 0.12488923053257175
3.792603015899658 0.5161110758781433 -0.2126227170228958 0.08142224893877202 0.07570864088007832 0.11898269213656298 0.08977363365741992
0.4711221158504486 0.4547582268714905 0.2725169360637665 0.04214328793191438 0.025201000170103474 0.11447119448834227 0.1261448043790968
-0.6404688954353333 0.6960152387619019 0.48087501525878906 0.05162377065487704 0.04561936247824283 0.10273746691940244 0.07417425378146399
0.779761552810669 0.15080678462982178 0.050600044429302216 0.04856579173212355 0.03899033296644091 0.1554853141191768 0.05814802251638598
3.4466729164123535 0.8340323567390442 -0.41121095418930054 0.06394783381177102 0.05922775496889554 0.13888006136894943 0.08726802073190873
4.554032325744629 -0.1943405270576477 -0.2701565623283386 0.10725440545411759 0.09222487869709908 0.1590137325309566 0.12089958359655534
0.5873391628265381 -0.6099609732627869 0.7129489779472351 0.09639154184707181 0.09115089323003141 0.15513466465827064 0.15394122561331824
1.0486745834350586 -0.005277493502944708 0.38670673966407776 0.07480856207697051 0.06468212624494597 0.1704054598825653 0.09849899083332378
2.281191825866699 0.7819867134094238 -0.21850605309009552 0.06771862779714158 0.06255498579080578 0.1498822663657939 0.13802068030458162
3.065138816833496 -0.9194242358207703 0.13786040246486664 0.11131847401986752 0.0201375403860794 0.15562166162478183 0.12494642419904864
4.219035625457764 1.666290044784546 -0.42713603377342224 0.07613850968555028 0.05607975201436606 0.09991922210962292 0.16306052842025665
5.3063764572143555 -0.14805817604064941 -0.27073344588279724 0.05254099728009755 0.03528107750478045 0.13170726457256138 0.06444461156175241
2.108272075653076 0.5987021327018738 -0.1985987424850464 0.10169850318938509 0.04186360258640123 0.16458962580299108 0.16148192785778764
0.12644225358963013 1.1455111503601074 0.08274111151695251 0.04722831940469499 0.030666233059296222 0.1616609689196817 0.05791752324776847
1.3418028354644775 1.1241681575775146 -0.24221090972423553 0.04574715521149245 0.025327342640206994 0.16798772299499698 0.12058464023638382
-0.9941851496696472 -0.23681187629699707 0.26050618290901184 0.10367324699944401 0.08084215497483065 0.14204936004986618 0.11896611680807985
4.625094413757324 -0.41399455070495605 -0.3350958228111267 0.03592814158974136 0.034907358823288666 0.1244215903408831 0.11794445007717741
-0.9265703558921814 -0.20504975318908691 0.18178638815879822 0.050461873604564236 0.029852436004959248 0.06858367516493825 0.15593901371333935
5.0391950607299805 1.379778504371643 -0.29451894760131836 0.11877349504156828 0.11572680487080916 0.1259703232882674 0.12652953597669273
3.917163372039795 0.17044705152511597 -0.40763312578201294 0.07339631771308013 0.05253184207929033 0.1197689315596585 0.1448650368267263
0.6674363017082214 1.246876835823059 -0.04989996179938316 0.08381849063020225 0.047183750793042795 0.14056865715317285 0.15294568111066914
-1.6178580522537231 -0.6351445913314819 0.19447539746761322 0.09491438465980384 0.05955171150024831 0.11864638115613112 0.13058189111282978
3.0120010375976562 -1.3523774147033691 0.010066132992506027 0.07545308552007546 0.06013180936316631 0.14070535963881514 0.08877958309350137
-1.5144896507263184 1.4091979265213013 -0.20651628077030182 0.11939029053440849 0.062194345059090356 0.1337389915078189 0.14779650666362013
-1.4962252378463745 1.8546785116195679 -0.40027087926864624 0.09649221788943538 0.030686497678973416 0.15690535743115824 0.10819442486566772
-1.2854416370391846 1.4534432888031006 -0.15285912156105042 0.11257245385892668 0.11079090449448992 0.15672734583758544 0.16522734314092893
-1.5903934240341187 0.7270457744598389 0.31211355328559875 0.07980543193928968 0.05338723815691401 0.1176872947191461 0.1609872271901444
1.9729812145233154 0.995899498462677 -0.0035800368059426546 0.09154077388612587 0.027585512114198078 0.1312729837124742 0.15184732842972998
0.2264617532491684 1.022469401359558 -0.43348416686058044 0.03807122565576189 0.02945253292529509 0.13370259613273577 0.17553357994726637
-0.3789326548576355 1.6111061573028564 -0.15636605024337769 0.10651872449878641 0.05226002890868919 0.12211449806041724 0.16886651414868112
4.31008243560791 1.710607886314392 -0.003557928605005145 0.08296522431271615 0.06577563928600572 0.14862390499094447 0.14307705411326493
-1.7270934581756592 1.101420283317566 -0.007046076003462076 0.050819627875342555 0.042700795896853265 0.051868134524603066 0.14283507008344087
4.7826642990112305 -0.0051474361680448055 0.06562717258930206 0.045809996150010676 0.027414512247306795 0.0640114276400157 0.15764851907760336
-2.3060131072998047 -0.32447531819343567 0.13681499660015106 0.10511831132370428 0.0632662596560964 0.1078914858312666 0.1443103461605878
0.5359300971031189 -0.2701951861381531 0.2052081972360611 0.10062001815537408 0.0789941099888968 0.13030330119557873 0.17138991229076878
3.4681644439697266 -0.2861715853214264 -0.0647842213511467 0.05860578276645423 0.02175941895658595 0.11274805150849934 0.15218719830770716
4.625223636627197 -0.40888890624046326 -0.02369079552590847 0.07983522007992824 0.02771922709504114 0.17254437086898455 0.1328958214941631
-0.642549455165863 1.222967505455017 -0.051596879959106445 0.08985693021562156 0.04174979882024045 0.10329019687720062 0.11792680750929886
0.4322895407676697 -0.08906380832195282 0.33916160464286804 0.11613919961051374 0.10847070181780756 0.11750446773130407 0.11922807978983113
0.11687071621417999 -0.05621252581477165 -0.3401432931423187 0.11667279149001221 0.020749293287795033 0.1563776036854075 0.13405847436479185
0.40875983238220215 -0.67616206407547 0.2202979326248169 0.11720442605942928 0.0565899391582691 0.1754788213121693 0.1589309846722691
3.7820024490356445 0.4644933342933655 -0.3178274631500244 0.08424351087031345 0.08385317373642745 0.15613127183409947 0.1624718376423871
3.044663667678833 1.507594108581543 -0.0986175462603569 0.09493232788051252 0.08801774254354652 0.1699617921258495 0.12418545269303125
2.5791330337524414 -1.2183316946029663 0.05949254706501961 0.0692752268073347 0.04348007063030389 0.11757551159480442 0.13349544593342266
4.535327434539795 1.4283446073532104 -0.3108263909816742 0.08436763900177391 0.03819509478065393 0.11610033498930578 0.15541175402896173
5.023075103759766 1.683083415031433 -0.33751535415649414 0.11284640444084948 0.08475686847330037 0.14525358165972238 0.1562132619093086
