0.8235916495323181 -0.04616175964474678 -0.23280110955238342 0.09233603967649234 0.03288506668808897 0.09468622975037116 0.15041111632149523
2.260632038116455 1.576278805732727 -0.14196427166461945 0.08513199480097784 0.06435506921588298 0.1549059431899315 0.11365147084201965
-0.23117783665657043 1.7081141471862793 0.17509545385837555 0.051446855764511495 0.02890997581558066 0.13296139646243882 0.17279944182044804
-0.07957395166158676 -0.578233540058136 0.6387341618537903 0.0852231158752452 0.07524976657216503 0.11513658850183092 0.13947464788257907
0.7666236758232117 0.7411350011825562 0.1539669930934906 0.08969955387575668 0.05733358485484555 0.16955020543816174 0.15606716203530402
-0.4145451784133911 0.8101338744163513 0.34069857001304626 0.06053580831448882 0.024140848874954858 0.1415279728231279 0.1745472010822405
-0.3999159336090088 0.9511322975158691 -0.15566474199295044 0.0515221489685552 0.036201272755173916 0.05713198552799756 0.08151563381581149
0.13610617816448212 0.09184431284666061 -0.007530170492827892 0.09744825495073503 0.026941488260687388 0.1664599959031554 0.17717516583216017
-0.7478641271591187 0.5270956158638 0.10512510687112808 0.046679463874682865 0.024746710594889983 0.04980383699593509 0.07934932962864226
1.8680262565612793 1.2501717805862427 -0.2586672008037567 0.03814907365883029 0.021699522635157235 0.04103198237289239 0.048177642542479866
0.11693530529737473 0.6276596188545227 -0.04662005603313446 0.03520841471728215 0.027816347683377783 0.13584111912928123 0.11799077737202651
0.7440816164016724 1.2933459281921387 0.19596634805202484 0.07696094185768833 0.02346062819702113 0.16881407460325426 0.07839450587990415
0.6022466421127319 0.9767264127731323 -0.027238944545388222 0.07451990451599784 0.07289056056685472 0.16547348818414 0.1070641432989714
1.9918397665023804 1.1785364151000977 0.1438172459602356 0.07498559403510463 0.05553075471123106 0.1252470198547479 0.17626908612054196
2.0022778511047363 1.0714850425720215 -0.25074657797813416 0.0811578520079825 0.023185273622921037 0.10735375236921162 0.14739439303632995
0.6844556331634521 1.3837902545928955 0.20015156269073486 0.050446131319104484 0.03623728192391615 0.1420947654188231 0.12116690322502696
-0.28921186923980713 1.222313404083252 0.2855677902698517 0.09257075106269891 0.053567741775203265 0.15031276407924685 0.11982501613743522
0.053523775190114975 1.0748016834259033 0.1635657697916031 0.054227262172062696 0.020804204663266615 0.15706964149372288 0.07010684665160866
2.1708035469055176 0.5986224412918091 0.1598724126815796 0.054538128062286376 0.040054586327695374 0.17077722024381825 0.17650620544881152
0.7884631752967834 0.14983908832073212 -0.19973355531692505 0.11100549703703695 0.09529246110388183 0.1717843541507379 0.15335557611291317
0.140180766582489 0.04613500460982323 0.09123671799898148 0.08418579951282412 0.054275322904063034 0.13865371991458864 0.1575790572744118
0.19241051375865936 0.28595003485679626 -0.027814315631985664 0.08030895183117114 0.03246648149400459 0.0947465680217566 0.089422125019541
2.001249074935913 1.6225742101669312 0.15067684650421143 0.09573990351314025 0.05947095982329212 0.12114639099218234 0.09605591639805403
2.4105021953582764 1.0644360780715942 0.05298851430416107 0.07935418166550615 0.05591258951423808 0.1452431881939973 0.09185860250749217
-0.7367323637008667 -0.8396551609039307 0.4505688548088074 0.06998422407072968 0.032927612614143245 0.15889384926612332 0.07610351929479496
-0.2784995436668396 1.1853100061416626 0.28080442547798157 0.05454599673270179 0.03207310629824505 0.06259538596630133 0.17873357366965803
-0.04112764820456505 1.189182162284851 0.07676364481449127 0.09503743956612969 0.044440933257514886 0.11207956977404845 0.14958078007375433
0.7274009585380554 1.0732767581939697 0.10554526001214981 0.08357104853261027 0.0658664775008385 0.16273417704387827 0.10486083110949358
-0.6515892744064331 1.1292486190795898 -0.1862269937992096 0.04378333064637367 0.037621442413135475 0.10483278826431684 0.07379508076249619
0.22036081552505493 0.9171066880226135 0.2403203397989273 0.03430555639840843 0.02112112851440755 0.07427171901437543 0.1392143758999198
1.70961594581604 1.676317572593689 0.16417139768600464 0.03308545323097088 0.028348877013777578 0.15032485392842493 0.03843355283921998
-0.7613585591316223 -0.49341467022895813 0.5689454078674316 0.053584134660751945 0.02932618934694474 0.15077169123702056 0.14068597606325614
-0.3491280972957611 -0.2539832592010498 0.1966787725687027 0.11347954313064572 0.053936081647198236 0.15277567968929612 0.1722496044511771
0.6235721111297607 0.14442521333694458 -0.1741962730884552 0.04518524810895465 0.0373139337012988 0.1040908274111962 0.15178752166895815
-0.6459050178527832 0.8754193782806396 0.12250339239835739 0.06925561813851978 0.030948868883943676 0.11909741576495286 0.13956283736492314
-0.6162784099578857 1.032613754272461 0.008641744032502174 0.10009989716265465 0.040236864006604464 0.14933641281073376 0.11211099238321615
1.5352234840393066 1.38248610496521 -0.03225800395011902 0.06736132113991081 0.05245712482358285 0.10497623684354009 0.08270160769451408
1.6443992853164673 1.5952366590499878 0.12514518201351166 0.10545572632301642 0.0628107284384703 0.17358012810784362 0.13006778329743962
0.03779308497905731 0.10601852089166641 -0.20099523663520813 0.06547660594733826 0.04904737487737958 0.11141614334797637 0.12532339007666876
0.18355116248130798 0.8217055201530457 -0.05618707463145256 0.10346508692700247 0.05820132451803041 0.11135991045184748 0.1143347106647365
2.19106388092041 1.6955655813217163 0.00788127165287733 0.09350383048536492 0.03477997181071528 0.16665872007313742 0.11081257583023402
-0.16863185167312622 1.6644318103790283 0.4535333514213562 0.10068749246346519 0.09775153139197032 0.13212962662414318 0.12884385889957298
-0.032967306673526764 1.2202630043029785 0.45404917001724243 0.05061674784835498 0.03334278589158354 0.1648368303342719 0.07797824322317093
0.04886477440595627 1.393296241760254 0.14599256217479706 0.038079959695679594 0.028116128282157628 0.13923944162405869 0.06823366784032364
1.6920521259307861 1.7768338918685913 -0.14713959395885468 0.07716082752487852 0.04765550666032217 0.14669729958311928 0.16020681113133928
-0.6418386101722717 1.0577733516693115 -0.1494932323694229 0.09546819673962813 0.04615782527361822 0.15683195303863492 0.14286669072411984
2.4157984256744385 0.9652947187423706 -0.1529085338115692 0.11171250591359126 0.08571136717210925 0.1337791933818202 0.14149181709415676
0.23652976751327515 0.03989598527550697 -0.1976449340581894 0.05413208578312828 0.04845473662922192 0.09479644314697853 0.15857545943277207
-0.06759875267744064 -0.5905949473381042 0.5707799792289734 0.04064024340306212 0.03511834605133013 0.07506010242549806 0.11373216678224773
0.07964618504047394 1.7509158849716187 0.34154582023620605 0.09695665899000258 0.04294396920203529 0.17601666010832345 0.1555758627904883
1.241133451461792 0.9674844741821289 -0.12870818376541138 0.03427723777652815 0.023904873735125 0.059483451751767474 0.16828342927244982
0.7039076089859009 -0.039125192910432816 -0.06169569119811058 0.06579380186356465 0.03905963197173845 0.10339958590915044 0.15907115665990357
-0.09942705184221268 -0.5530130863189697 0.2582336962223053 0.03722265363722673 0.02727146097930007 0.07242275341756071 0.07201520147536003
1.960044264793396 0.7831931710243225 -0.23999927937984467 0.09409641004338068 0.06798746056306004 0.12882570580190766 0.1397085242060556
-0.7354645729064941 0.6398731470108032 0.6024361848831177 0.04262144111112524 0.020282148129470306 0.1253117426758377 0.09412046028065557
-0.18482659757137299 1.3810697793960571 -0.05830882489681244 0.0663955957972415 0.02388925158425099 0.13910119756123046 0.11090228406966537
-0.32369768619537354 1.5221905708312988 0.4504668414592743 0.10194108989409849 0.06199838454258284 0.17908174999189 0.10305988677061449
1.6425983905792236 1.9555240869522095 -0.18891339004039764 0.04991580020796604 0.04774783118295392 0.0787166337774778 0.13064863774769941
-0.22010405361652374 1.3509527444839478 0.013750310055911541 0.113751884521712 0.10856000671019307 0.15966031399328265 0.1627774976229599
-0.21355746686458588 1.504096269607544 0.0036818739026784897 0.10772490219394594 0.03635863751077857 0.16847977931647484 0.1294448748658799
-0.7543879151344299 0.623556911945343 0.638240396976471 0.09707465798836878 0.02076176678443276 0.1791172911544019 0.122049279289083
1.1601158380508423 1.441031813621521 -0.06615883857011795 0.06563553389554533 0.02008382638418556 0.13801065647978905 0.12709103706661312
1.84760582447052 1.1596983671188354 -0.2152281105518341 0.04736213724316199 0.039448204701462056 0.13205683288884867 0.09708123840416566
1.126744031906128 0.931413471698761 -0.18147124350070953 0.03722379555379832 0.03593496272019113 0.11461445952622946 0.08878554588935725
-0.21384890377521515 0.646068274974823 -0.012338302098214626 0.11436353920436138 0.07737001764831292 0.1613242137711839 0.11472012079673936
-0.5021451115608215 1.1269458532333374 0.04160621389746666 0.11473677014892422 0.028321835396720674 0.17293518177767916 0.17173991889521248
1.0036885738372803 1.3821896314620972 -0.3425859808921814 0.07853020454438167 0.038093263569642155 0.12905755609388492 0.16157159316835046
1.4377647638320923 1.1917288303375244 -0.05725008249282837 0.06252379924770715 0.02721802480173128 0.1788249701896943 0.11675758586259036
1.9510701894760132 0.7501556277275085 -0.12099993973970413 0.09194610106220316 0.08230323267592303 0.11248263856269342 0.10018535289526356
1.0963478088378906 0.9802623391151428 0.07018612325191498 0.05453723249007619 0.03145075649151147 0.14530106133724935 0.10659300835305063
-0.7472916841506958 -0.8897910714149475 0.2830781638622284 0.059889905803604496 0.048465341501668174 0.15528105773898143 0.10980067527061954
-0.10519178956747055 0.5258297324180603 -0.2593603730201721 0.0850076954927956 0.06012395678435899 0.16274479116284407 0.11842622789070693
2.059817314147949 1.6297780275344849 0.1530364751815796 0.03380410729315925 0.033397666958912456 0.061000412061616674 0.16012623661216943
1.9288673400878906 1.9650143384933472 0.04056966304779053 0.09466216705205562 0.050683248572798476 0.11674226752897705 0.13515934333887497
0.21680307388305664 0.11797268688678741 -0.4144534170627594 0.08334440243311367 0.0408952824012253 0.12045073512869449 0.0845509058045779
-0.7041643261909485 1.318995714187622 0.2370961606502533 0.06106880662017514 0.04974035574253236 0.1277396914741402 0.08429361124256733
0.44202351570129395 0.5250200033187866 0.08338724076747894 0.0817000646448872 0.05904227154886969 0.11132706852311769 0.12226641867904257
1.7418959140777588 1.8556396961212158 0.041497889906167984 0.06383674406281473 0.021971789285708736 0.08554326450165417 0.17873379167773085
1.7974960803985596 0.8242067098617554 -0.09657591581344604 0.06853749230875586 0.026245620286411853 0.07798851417393649 0.170143704770772
-0.25044992566108704 1.3985258340835571 -0.004464977886527777 0.11083944188408981 0.05960983905887084 0.16482556847659102 0.15927676907368232
0.02600940689444542 -0.426519513130188 0.19079628586769104 0.10586743536909267 0.07540363345899735 0.14725433145672173 0.1316991159735285
1.239837884902954 1.0808299779891968 -0.11616718769073486 0.11319163924021569 0.07055041005136392 0.14046931676375685 0.12343339583250991
-0.513399600982666 -0.5664340853691101 0.40571221709251404 0.11307583493179584 0.05600471419029103 0.17478754107565303 0.1469728691645741
0.10203100740909576 0.47946566343307495 -0.44126778841018677 0.08602445788632901 0.055082871048570986 0.1689921382783198 0.10727239350536454
-0.4421057403087616 1.0954399108886719 0.2894352972507477 0.11532290420306204 0.08361997057225991 0.14594874526834523 0.16223672928375493
0.0002434911293676123 1.472800850868225 0.1925518661737442 0.04648276577388706 0.02346077785509129 0.07740176796456213 0.10109804411304199
2.001347541809082 0.7243626117706299 0.03499355539679527 0.034521548759135816 0.029513066793156024 0.169504675153586 0.10207897295232346
1.4661792516708374 1.2059667110443115 -0.006722843740135431 0.032581297541131066 0.023083204951889605 0.1710655768126109 0.06432707443250259
-0.30027610063552856 1.4937560558319092 -0.009481655433773994 0.08270880806990993 0.024212132750111533 0.1696388502079733 0.14822368463659627
1.6375473737716675 1.3549401760101318 0.07075993716716766 0.10545509179591002 0.06472813840397455 0.13854625938679907 0.15598380987379057
-0.08201232552528381 0.4645625948905945 -0.09840690344572067 0.09280716098801986 0.024585102737587135 0.1469200670775741 0.11392536182791585
1.4041327238082886 1.1932510137557983 0.14212484657764435 0.10071919480641642 0.02669367125419384 0.17274024130803017 0.1451933832792141
-0.039181798696517944 0.881447434425354 -0.1394837498664856 0.09694230550393117 0.05649463594432219 0.11427910327996516 0.12544197727320738
0.2744074761867523 1.2534364461898804 0.034271638840436935 0.11589820685373198 0.04271023876085306 0.16708260250919965 0.17286507955069289
-0.20297658443450928 0.7083132266998291 -0.2572837173938751 0.07235217227869109 0.06780210696548011 0.1055560754865911 0.12013493861289058
0.20385906100273132 1.3166093826293945 0.003692661179229617 0.036288148666373324 0.022839792712186197 0.1797221941421036 0.17229616791739488
0.6931540966033936 0.818327009677887 0.219279482960701 0.03383278091888593 0.023460593911581545 0.10422239772454472 0.06786116944054799
1.2307908535003662 0.9613417983055115 -0.4247163236141205 0.09841185910772972 0.06845826253137903 0.1117460621090379 0.13810663315099583
-0.5741322636604309 -0.7578946948051453 0.6692027449607849 0.10896341075596302 0.09038114624323038 0.15141611945716962 0.14984073726082497
-0.39974719285964966 0.0912020280957222 0.4184906780719757 0.0753633055820356 0.07496630706780408 0.11278068713190664 0.10299210152189334
0.9340397119522095 -0.21052026748657227 0.03454789146780968 0.07183269972425846 0.03305333806447431 0.10280268420371522 0.12269744482224117
2.0879650115966797 1.082933783531189 -0.2815258800983429 0.10391023611024225 0.09595063480105034 0.15165834258477734 0.10579107814888461
0.5442494750022888 0.9378740787506104 -0.15074190497398376 0.06922289092965164 0.050177326969633056 0.13197325661461573 0.09333313542685293
1.6482369899749756 1.093711495399475 -0.32795366644859314 0.04036331512070436 0.03985151645179219 0.1064621240215595 0.17444053432338652
-0.44933274388313293 1.408982276916504 0.21852783858776093 0.05030309646870931 0.04937646815596902 0.09721881623349725 0.17516000232164114
1.687156319618225 0.9382526874542236 -0.34258103370666504 0.06801058587433442 0.04088464256498105 0.16189342918248212 0.06831829156949751
-0.8132678270339966 -0.7163702249526978 0.5628494024276733 0.1050933676737145 0.03833590331151778 0.1692793170383846 0.16156947261089064
1.8511669635772705 0.929984986782074 -0.10043618083000183 0.09999124540954256 0.03798020324678121 0.1288414410220547 0.11247799565498866
-0.06914384663105011 1.12568199634552 0.29397445917129517 0.03304718323087483 0.023099374129117042 0.15925682830343124 0.13206786441653043
0.103663869202137 1.3623906373977661 0.02964836359024048 0.07323032185852502 0.021486096771310928 0.07991095962350138 0.0805426547203887
0.5851454734802246 0.4426596760749817 -0.34430962800979614 0.04536329465143453 0.03108992686347587 0.08811972577281817 0.07480683153849275
0.9305751323699951 1.094212532043457 -0.018858982250094414 0.04800230948953982 0.044785266966933024 0.17112484534428074 0.06635828331221574
-0.44688135385513306 1.5412882566452026 0.38456273078918457 0.039993778284096615 0.02347975761054356 0.047769872967204356 0.11519218889842257
0.7586460113525391 0.5938496589660645 -0.02464788407087326 0.043555435910124174 0.04099466033522144 0.11390203340516726 0.07109451406254441
1.0773178339004517 0.8892830610275269 -0.13386480510234833 0.11396739539395581 0.107929533963585 0.1332031314880102 0.14567371797174525
-0.6998381018638611 0.6761520504951477 0.28219178318977356 0.038172584130912304 0.026308041050631937 0.07955534240554327 0.17268778018955855
1.9959717988967896 1.066889762878418 0.06127416715025902 0.03883211228821813 0.02233952561625873 0.17795649331667152 0.11169271521134809
-0.5450683236122131 1.3830897808074951 0.06411712616682053 0.10129122565515743 0.05386364515354164 0.1484556758283647 0.16327281252706666
-0.7402447462081909 -0.5781177878379822 0.30956000089645386 0.1149866061554004 0.07026987565449686 0.17954114190924547 0.17270441375621273
1.9312556982040405 1.5003830194473267 0.01297827810049057 0.08693476814757697 0.0800637229427217 0.12423169058432276 0.15117179789360524
1.6375584602355957 1.3426371812820435 0.1919618546962738 0.07941395437530058 0.046915123538032226 0.12490842144682396 0.14181484446557785
-0.028803741559386253 1.7931946516036987 0.2522249221801758 0.06251493495427474 0.02235132591448126 0.0637511622905523 0.08949868033290016
0.3750059902667999 1.4422098398208618 -0.07090262323617935 0.104106310625724 0.029793948867943405 0.1758148841965884 0.11864950035832712
0.6640197038650513 1.0942738056182861 0.21548885107040405 0.09064350700365703 0.023805587414565312 0.15727199430525263 0.11886687694675954
0.3226586878299713 0.08453458547592163 -0.40084967017173767 0.10392537470897968 0.08040877542607457 0.15956526436816318 0.17426887893759863
1.390238881111145 1.4549577236175537 0.11466328799724579 0.03351086310944814 0.028577613378493474 0.16079360886985825 0.08437241850249155
0.5986581444740295 0.24777066707611084 -0.08467330783605576 0.03576736058077922 0.024570792319676085 0.06141969403532882 0.058415173696685085
1.4463444948196411 1.1745550632476807 -0.4106210768222809 0.07895057368413752 0.04462038014725607 0.16664038744111603 0.1450753287560264
2.0202231407165527 0.9818853735923767 0.08742399513721466 0.09918765347013223 0.03214158962581565 0.16495814896778815 0.17678449358630577
0.8761276602745056 1.4911954402923584 0.2639041543006897 0.034957514263296526 0.03198775072541078 0.06769502446913733 0.12953797862116542
1.9610188007354736 1.4503048658370972 0.21377477049827576 0.052876907806030174 0.051788516205763455 0.13218307845487187 0.06185719850243323
0.07139850407838821 1.4972381591796875 0.19765731692314148 0.08499299517685861 0.046522788269686095 0.13175594713543765 0.1549456687859897
-0.44391685724258423 0.03549966216087341 0.3799791932106018 0.07145239692758694 0.05033545143421001 0.15603666907221095 0.16310656447516944
0.4090938866138458 0.5152863264083862 0.1272735446691513 0.08534083647290672 0.04185618612048276 0.1652830534815049 0.08535118207672258
0.27529188990592957 0.6267122626304626 -0.3455047607421875 0.04446478933959568 0.036605527504651 0.0504092719879806 0.13311766475103162
0.6073067784309387 0.38758450746536255 -0.184734046459198 0.11858329310015915 0.1023710644735111 0.1764285017878712 0.14136210052876214
1.7052512168884277 1.4028435945510864 0.004787380341440439 0.0434598636976804 0.041285387941197585 0.06914245087472876 0.07403616400960164
-0.18556684255599976 -0.3323407471179962 0.2541581094264984 0.07188920776200011 0.03369324955866236 0.13681228258673128 0.09107156529275078
-0.2910999655723572 -0.7181186676025391 0.425383061170578 0.08440054741050337 0.053747041314861785 0.15831587617891324 0.15498130074748054
1.3309264183044434 1.1906704902648926 -0.22128459811210632 0.11499691350904691 0.043448982741672484 0.15606654170093473 0.12380492711002979
-0.8211042284965515 -0.6992645859718323 0.3407715857028961 0.06335045803956758 0.024528723231010498 0.07161588692185669 0.14370287786129832
0.014504518359899521 1.5493266582489014 -0.04509282857179642 0.03341250200181121 0.032857299902477245 0.0817457059016014 0.06715754771128626
0.8693201541900635 1.2378298044204712 -0.23680974543094635 0.11426065473965745 0.10533602407704906 0.17139360875582443 0.11437738164307258
0.7439146637916565 0.8190235495567322 -0.11404060572385788 0.04000978103312936 0.02564698757033939 0.08069350013268833 0.1580725455967032
1.0450646877288818 1.4406185150146484 0.18077798187732697 0.06631112404423962 0.04984901521255157 0.0994570961359102 0.16345295301148333
0.8083889484405518 -0.11833734065294266 -0.016148731112480164 0.07043402839418265 0.023866531840461228 0.1014884005967246 0.11718912332322688
2.2816543579101562 1.2491393089294434 -0.2187492400407791 0.0694749061359675 0.023098804206039974 0.17483452951735723 0.08362393239581725
-0.39383700489997864 1.3567203283309937 0.40706247091293335 0.09034502874454989 0.07962476515498024 0.15796684367742458 0.12911308336451424
1.681125283241272 1.91755211353302 -0.09042514115571976 0.10551152277617669 0.06621357710367011 0.17803023807427076 0.16409546727474694
1.6604735851287842 0.8326746821403503 0.011428551748394966 0.03983267547295174 0.02176585866895935 0.043055177570029815 0.166624188163075
0.7238892316818237 0.9638205170631409 -0.07840178906917572 0.07279349220896966 0.05818785414650604 0.12654514144217854 0.15379977835308836
0.1817992627620697 0.6136921644210815 -0.15934747457504272 0.05109972373425266 0.03471020379887938 0.12967969246188454 0.0741869883315874
1.9649516344070435 1.1365734338760376 -0.22775676846504211 0.08714105333907662 0.05147663933604821 0.1524831635911102 0.13337828707843627
0.7588297128677368 -0.023068413138389587 -0.28591683506965637 0.045204547472023335 0.042754516531757034 0.05489208317558576 0.12915782166579043
-0.46417805552482605 0.31537771224975586 0.2756316065788269 0.08545692029453306 0.051635419702467336 0.15330175667166712 0.14714891622592247
-0.5784165263175964 -0.1537904590368271 0.591228187084198 0.05735000172142562 0.03194677792502387 0.17083521190173526 0.07385577784523077
1.7745388746261597 1.1088935136795044 -0.1489918828010559 0.09809953465397722 0.061126527071652406 0.1097401397138989 0.12966223830401705
-0.6451030373573303 -0.3638943135738373 0.5562866926193237 0.11756097258105275 0.11444163253107179 0.1235967982884608 0.15919972868057575
-0.02686277963221073 0.8317145705223083 0.22203423082828522 0.11343404369999242 0.06270542022160748 0.1697934598257541 0.14290242515088689
0.5631983876228333 1.506509780883789 0.4563654065132141 0.10470101333474663 0.0315548903693382 0.13353960504922274 0.13565432116015638
0.41171932220458984 1.151472806930542 -0.062384579330682755 0.0787435820950429 0.04517283602449311 0.0865627700891934 0.08136452849485011
-0.3909453749656677 0.09310222417116165 0.3595809042453766 0.05282009253433934 0.03896198936371194 0.10065206416874864 0.08055227877192729
1.7272803783416748 0.7131685614585876 -0.24970640242099762 0.07123208829845162 0.03322210190568256 0.11156811857749005 0.15208872108858995
0.38580331206321716 0.1513442099094391 0.031335119158029556 0.08095570286627554 0.06220926968695073 0.13592445888667973 0.08421642458873624
-0.006934742443263531 1.3099621534347534 -0.12835371494293213 0.08677567782649521 0.033887699334979385 0.16598151532357122 0.1437797528711878
-0.4311469793319702 -0.49076902866363525 0.20896393060684204 0.10856295630918597 0.02825972689295206 0.1450466844201727 0.14864964644746814
-0.06299152970314026 1.0877265930175781 0.30603107810020447 0.06152371981987896 0.04711532756869222 0.08378516558732475 0.10913317631496962
2.03377366065979 0.8940838575363159 0.1332094371318817 0.06860114869588577 0.05582919849038498 0.12332601168643673 0.11532896041252877
-0.601835310459137 -0.4502124488353729 0.5864064693450928 0.03658890588019709 0.020258940257969333 0.16920639344345803 0.1015493429318225
1.3068708181381226 1.0885841846466064 -0.10084131360054016 0.08342682006282805 0.055776767056612137 0.08405134463348722 0.12823792394758543
2.257963180541992 1.0728956460952759 -0.15396511554718018 0.06150486344842189 0.025366808803818065 0.10190858400469513 0.14288820865004848
0.1694335788488388 1.2536813020706177 0.005847375374287367 0.05351805188701218 0.044971412850919865 0.12033660420475398 0.14848273420895913
2.3004212379455566 1.3496547937393188 -0.03271150588989258 0.10991183291783503 0.061807007561726746 0.17790187460101858 0.12371748019132914
-0.29087328910827637 -0.6572564244270325 0.008697129786014557 0.05496936787071421 0.03695484920585185 0.06787165611990413 0.1380198124179934
-0.0571003220975399 0.7215078473091125 -0.023573623970150948 0.08072443166339532 0.025471087648574087 0.12537250388725701 0.0853599423293725
1.835005760192871 1.711751103401184 0.14395473897457123 0.06325915990005598 0.04345471264798013 0.17245909141012902 0.16353503398420072
2.0506958961486816 0.7724460363388062 0.0169233288615942 0.040550082562954295 0.026270418044056887 0.05529042535526291 0.06158537464839817
1.1236705780029297 0.9970183372497559 -0.36597082018852234 0.08444069201138735 0.07993109728686698 0.13750594352715487 0.09056009684105291
0.4079141318798065 1.3934060335159302 0.19313621520996094 0.0988290870326973 0.055534634064053304 0.1604599408347145 0.13088838814323414
-0.18651960790157318 -0.30732420086860657 0.35822075605392456 0.04793993916914056 0.04562838061755096 0.17859530503850551 0.08250421980491204
0.8481329679489136 -0.11173999309539795 -0.11890983581542969 0.07766285126755201 0.05050278812711234 0.11154446431961626 0.11263790607221118
1.2254832983016968 1.0578548908233643 -0.37220385670661926 0.0682810357461286 0.05400646475408569 0.13575890960909148 0.07174721747720905
1.413213849067688 1.3762199878692627 0.15145018696784973 0.09530024815434844 0.024172504942462845 0.10806730620886894 0.13415964795968927
0.2086162567138672 0.3740156590938568 0.06345042586326599 0.06348094164420212 0.06198190989144284 0.11137959567906335 0.08208466650171099
-0.736255407333374 0.8130192160606384 0.3116409182548523 0.04117247634392695 0.031503516816097615 0.07103684049984543 0.15029812226997347
-0.0203477181494236 0.9208219647407532 0.21725477278232574 0.038970099976233664 0.03800232520679051 0.10819367625149812 0.06910750134841537
0.5130270719528198 1.0106616020202637 -0.0905928909778595 0.06831837087935262 0.057453697777290966 0.1651106308473541 0.13560758194412564
-0.6469845771789551 0.10309548676013947 0.500106692314148 0.046169827756706215 0.04100555152779868 0.1030265878748374 0.15125005205629014
0.5868094563484192 1.2877901792526245 0.2782224118709564 0.04845916629055913 0.03172491648652491 0.05182717586329824 0.17837708097169103
0.2099808007478714 1.3097909688949585 0.48155316710472107 0.08895862879996717 0.039839728872341634 0.16713352423903477 0.12796423516849775
2.330040454864502 1.4125008583068848 0.053748421370983124 0.037891056930844706 0.037148175824384566 0.1230979634361569 0.05277481359299242
0.8981723189353943 1.4856014251708984 -0.22552688419818878 0.08712818502222958 0.051236526941945915 0.15407805591073584 0.11099906795163852
-0.3163723051548004 0.5675057768821716 0.01003944594413042 0.0840909878066062 0.03689425612547289 0.12879793862108663 0.17569866465213574
-0.4210270643234253 1.4157741069793701 0.37092870473861694 0.10295756670883806 0.09027144108812638 0.14820551217002353 0.10674370989073392
0.7064045667648315 0.397485613822937 -0.0787234678864479 0.08925914306234167 0.038358703119032736 0.12714051025184553 0.12472274339048144
-0.23778192698955536 -0.42724719643592834 0.03428381681442261 0.11113751895060214 0.10226072008824429 0.16856360351453614 0.13314709382742837
2.0582103729248047 1.8855342864990234 0.14825618267059326 0.04948961546304993 0.037004280374236045 0.16944715951491723 0.16336676451076176
2.53190541267395 0.9675765633583069 -0.13119158148765564 0.05148376823195279 0.038646436210920766 0.08161229417278662 0.07756043924445849
-0.45869535207748413 -0.32111987471580505 0.2513272166252136 0.048194602119711716 0.0425272377366025 0.15390251591098503 0.06347955072081736
-0.5042650699615479 0.06864425539970398 0.1944817453622818 0.05691542971450235 0.04424639199814834 0.0708854497307516 0.10495779538359576
1.7005615234375 1.7910560369491577 -0.24703830480575562 0.08649562538006908 0.07694406425321336 0.13180704883218058 0.1655586291616066
0.12427135556936264 1.7087534666061401 0.19317151606082916 0.10744743276460085 0.10335893249015667 0.17060105297620795 0.14449456180724138
0.6379799842834473 0.1569473296403885 -0.12335455417633057 0.09356440814532191 0.02891630990670217 0.11648374439197058 0.17750783920769686
1.9641627073287964 0.41580429673194885 -0.34213724732398987 0.113647510441829 0.0486299838683394 0.11634297732272815 0.12757714220081276
0.14378374814987183 1.8535891771316528 0.39540719985961914 0.08046694234902325 0.04208671720771348 0.10506255011110133 0.11632311202851184
-0.1644156277179718 0.779644787311554 0.07239092886447906 0.07257247087062162 0.05762758141214226 0.1453683949061242 0.08960418945380749
-0.3253021836280823 1.1467565298080444 0.01977608911693096 0.05508864901317703 0.04844221069912886 0.061099872644284535 0.0719451735822078
0.5593619346618652 0.39155715703964233 0.1263268142938614 0.08065338149255294 0.07389591895310799 0.10102435424292583 0.1443433268000441
0.24886378645896912 0.775546669960022 -0.2647012174129486 0.11509352188183451 0.050765783147693894 0.1263647713557011 0.15966955400402666
-0.8516407012939453 -0.6886960864067078 0.1325685828924179 0.07624755488982674 0.027104041932678406 0.16146692031233661 0.10059746362814498
1.875664234161377 0.8613514304161072 -0.11003189533948898 0.1096731895718927 0.04965496248960433 0.14369851976730674 0.16016318718006226
0.14112071692943573 1.8997747898101807 0.3109211027622223 0.11098062107762093 0.07614974993349605 0.17024440539402746 0.12061496158200077
2.2877891063690186 0.9036659598350525 -0.3805030882358551 0.09430180539562236 0.03061454127265377 0.11025395852740223 0.15726823975036952
-0.6426131129264832 0.28337764739990234 0.3258969187736511 0.11485390164963948 0.038754419998776934 0.17077192403427888 0.17748609024804862
1.8057777881622314 0.7756235003471375 -0.1499365270137787 0.03970435764090949 0.0361863416865752 0.06447281997407892 0.11555900884804725
-0.45324355363845825 -0.7242469191551208 0.5957090854644775 0.0986637480661726 0.06068453549014176 0.17671948352798786 0.11683605583213803
0.537724494934082 1.0969550609588623 0.28046998381614685 0.09919740962884847 0.03755137058669088 0.13924290900671488 0.12098682097948528
0.11850912868976593 0.4901178181171417 -0.16428737342357635 0.035459274624857554 0.026453214436929783 0.1475735661999815 0.09709248630624251
-0.4216648042201996 -0.08234015852212906 0.3528475761413574 0.09034659539543505 0.07918920578610955 0.11954262150810555 0.1096073872421871
-0.13263928890228271 1.7117769718170166 0.49944400787353516 0.1054538479414926 0.08180766414040756 0.15156091538705854 0.1637755520167319
1.5419511795043945 1.6996394395828247 -0.24195612967014313 0.05123278406204619 0.03720904310484671 0.15669100831286048 0.07099203296664379
0.6558113694190979 0.7076259851455688 -0.20382003486156464 0.10079593556924087 0.09387210651993065 0.14595245606333326 0.14402111409692167
1.309709906578064 1.309056282043457 -0.35819321870803833 0.11999916806448004 0.02005148941854156 0.16625394986183933 0.15972822123370345
-0.627071738243103 0.5085209608078003 0.175069659948349 0.038321742442917736 0.029450511225075957 0.0651248950248002 0.05780091706946683
0.07681672275066376 1.2742033004760742 -0.030918579548597336 0.11625797872824342 0.05135863349063574 0.1759117212402987 0.1389453335583532
1.517798662185669 0.9436054825782776 -0.41083863377571106 0.03286007774157623 0.020754200567803405 0.15529479350739053 0.17727985994567413
2.0444834232330322 1.0367071628570557 0.012920157052576542 0.06743143737049637 0.04380127244181453 0.08359020282665808 0.10008721503349616
-0.3420029878616333 0.1563190370798111 0.30190181732177734 0.06508850934245461 0.0621255544928007 0.13531986038650418 0.09936420720132322
2.2994284629821777 0.5661638379096985 -0.15339452028274536 0.04042246135869062 0.023392200245048053 0.0726313539058632 0.15664822258628994
-0.20632587373256683 -0.3358730673789978 0.24230249226093292 0.07387819124552884 0.05267300694858522 0.12073490746898638 0.11911313856013082
-0.7232392430305481 -0.8103527426719666 0.6279905438423157 0.09201301096904646 0.0320215500622165 0.0963321280274249 0.10288668230561088
2.16282057762146 0.92726069688797 0.16126400232315063 0.06733272527292539 0.05394241388403305 0.10694416622767469 0.16204603577084503
-0.583458423614502 0.7993707656860352 -0.09635564684867859 0.10232149323787904 0.08145418294664943 0.1780138210774351 0.16648388044316975
2.4752540588378906 0.6993725299835205 -0.10459844022989273 0.06177688347774818 0.029154073880489823 0.14448274376648 0.07580697087192355
1.9635461568832397 1.9955767393112183 -0.1546197384595871 0.08765136948510834 0.03057429021602434 0.10647330589142164 0.09825907701369302
0.5361822843551636 0.33560630679130554 -0.2535390257835388 0.0667959575911374 0.045392509358869765 0.11329267695288377 0.14768967780001593
-0.15117210149765015 -0.42524731159210205 0.17681683599948883 0.03527092303793448 0.024784238391181056 0.0776931342107549 0.10037658795613252
1.638504147529602 0.9706494212150574 0.010712569579482079 0.11679828588688876 0.05444244172874875 0.17410294181561126 0.15397326796829475
-0.3210286498069763 1.4369970560073853 0.4103071689605713 0.07976436211715313 0.053417402806343606 0.1711026064365282 0.0870472312962162
-0.6212420463562012 -0.3592231273651123 0.40047702193260193 0.10479774139281686 0.0497482408553262 0.10510457381306548 0.14835216635968917
-0.08906286954879761 0.6764509677886963 -0.0825464054942131 0.10403740972725603 0.023465580253725155 0.10942780771376513 0.12169756371608433
2.4594197273254395 1.1740458011627197 -0.3344839811325073 0.08355229431330416 0.02806563457419834 0.13874059679675044 0.08529162755186391
-0.39425575733184814 1.5240892171859741 0.23087078332901 0.08640478756030084 0.07338180422570738 0.15258510289783614 0.09502141837124647
