-0.5821753740310669 -0.8541444540023804 -0.4663552939891815 0.0512707126662567 0.0230661159812595 0.10244650076981975 0.08273443635189891
3.4906728267669678 -1.5294016599655151 -0.044713448733091354 0.11149779527084629 0.061954221323698794 0.17432725597930948 0.14255598262607483
4.267145156860352 -0.18957708775997162 -0.577569305896759 0.08833900732166701 0.02576783276199872 0.11444285300571751 0.17095829293122686
2.879676342010498 1.8872921466827393 -0.4496188163757324 0.10193863739782935 0.06991901579753206 0.12592793173032935 0.17867277141914467
0.30903002619743347 1.668357014656067 -0.39352384209632874 0.1020516275686546 0.04315968370678476 0.1395512845479645 0.16706483911727177
0.37530016899108887 0.5290662050247192 -0.5240490436553955 0.08444618252589756 0.043996347613201786 0.15094616662255655 0.14585169450623003
0.7072374224662781 -0.3070101737976074 -0.5730372071266174 0.05431506081739369 0.044703857293908286 0.13258525150133066 0.07857218424169456
1.6982535123825073 -0.6771708130836487 0.32032614946365356 0.11786037652165877 0.038270700337542096 0.17242757653193447 0.1418676505291064
0.6872260570526123 2.1821725368499756 -0.4352467656135559 0.0972053982828924 0.07881911045531104 0.16401288655148938 0.15132399981050476
-0.6921652555465698 0.8515175580978394 -0.11682107299566269 0.10872632171470108 0.07641106866857844 0.15549017648685443 0.1749650029864082
1.5167750120162964 2.4835493564605713 -0.13345183432102203 0.07223949596776075 0.06026366826140682 0.12167964054926664 0.13306139566990952
3.2987167835235596 1.280205488204956 -0.33967527747154236 0.08604253325512719 0.032018147224404166 0.16347140406723173 0.10892165831335732
1.8047528266906738 -0.4001041054725647 0.34271103143692017 0.052655312752395204 0.0251965533919083 0.15550383339596596 0.16831688697858668
2.1468799114227295 -0.7106389999389648 0.2848135530948639 0.09118828814638866 0.06217886043468099 0.1542518134354683 0.16762266488819944
2.047940731048584 2.3097009658813477 -0.22812122106552124 0.07665693158600642 0.039909920538699614 0.16889759727761208 0.1285309718846012
4.025177955627441 -0.8879717588424683 -0.4299927055835724 0.03550854152148489 0.029084933935355266 0.07909225528515182 0.1756854603803782
-0.6634384989738464 1.063284993171692 -0.5623463988304138 0.1156779863959704 0.03703369617554208 0.1688023776826525 0.17769033365277434
2.963009834289551 3.6350386142730713 -0.4530910849571228 0.0983048201266576 0.04900877837190072 0.10157174837744738 0.16995214193869457
3.611818313598633 -1.5050466060638428 -0.466152548789978 0.06642348877634138 0.05867807264535932 0.1128203874504272 0.13275074163102377
-0.3193982243537903 0.40512052178382874 -0.35332190990448 0.0780406908996254 0.05261187759111538 0.13095646228431596 0.0999892579757348
-0.2219407707452774 1.02241051197052 -0.5551997423171997 0.08109163374076025 0.0667669408454759 0.11977979372276906 0.09538306238853227
4.158811092376709 2.908801317214966 -0.2232639491558075 0.06331891809262082 0.022848294472806258 0.15384189603536141 0.11129889592538139
-0.07278134673833847 1.932478904724121 -0.2602700889110565 0.03639508319629292 0.02557566539542867 0.13618806941969774 0.0966233490278047
0.515628457069397 3.6506500244140625 -0.2044399529695511 0.03779025547815584 0.020364851149832323 0.13620078508658998 0.06847423320828448
2.761824131011963 -1.4947502613067627 0.21145190298557281 0.11244268994067619 0.027646596879080037 0.14255405837209958 0.12520633602719422
3.0408341884613037 3.592574119567871 -0.4900591969490051 0.08352919217081634 0.028336969633279092 0.09320034807274358 0.16017491497510478
1.2816556692123413 1.8592357635498047 -0.06773868203163147 0.05330065059990244 0.041137577801930225 0.13187534600127482 0.07736917237401314
-0.663937509059906 0.911739706993103 -0.5593709349632263 0.1016754411037151 0.056100460830691146 0.10205680188686699 0.15401014971156748
3.7587740421295166 0.4363459646701813 -0.3677655756473541 0.07417000171474236 0.06488586767720249 0.10640859573118758 0.11573215274756678
-0.8889939785003662 2.711242198944092 -0.0700560063123703 0.07034409127137829 0.027181699280741285 0.15054514674907726 0.13125258109235025
1.716036319732666 0.5065169334411621 0.3345535099506378 0.04084566279549013 0.03496022169737292 0.04209438179121243 0.14494582359000785
4.197304725646973 2.7979576587677 -0.32586240768432617 0.05205517479443772 0.04609208309183861 0.06395091212718619 0.06561606028472561
1.0090277194976807 -1.3188396692276 -0.4924757778644562 0.03234471917517922 0.03183542950329298 0.14633723869129786 0.04170934700852494
4.0441741943359375 2.0174760818481445 -0.3875699043273926 0.09423539994145563 0.06702939361837879 0.10584556028031014 0.1206324501389898
2.0982303619384766 1.0242102146148682 0.1929311901330948 0.10992252312043883 0.03892780169542237 0.11505557804216615 0.13721134455250295
4.03404426574707 1.1182225942611694 -0.512856125831604 0.07273542168494238 0.041977306719520685 0.16257335699912495 0.16887962135641776
0.5414098501205444 1.9232914447784424 -0.0958091989159584 0.05216484561894126 0.03665322165664328 0.12500394580164664 0.07505731259207157
0.7749755382537842 0.8741805553436279 -0.2805327773094177 0.08674097697574525 0.06311792525933255 0.09930414989189185 0.12312964358222131
0.15588386356830597 0.5358810424804688 -0.48396816849708557 0.03491304716897212 0.03190433607010107 0.08000813936022577 0.1088892807973921
0.47597596049308777 0.2970665693283081 -0.5861431956291199 0.0747843512697908 0.06507100345868491 0.12609600258738385 0.13658514598197813
3.5296082496643066 -1.5328624248504639 -0.19437767565250397 0.05228572822648324 0.044405305268405304 0.05230807201792929 0.17221152849639254
0.8664013743400574 1.5278313159942627 -0.014383763074874878 0.07266472166112367 0.06478568101899732 0.14529683299001303 0.12575774892104336
3.6502439975738525 1.8901690244674683 -0.5140923857688904 0.03250173534718913 0.025162870218218072 0.14153866056434833 0.15321087055373622
3.330016851425171 -0.8023088574409485 -0.36593112349510193 0.09397736326039395 0.06213054084485731 0.17487200590480867 0.10890950014222635
2.9518065452575684 3.731444835662842 -0.3470498323440552 0.06271111786689729 0.03393246339085592 0.13109360830739253 0.10504168555269008
0.6923399567604065 -0.9780277013778687 -0.42169931530952454 0.05191160562367353 0.04565638540563025 0.15168508074024636 0.14764180067730853
3.426406145095825 0.0201448742300272 -0.34914061427116394 0.06588634261201247 0.020765158512123176 0.12890655791377648 0.167523077657348
3.779785394668579 1.2084847688674927 -0.4553753435611725 0.059826447770864856 0.023119211198440424 0.13146648835146996 0.09019175700507867
4.362664699554443 0.5699173212051392 -0.5410538911819458 0.08702359722249846 0.023041545043300332 0.11426068717865087 0.10207244607106786
2.150571823120117 0.6015160083770752 0.014225468039512634 0.11155798242630567 0.08365999573250399 0.1182385888836672 0.14156873463063782
1.641825556755066 3.469374895095825 -0.46304047107696533 0.07496747163513559 0.030239239257248415 0.1269051665940188 0.1744814145742497
-0.28168052434921265 0.6951684355735779 -0.16327513754367828 0.03939353445156105 0.035340227777219874 0.056046919598428196 0.11691434117366792
0.6994410753250122 2.0863423347473145 -0.2239881306886673 0.10840866001548068 0.09906212980432529 0.17612641532238354 0.16030418484034525
2.6224582195281982 0.6285362839698792 0.5388524532318115 0.1112853305302771 0.05112848394957346 0.17568548077435908 0.14039341774289443
1.39192795753479 3.38814115524292 -0.08863767236471176 0.04436027710455153 0.03401545932225401 0.05999729830317928 0.06616392078798611
2.455564260482788 -0.5856308937072754 0.15583853423595428 0.07556739484620138 0.03188355774301972 0.16731651153720267 0.1593774077795657
2.1441378593444824 2.3684237003326416 -0.1068771630525589 0.08356946447303953 0.0317135295318397 0.12685358051455692 0.10538142818896194
1.6637934446334839 0.8671821355819702 0.5187361836433411 0.11651861293152117 0.04412577951756039 0.1397111405218907 0.14145442669619657
1.743484377861023 -1.7195701599121094 0.3681982159614563 0.10904965483008908 0.05304845953089431 0.11515443547846713 0.11838198323190445
3.3461496829986572 -0.5808500647544861 -0.0441499762237072 0.07760192608000106 0.06444746053832945 0.12284698135248727 0.09818713510726902
3.485382318496704 3.0663065910339355 -0.23061656951904297 0.10619821008706117 0.03201162180493171 0.16131082024287396 0.10854802105564386
3.783533811569214 0.7610126733779907 -0.5129953622817993 0.0507436597581305 0.040517015025384365 0.06985308864291964 0.17946820664506505
2.02549409866333 0.3752242922782898 0.1451309323310852 0.1013356028188507 0.09237761967319787 0.1168840661270405 0.12569909995871648
0.9141801595687866 3.412965774536133 -0.5082437992095947 0.07517819749359561 0.02215454266173797 0.1013680258468157 0.1700639945409939
3.832935333251953 3.3936564922332764 -0.2630179822444916 0.0511674242266969 0.03394447920897635 0.1277165519138293 0.06819164461358379
3.560021162033081 2.4133968353271484 -0.34328553080558777 0.08043969462716233 0.0563119916847729 0.10875922795956808 0.14586234703987686
3.9231956005096436 1.44480562210083 -0.45964711904525757 0.05148831929872448 0.024259176949615054 0.0755020542234521 0.06062496910979244
-0.40208590030670166 -0.03071577660739422 -0.04657746106386185 0.0366850419718606 0.03411230022818 0.058782577866948196 0.05113853529288111
3.700847625732422 -0.949618935585022 -0.35189202427864075 0.09505727989113821 0.06512297321524606 0.16047975263720302 0.17403974796847782
3.9154906272888184 0.2020595222711563 -0.0789688304066658 0.08332301360687432 0.06988438444766938 0.13744955408738818 0.1415476964200005
2.591994285583496 1.984434723854065 -0.3860693573951721 0.08788539464211893 0.045475639149326896 0.1135935332561551 0.17222264293355113
4.355414390563965 1.1547739505767822 -0.040235426276922226 0.06154231481971835 0.05869825462447274 0.12714245553607764 0.12098964574175301
0.020690158009529114 0.1474233716726303 -0.2732321619987488 0.038495579084960825 0.020916236574281016 0.1486736586127115 0.14116595554268535
-0.058685656636953354 0.15186236798763275 -0.025739768519997597 0.1081953904955572 0.032267241962546156 0.1548079998168053 0.13742049292092662
4.307339668273926 2.1881601810455322 -0.11607350409030914 0.03424380202194874 0.024541566717328205 0.08823120704973936 0.12726582914038326
1.2436598539352417 -1.7889058589935303 -0.2300489842891693 0.09376359760976286 0.05236123647524962 0.1665155385967032 0.14454561673020822
0.6210193634033203 -1.2970315217971802 -0.4954666793346405 0.10540133292274911 0.07961687503869788 0.16710979861872155 0.1614853747983271
-0.6495206952095032 0.6863704919815063 -0.26587653160095215 0.0941581352890033 0.07142848373609074 0.17206635832426126 0.10047267708214977
1.0784416198730469 3.456364631652832 -0.2494029998779297 0.061054453835132284 0.05754770670547148 0.0706648619069149 0.08788008374805237
1.7828551530838013 0.6644160747528076 0.026353590190410614 0.11907407851041174 0.0916843013855327 0.12756875146915483 0.12820705272060862
3.5899863243103027 3.5376203060150146 -0.14364495873451233 0.0385803668274637 0.025342372148347773 0.16750212505919332 0.08047633705442696
2.099569797515869 -1.4307516813278198 0.08254595845937729 0.04616733302265285 0.04293268508467246 0.14321311363651304 0.17344011513857524
0.976924479007721 1.0234788656234741 -0.4533679187297821 0.10638443220553566 0.05625611623292465 0.11178865525607637 0.10673990367260383
2.4013609886169434 3.014214277267456 -0.07392936944961548 0.11637121959181074 0.07959317480903626 0.14855795632724642 0.13483596022710312
0.03504335880279541 0.004177493508905172 -0.09473056346178055 0.11223893104657183 0.07430031557762354 0.12085062332903293 0.12076251867110623
4.255054473876953 3.667057991027832 -0.3900132477283478 0.10326697643556693 0.0698862223906751 0.10397324937942043 0.10854513754749584
1.129014253616333 2.8079323768615723 -0.4008175730705261 0.0837121306982691 0.051232979853580746 0.16147847707695456 0.09215520403245606
3.302381992340088 -0.5451514720916748 -0.018832258880138397 0.11168869287255284 0.020943322780609622 0.1458987836194296 0.12753322301775327
1.5271012783050537 3.2084739208221436 -0.3947351574897766 0.061295654701444276 0.02476812021838544 0.09868128779830065 0.14902261430529068
2.2199578285217285 0.6014207601547241 0.5896604657173157 0.09871148207319798 0.022070655896537773 0.11042308072592834 0.11447365981541269
1.0984030961990356 2.1272315979003906 -0.29985150694847107 0.11929368241480336 0.06756563813361548 0.14676358879104107 0.17996372877476824
0.8851855397224426 -1.4639811515808105 -0.10677193850278854 0.08140127813621535 0.06194099751317032 0.12028302875934746 0.103052212330101
0.7675662040710449 1.5432671308517456 -0.017010580748319626 0.1185406003892698 0.11700255182858837 0.13373320876049888 0.1436141713744761
2.209505558013916 -1.1996073722839355 0.16849297285079956 0.052686312780811165 0.03783829136210173 0.08992256946486492 0.16330123402987004
1.1071449518203735 2.710886001586914 -0.4618801176548004 0.05148469870582917 0.028937416688647084 0.16656289725074483 0.07350206339956836
0.37650007009506226 2.212001085281372 -0.4810405373573303 0.08176830057814138 0.027761790817138435 0.11194792587160601 0.16021014413019236
4.565385818481445 0.23386329412460327 -0.45021653175354004 0.06940707703752581 0.0627926533820947 0.1755930437920468 0.17789217581532954
-0.5156859159469604 0.6210212111473083 -0.28806135058403015 0.032361257652577934 0.02575933583395417 0.039994607044453054 0.050714643832740276
2.064453125 -0.7421340346336365 0.5605129599571228 0.07790841023024864 0.028811258602477255 0.14638042463432954 0.151718230292992
2.0964362621307373 0.42641523480415344 0.4947887361049652 0.05359656549425108 0.045790118169147416 0.16410388446031843 0.16043351965016245
3.850048065185547 -1.2357194423675537 -0.1542334407567978 0.08072548234134552 0.06035130447129852 0.1209466384818985 0.1482297006839683
4.164246082305908 3.275408983230591 -0.04570738971233368 0.11098068592474832 0.0896662850695655 0.11210533466625688 0.16397943184535146
2.463723659515381 3.3115227222442627 -0.10527870059013367 0.07065053553284947 0.026009366645643277 0.07659726292003576 0.08432917952020041
2.2786858081817627 0.10140760242938995 0.4618193805217743 0.062483386559075225 0.04096830822525962 0.11088433796214542 0.07575437866099594
-0.7946879863739014 2.394345998764038 -0.5477023720741272 0.03701997720716622 0.032986311075459976 0.11375723949834798 0.13103161273436967
3.3370184898376465 -0.07955146580934525 -0.3024008870124817 0.033653149187373936 0.03027434741383708 0.09440971865863643 0.17911604660559133
1.8858393430709839 2.9813952445983887 -0.43430763483047485 0.08868035299039659 0.06253023657010097 0.1386003554561852 0.17112405949623424
0.5954466462135315 0.45628857612609863 -0.0983021929860115 0.1045616981656081 0.09789987526533446 0.13972506444339297 0.14610658750414268
2.7528748512268066 2.247892141342163 -0.26980385184288025 0.08660223834831834 0.07109806174034614 0.15381762852995284 0.13114451682675465
3.580599784851074 -0.6330990791320801 -0.47709569334983826 0.07876041980029169 0.020909028013456888 0.12309680317532837 0.16499947376857507
4.061160087585449 3.464428186416626 -0.23684066534042358 0.037529053169672845 0.021530871418294215 0.04238884701824554 0.15325265961651754
0.8751102685928345 2.411417007446289 -0.22744445502758026 0.04000296152596265 0.03325811387816485 0.13487392949918303 0.07207489516718733
0.8129150867462158 -1.0433192253112793 -0.3216880261898041 0.03528397660596578 0.03086839378195734 0.09552146058134774 0.11657713761641639
0.0011197738349437714 0.8900154232978821 -0.19604893028736115 0.06446414166134085 0.05339725587462876 0.10782275317521005 0.15313497300423537
2.5236663818359375 3.471020460128784 -0.22736401855945587 0.09403205416933856 0.08452927286081678 0.10745472084270721 0.15931069983381602
2.5066654682159424 0.9081788063049316 0.24627283215522766 0.09384435602195491 0.04696350757135231 0.17502067505567143 0.14166021238739335
-0.6159462928771973 -0.4722464978694916 -0.5774698853492737 0.05194564108878384 0.0501804511219819 0.15528678791436568 0.10622212927723056
-0.019235366955399513 1.2785359621047974 -0.10648773610591888 0.05362276569815534 0.045263635312639064 0.1296447160608687 0.09711282582705516
3.506646156311035 1.5884016752243042 -0.24221131205558777 0.0334264594274848 0.02857227965262924 0.03416296502141751 0.11027414059529368
2.9333367347717285 3.3010571002960205 -0.4602237641811371 0.04887317487454847 0.02818448447499608 0.15191469407014924 0.08272017570322147
-0.7989861965179443 1.436237096786499 -0.2108253687620163 0.09092945227842669 0.04581588321257028 0.11431780678828707 0.12308177414721057
1.493996500968933 2.6924009323120117 -0.2765636742115021 0.07629605174617764 0.04991627574441964 0.08947670075420681 0.14251980752242205
3.0261900424957275 1.3427996635437012 -0.5123195648193359 0.11634147841004025 0.036275374806228486 0.17380533816395988 0.17539408422097222
3.7649879455566406 1.1231945753097534 -0.4257696270942688 0.08180186322653542 0.04158844211768439 0.16879838113050022 0.11833433075142144
1.6014177799224854 1.955264925956726 -0.36712563037872314 0.05959492842900044 0.05334402128578479 0.16423884238157982 0.14713826568180088
-0.8427820205688477 1.8256481885910034 -0.5290040969848633 0.09974217363990776 0.046581438742340144 0.1439775161830003 0.1133634181822994
4.109090328216553 2.403388738632202 -0.21314090490341187 0.10201130124575643 0.07671346206872745 0.1673153398887191 0.10591560514280807
2.0776290893554688 -1.0089741945266724 0.22228628396987915 0.076714506668871 0.04921227580810922 0.08566421470122525 0.14977239451790825
0.5278175473213196 2.6806254386901855 -0.41073504090309143 0.11443984249894894 0.031335607940922494 0.15638839258059067 0.16714562370444375
1.7450861930847168 -0.5846525430679321 0.18060685694217682 0.052991864311404305 0.03211123865472365 0.131846393350344 0.1787013652094282
3.6922125816345215 0.78395676612854 -0.08734072744846344 0.11863034525267305 0.05655308953321894 0.16160792213390335 0.16561296492454924
3.4123549461364746 0.9714297652244568 -0.4206532835960388 0.07335959857995063 0.022810746603621184 0.08639249611952897 0.14193986224284258
3.061725616455078 3.051704168319702 -0.450460821390152 0.11906014344043082 0.04362776015959344 0.1424367801419053 0.16666863858455594
2.057584047317505 1.517112135887146 0.15483573079109192 0.03900758117713557 0.03167200131199897 0.042580910268316244 0.10493226704332534
3.239518642425537 2.3404877185821533 -0.028754519298672676 0.052233728792100975 0.025702109563507127 0.16234807270771712 0.14505776649237026
1.5180449485778809 1.7688738107681274 -0.5834865570068359 0.07816200963958225 0.0781503201903041 0.09046290516600498 0.12049040388656565
-0.23897498846054077 0.6080335378646851 -0.3692375123500824 0.0383779445653713 0.020533867524542164 0.17849529504343964 0.12197222560928217
3.8047218322753906 -0.24028602242469788 -0.05247330665588379 0.1194380672574025 0.07267297760007764 0.1441030867647455 0.1631062070666832
3.864502429962158 -0.728137731552124 -0.0534113310277462 0.035031335299637485 0.028847207231102137 0.043481724508121086 0.14776261812299063
4.543158054351807 -0.4630465507507324 -0.31210610270500183 0.11004606455710804 0.10130023814091269 0.17300467924909446 0.12326169469717822
1.4894133806228638 2.158104419708252 -0.3219965398311615 0.09154065764310002 0.035758578196556486 0.15505149415425307 0.1535889601891331
4.5005292892456055 3.5282647609710693 -0.1556207686662674 0.03504067490478919 0.032718351305677504 0.09541039747209673 0.11400300306830319
4.209569454193115 3.9427449703216553 -0.5914386510848999 0.0960213134029881 0.07475641727932388 0.1360918595441881 0.1382214462945614
0.22101713716983795 3.443983554840088 -0.1005941778421402 0.09940619871999748 0.061543519692874527 0.172053099242174 0.14263426271770105
4.197208404541016 1.4206132888793945 -0.21719928085803986 0.0729334298421172 0.06094668609659494 0.1574156930737336 0.09017666957466416
2.6145782470703125 1.0682252645492554 0.3377881348133087 0.04216327652344275 0.02479133903671604 0.0778639100599191 0.07715509147452386
2.9981729984283447 1.67899489402771 -0.39939555525779724 0.0555939119776014 0.05288639913682229 0.08557876765919531 0.09409382484839823
1.8722609281539917 -1.0403079986572266 0.5095840692520142 0.09213841824286682 0.08764486669145659 0.10597651921843652 0.1688307133748509
0.5954150557518005 3.3866875171661377 -0.5587005019187927 0.05186460374852281 0.03695765307804261 0.14426251524394884 0.15213015741330826
4.266084671020508 3.6440277099609375 -0.5002784729003906 0.053265517492958034 0.020895801731300463 0.14184558303650546 0.0853763722125242
1.6911765336990356 2.065108060836792 -0.5634785294532776 0.0358280221865093 0.021173203518980978 0.0903171482497066 0.07367936467532135
0.4637540280818939 1.7327606678009033 -0.2578671872615814 0.04121403354683302 0.02674366429594072 0.054673684522909285 0.13437062020360535
2.9642398357391357 2.0461995601654053 -0.49578630924224854 0.03994570924176133 0.03899420152451053 0.07129741502196997 0.11207106907913642
0.45528489351272583 3.2631032466888428 -0.2727208733558655 0.08265596182846582 0.05986701349980916 0.09548483667199542 0.14599500026543777
2.054903984069824 2.78896164894104 -0.3360334038734436 0.09745163678756938 0.05195243732101393 0.17986102455285552 0.11230715223747895
0.9182402491569519 -0.334669828414917 -0.11694531887769699 0.034372733080355836 0.0339245752630563 0.09160687138003568 0.08839722068845908
4.460994720458984 3.935628652572632 -0.3957681953907013 0.045728794579469295 0.030633943023774615 0.11887255149776371 0.05175322328743025
3.166722297668457 2.89587664604187 -0.09597513824701309 0.09904142786595296 0.03416000488559438 0.1512222663421179 0.1280540040128572
2.05008864402771 1.3769431114196777 0.446248322725296 0.06075583384002145 0.05724159537271316 0.08836499433229379 0.12925883180933304
2.5215842723846436 2.5910720825195312 -0.0887523964047432 0.10268663791000167 0.06913901704682353 0.1738988845819311 0.10601001296859092
3.1148791313171387 2.0455594062805176 -0.20562133193016052 0.03822951420913406 0.03798809831694628 0.17932115931028195 0.09352136353593346
3.0517802238464355 3.5044808387756348 -0.1305510699748993 0.03742013634440221 0.027651727031023702 0.04889533200967943 0.0753382929753453
2.2001287937164307 3.4172427654266357 -0.12688152492046356 0.11716505872270706 0.08110505457651962 0.17503454681155695 0.15774210379989817
2.0975546836853027 3.775264024734497 -0.2536661922931671 0.08827805547992593 0.043159434147840195 0.08882914625352022 0.10742557777263552
1.6781024932861328 2.634984016418457 -0.5176499485969543 0.10163982595383682 0.046788920402282025 0.11509588453014236 0.1599516236659249
3.367002487182617 -0.8088893294334412 -0.5352897047996521 0.09115166577176027 0.033625363171886365 0.1738108415313619 0.1443891307084978
0.24802663922309875 -0.544705867767334 -0.3790106475353241 0.05509630155044465 0.044866176200352034 0.12910312094566304 0.17981984713204052
1.8310649394989014 -0.9317575097084045 0.24433653056621552 0.09816916001118155 0.07384058881687115 0.11370924659245726 0.1578550111753424
0.12319113314151764 1.8240787982940674 -0.08491245657205582 0.10359742058836882 0.03874966807188016 0.12074883994656684 0.1272215123077704
0.9753839373588562 1.9588536024093628 -0.027027983218431473 0.06401329130665653 0.03456923699662707 0.12470547036011614 0.10238395042638729
1.65532386302948 2.5767149925231934 -0.0570969432592392 0.11875161180279997 0.042951516100679786 0.1601228454583393 0.1503790118211959
0.8049429655075073 -1.3931148052215576 -0.5977512001991272 0.04275728959170042 0.025897010555660464 0.06138015574570821 0.05006133522672792
0.9805512428283691 0.9920638799667358 -0.12123716622591019 0.08060995016087556 0.03611829740276207 0.08241695837330551 0.1676362150816902
2.0173301696777344 -1.574563980102539 0.09188420325517654 0.058619499625572676 0.021299998074582743 0.15245875179842205 0.1355860460324329
3.947566270828247 -1.0908173322677612 -0.4803049862384796 0.11564830932048074 0.1052199614255921 0.13587036726309196 0.16855372620018816
-0.4819597601890564 0.8243358135223389 -0.426059365272522 0.06450897089285529 0.03961918332597175 0.13095719033349817 0.12983121753647744
2.2196106910705566 0.24145625531673431 0.19546011090278625 0.06280734355919124 0.03447580787214681 0.10742341167961225 0.15653010780152377
2.8810176849365234 1.7691820859909058 -0.15121310949325562 0.11182330965308741 0.07034150718259811 0.14290434816949993 0.15950326187450714
2.2938904762268066 0.8295949101448059 0.33024510741233826 0.056503250060421305 0.028087636974138852 0.06002563970681123 0.17361653185446246
4.571449279785156 3.365311622619629 -0.23947472870349884 0.057638138854948194 0.030586654339427893 0.1135954076607436 0.08395861883332731
2.1864593029022217 -0.8894789814949036 0.18069736659526825 0.0767935498133869 0.07359228400809541 0.17393520576187216 0.1308205367133451
1.125599980354309 1.292975902557373 -0.02780398726463318 0.07738338669759304 0.025865024092193035 0.13462289640823025 0.15773050584112713
3.772629737854004 -1.463736891746521 -0.43320679664611816 0.06375308369521532 0.06342403639014217 0.09580073691301735 0.14933667875921358
0.9658536314964294 -0.8938798308372498 -0.5897002220153809 0.041781745893225475 0.02931319786332326 0.13649798137522362 0.07873645551624642
1.6519341468811035 0.5856101512908936 0.39952486753463745 0.0917779980663471 0.054541466241671124 0.17697940113711624 0.10459699943589995
3.382769823074341 -0.5796021223068237 -0.11447805166244507 0.07824569890620574 0.026628200494060908 0.14960786389691721 0.17952385282973798
3.704692840576172 0.633441150188446 -0.3991697430610657 0.08127884059446769 0.057287440547953525 0.11884077381100555 0.1308838938685588
3.9984171390533447 -0.4880775809288025 -0.019363565370440483 0.04108922896859887 0.021042371418021354 0.07082151727317271 0.13525071497499702
-0.7357792258262634 1.9159328937530518 -0.5782119035720825 0.10381635911018687 0.03941089572077901 0.17579357041378701 0.16599726614519475
2.384211540222168 0.7755605578422546 0.12904585897922516 0.05409123667036301 0.045920463684003064 0.12543825513876386 0.14179286818117065
1.9661988019943237 3.376443862915039 -0.2448095679283142 0.08784957987324912 0.02833439088011447 0.09280817066835526 0.10453816310057223
0.6084970235824585 -0.2638340890407562 -0.014341344125568867 0.11391655841118521 0.10997149480290992 0.16109007491527014 0.13031575297325076
1.869774341583252 -0.9450247287750244 0.15727688372135162 0.1069626813279354 0.058885519676864645 0.1478221095487435 0.17728208995169814
3.648772954940796 3.567943572998047 -0.21394245326519012 0.08353785825270427 0.054842048706284216 0.14667965905509073 0.15043030849333358
0.5879197716712952 2.8165698051452637 -0.06899142265319824 0.05241638961622991 0.02592610641540811 0.12493405981530592 0.06036894130153411
0.06690584868192673 2.355835437774658 -0.3804970383644104 0.0792426674753044 0.022118210528493845 0.16565267725579386 0.09750243602396694
0.41518309712409973 1.9067021608352661 -0.5635567903518677 0.0903133097984948 0.07920635679334237 0.15328365963535523 0.11317249132943413
1.1899468898773193 1.7301130294799805 -0.012764796614646912 0.053562738259531624 0.05025136887765379 0.09371762398405978 0.08713479451921483
1.629587173461914 0.9709773063659668 0.1858668029308319 0.09305706305137618 0.033732224072470264 0.15979768276735518 0.16369915718100397
4.434189796447754 -0.22702303528785706 -0.4840161204338074 0.049254870247782453 0.029863848297624937 0.15401924141616455 0.12109189599213581
2.615945816040039 1.98060142993927 -0.6071137189865112 0.03521363931110347 0.023146122239790613 0.06984099237623528 0.11697943534707422
4.078975677490234 -1.314984679222107 -0.26188191771507263 0.05262324427641604 0.03932524106235507 0.095219392151977 0.1347181856308826
4.214463710784912 -0.18471306562423706 -0.5539275407791138 0.07135901284202163 0.02865793557981561 0.12935910943093704 0.16437186389253006
0.03827827796339989 1.486757516860962 -0.3302656412124634 0.11430941985708015 0.07568915270094066 0.15615894975737282 0.12940709342704776
2.8926730155944824 3.249358654022217 -0.08575784415006638 0.08063441567682897 0.04547686636486912 0.09517994264476422 0.1713006033516258
3.3486621379852295 1.8776166439056396 -0.46516865491867065 0.09116615846393009 0.03734366311156678 0.12225339982556718 0.12400400872713263
1.4166330099105835 3.0640015602111816 -0.23758374154567719 0.04733194156352895 0.03166183679515243 0.062281075107053344 0.07349789453060654
3.8872945308685303 0.6982115507125854 -0.3660404682159424 0.10793924160174752 0.02201393246212721 0.1453450213993443 0.13949639902008026
4.33359432220459 -1.600926399230957 -0.24724099040031433 0.04636457256850027 0.04086116005567568 0.12890376115405627 0.14833497584835095
1.3071144819259644 3.2222368717193604 -0.028334058821201324 0.036831020435635645 0.0327863580022258 0.14900111208202282 0.09525148701006457
1.2985508441925049 2.4582529067993164 -0.08537209779024124 0.06870726544563782 0.05055478459627186 0.1216929645967284 0.1131578115497632
0.4875836670398712 3.1367430686950684 -0.49863481521606445 0.06552434749695317 0.044977501839341745 0.17454834807064867 0.10965636333393207
3.3085989952087402 3.197451591491699 -0.05476202815771103 0.11111308657785778 0.06050904487334487 0.13847837657852913 0.16730782326020244
4.261305332183838 0.2792481482028961 -0.336788147687912 0.04594288521586061 0.04065305238223492 0.08096016523371008 0.10462609333973832
3.4259865283966064 1.4262970685958862 -0.19836342334747314 0.05393193438445778 0.02202481818349259 0.1705624460066627 0.05433251006329777
0.9640145897865295 2.811568260192871 -0.4941932260990143 0.08257392230706556 0.052091347249632686 0.1658981433164037 0.10493041392480312
3.983238935470581 2.0710055828094482 -0.3465214967727661 0.07866021464639558 0.07044903073980388 0.1386028851839299 0.08873665608507282
1.7709581851959229 -1.6936942338943481 0.48210233449935913 0.11019235246220628 0.1042511227079518 0.11414893408139434 0.11234646179417127
1.3178380727767944 3.231956958770752 -0.45054060220718384 0.10012957805775045 0.06346822678263539 0.16155854852459553 0.16276066832213462
-0.40063607692718506 -1.3410866260528564 -0.037819091230630875 0.11505062423546242 0.0957341507053549 0.17558043880977564 0.11927255876304262
3.950509786605835 1.3342310190200806 -0.2838958203792572 0.10677584547748219 0.028299488954840787 0.15690854262992404 0.11654737253448501
3.832815408706665 3.1554815769195557 -0.14649257063865662 0.08884171497154006 0.08512541358005678 0.15477757068102288 0.09567307808817185
3.9524154663085938 2.9875054359436035 -0.4760798215866089 0.05673831036844987 0.02131792943944377 0.08651061781798777 0.1520457522062144
1.6658540964126587 -0.11621206998825073 0.010524964891374111 0.05312052211703382 0.05034146728964613 0.13502138940920344 0.07297407218613906
2.652376651763916 -1.6243653297424316 0.5426622033119202 0.059952370426945886 0.05623443514789994 0.08706034954357576 0.06991921000382095
3.1942672729492188 1.6711865663528442 -0.41055265069007874 0.07149974519096769 0.06381392555423396 0.10995492165364737 0.10768224501843963
1.4283068180084229 3.525364398956299 -0.09105313569307327 0.11046015405328055 0.03338400724694077 0.1411724651171254 0.16392717295204676
4.154926776885986 2.4736170768737793 -0.21739178895950317 0.10689044391371581 0.08623103551979251 0.17620573142445253 0.1271096177533122
4.068242073059082 3.1485705375671387 -0.26243123412132263 0.06249562419953992 0.05642191768650272 0.16073012508027362 0.07643896345460711
3.184673547744751 1.2487664222717285 -0.30466848611831665 0.06031941745069801 0.02350130999272072 0.17981970232134947 0.1244424684718582
2.4338531494140625 2.8034234046936035 -0.17268025875091553 0.07124607780417301 0.04478625541740113 0.11809701236036388 0.15195636400970408
-0.15291064977645874 0.1426054686307907 -0.266797810792923 0.07208464606783638 0.042118873880494234 0.1663699083372836 0.12260557684660114
2.4952497482299805 0.03942527249455452 0.4064554274082184 0.11504218298361994 0.05966511726797803 0.1307514474400532 0.13378219232131866
2.031262159347534 2.1136722564697266 -0.2641306221485138 0.07450389147242975 0.02453078613854267 0.17609084045723494 0.12263446027559016
4.518424987792969 -0.7354254126548767 -0.2338363528251648 0.09778409931857944 0.07473062221493768 0.15961921174999116 0.16930598383902923
3.822815418243408 0.07488344609737396 -0.0776141956448555 0.0721008765140291 0.04108278200333766 0.15457672171152995 0.12065869834515569
3.6131157875061035 0.9440315961837769 -0.2721993625164032 0.07985026798129122 0.05432293239698659 0.16147521523350944 0.17881771473622726
-0.16245150566101074 1.476927399635315 -0.33346834778785706 0.09342179506349885 0.030009618517198668 0.13933120019290707 0.1409523765009067
2.4126672744750977 3.6269001960754395 -0.6039221882820129 0.049806180024935226 0.031114527355711283 0.08011180080228973 0.10073484618099451
2.531294584274292 1.412731409072876 0.03671199455857277 0.08914012818726327 0.03509347761828176 0.09380624291376526 0.11477364983468868
1.813085675239563 -1.249556303024292 0.014049670659005642 0.0755849205627419 0.04213258969094029 0.08399345141302514 0.13187813486447594
0.462727427482605 0.477420449256897 -0.40921053290367126 0.09671813093810037 0.045747015596127504 0.13824639004282024 0.1679021606625421
2.488405227661133 2.4979023933410645 -0.4917769134044647 0.09954672673185418 0.09158288020050535 0.14104846889560896 0.1739165875422884
2.307954788208008 0.9740836024284363 0.08128360658884048 0.046302425738907776 0.03352981751633418 0.14312086207227756 0.17207897304763642
-0.6930495500564575 1.0775024890899658 -0.13020241260528564 0.04592635800428911 0.03527642172184337 0.14522014104788178 0.11884063951505053
3.7610392570495605 -1.6177648305892944 -0.04701101779937744 0.03429163308844663 0.021482312938172366 0.0654811322124503 0.08910040325303578
-0.3681066930294037 -1.2654868364334106 -0.4666663408279419 0.11332850143909558 0.0844106921833681 0.14701693795486437 0.1533697466173755
2.3463234901428223 0.24331361055374146 0.3308854103088379 0.11218934974731369 0.07004858925828734 0.16128588962886745 0.1453993888589588
2.960081100463867 3.813406467437744 -0.48492231965065 0.06185910657729293 0.05236076880344093 0.13146409821969535 0.14087049800204537
4.06497049331665 3.5154120922088623 -0.5110529661178589 0.0723628049139792 0.03476465802840074 0.09237651584924066 0.08099178164161962
2.315598964691162 2.365694522857666 -0.2692980170249939 0.06795306877965171 0.05056109272346315 0.08706786382571863 0.09213923371138147
3.4512715339660645 3.10329532623291 -0.48752790689468384 0.055616266509123984 0.05329377008062039 0.13227907191802107 0.15143795558967815
2.3629183769226074 -1.1419529914855957 0.2190638929605484 0.06223621798173869 0.04987785759372827 0.15542602441488518 0.11104404131571513
0.03818149492144585 1.7021350860595703 -0.5482594966888428 0.10432691399877009 0.05070332432258369 0.16926480783999423 0.16251923082987466
2.623169183731079 1.1515551805496216 0.3163134753704071 0.07780552023491474 0.06325481669781764 0.09035268017529555 0.13685247426742242
0.5670584440231323 0.04489270597696304 -0.4350356161594391 0.0639763654597016 0.0237215512004388 0.1290946460102674 0.06584641054154193
3.4609038829803467 2.3339483737945557 -0.05663803964853287 0.11516690374995073 0.03390066429588959 0.13853181310841683 0.15471924474745838
0.6941156983375549 -0.9346740245819092 -0.3776566684246063 0.05906010105210606 0.04320490280168208 0.12842006270272144 0.16533426907451082
2.092569589614868 0.6407676339149475 0.12159168720245361 0.11819911774485407 0.11010137567859203 0.1643198165695205 0.16265563109938566
0.6956944465637207 0.7212733030319214 -0.18501773476600647 0.048490307318404306 0.046023536753881884 0.08994998804658352 0.1027718944371841
4.259609222412109 -0.8484451174736023 -0.5902270674705505 0.03561952924221263 0.03156071255145184 0.13452497707356229 0.09938398792518574
3.431173086166382 -1.3914626836776733 -0.18482455611228943 0.08887687925041884 0.06684922388578893 0.17693160914443928 0.09365231830865005
3.8243091106414795 -0.2937900722026825 -0.07269112765789032 0.08998425287664574 0.025607109989316496 0.1753634750455365 0.1396371561983259
3.0783255100250244 2.7788264751434326 -0.17647646367549896 0.058752736349396324 0.03312645607705893 0.06597754445255155 0.10208929572340711
0.13812880218029022 1.6660476922988892 -0.5724770426750183 0.1089952436819205 0.09225675797149381 0.1397069697063506 0.16593632523848087
3.227720022201538 3.463289737701416 -0.2223932147026062 0.07718921300759461 0.06165086393733403 0.11352358331900934 0.09160755404256389
0.37251439690589905 0.1439189463853836 -0.09288299083709717 0.08262275773712863 0.059680734524070356 0.1322898739680337 0.1382199943748103
0.16981732845306396 1.717311978340149 -0.04939815029501915 0.09425584520255892 0.0941069139397354 0.1372274151709147 0.1452897565955164
4.290530204772949 -0.9143927693367004 -0.5045422911643982 0.10701095448245822 0.09796184960147002 0.126393871006163 0.1719217944561528
0.996504008769989 3.6660330295562744 -0.4618951976299286 0.10249359073502633 0.06425810584665481 0.1580028967918744 0.1729741062492098
3.876218557357788 -1.6910091638565063 -0.12459735572338104 0.10450227045707976 0.0869518851988061 0.1202157966660201 0.11766490575380481
0.7922933101654053 -1.1381630897521973 -0.4226921796798706 0.04172584909918886 0.03287255249266892 0.12356247328658036 0.08107788328663833
3.6582565307617188 1.0387766361236572 -0.2930547297000885 0.07948269740905603 0.04105545630722372 0.08496810998242253 0.1711554149882469
1.6919887065887451 0.42343854904174805 0.009235188364982605 0.10239520420792124 0.07584273270645753 0.14294749247123906 0.12065423943685386
2.6876590251922607 -0.022889716550707817 0.466478556394577 0.08271971742154528 0.07100485428689875 0.1644821972694399 0.09198307373850068
3.8698530197143555 0.33977192640304565 -0.18726053833961487 0.06238934475325929 0.03061012127873343 0.1672504330100267 0.11915333189054683
-0.3861532211303711 -1.2487106323242188 -0.561875581741333 0.06012802638935397 0.021402554740456915 0.12433479645469654 0.15464658704596823
4.42235803604126 -1.4890565872192383 -0.11931517720222473 0.09436885623595088 0.047868794258144554 0.12796696724956722 0.11311846806277748
2.7983381748199463 -0.712632417678833 0.09838348627090454 0.11234993063288393 0.05341396955196906 0.12413992089300854 0.13733456229591326
3.853830575942993 -0.6562638282775879 -0.08991608023643494 0.11854747018885978 0.08820367185395793 0.15404535438926537 0.135867346894702
3.242520809173584 0.1599522829055786 -0.1295168399810791 0.10773989941053465 0.06980842288335432 0.13256350508675496 0.12419696153067908
1.0252214670181274 -0.5046159029006958 -0.4486629366874695 0.06152517596297024 0.06021700506704025 0.12400748136427098 0.16901973519063457
-0.695519745349884 1.6626676321029663 -0.5587880611419678 0.0909910913703576 0.08052368679202512 0.16761346852401326 0.17921963641792044
3.598524332046509 -1.016910195350647 -0.526891827583313 0.0592296755785805 0.050259249792669394 0.07374473693302779 0.13681347257008736
2.7882206439971924 3.862727403640747 -0.19051121175289154 0.08877594344305248 0.07178339935527563 0.14733614870121914 0.15288074295002355
0.5772134065628052 3.24621844291687 -0.44777053594589233 0.11891819641025078 0.09532884920332123 0.15012590938908024 0.1559144223443154
3.5390801429748535 0.03153424710035324 -0.3031994700431824 0.1005099447977132 0.09261482337425729 0.17687282922218872 0.1570137320323704
0.6495586037635803 3.284346580505371 -0.2011139988899231 0.11134367253783488 0.08765804046904395 0.15613274663300108 0.17768514589270545
4.1724348068237305 3.7288007736206055 -0.14748086035251617 0.07113506516633938 0.05312952302811319 0.17144258777552807 0.09474496072242437
2.4703798294067383 1.4650081396102905 0.07106893509626389 0.11448743659088724 0.09259492130377783 0.15999088251260632 0.12425820719835406
2.659653663635254 0.7264102101325989 0.13197998702526093 0.08626407325823782 0.08531191903564683 0.16535352866341274 0.096461872626663
4.260683059692383 -0.7141571044921875 -0.4690273702144623 0.07231037521640615 0.04205411072200771 0.07406966612364875 0.16786891697892564
3.874107837677002 -1.0630497932434082 -0.3027464747428894 0.04134349294207477 0.03665738460666327 0.10280887563670237 0.11932771274156506
0.4714287519454956 2.327941656112671 -0.4737953841686249 0.03787840243039673 0.03474977017805605 0.03804250543207783 0.045466300505248296
3.5401594638824463 2.4457662105560303 -0.1773921698331833 0.05692344015737764 0.03464663322495787 0.10168077266248705 0.11217280923308953
0.945766806602478 -1.7439987659454346 -0.21440596878528595 0.08612855080440457 0.05951648697218895 0.14282957250987177 0.16686250274531192
0.4059638977050781 0.21641330420970917 -0.10146582871675491 0.10578151343435309 0.026592459395178403 0.11671078315972393 0.15457555993373462
3.0572903156280518 2.6255857944488525 -0.5087022185325623 0.09060016857092448 0.05178817118004654 0.17421089745770818 0.1317412024752253
0.5611138343811035 1.7963670492172241 -0.5434379577636719 0.048975774379417504 0.038620763473456735 0.07623577386894717 0.15208046750394574
-0.5461758375167847 0.7810366749763489 -0.29400044679641724 0.10523463909639473 0.07566653704986832 0.12932913906069612 0.1693619053903006
-0.6874310970306396 0.4443773031234741 -0.4211788475513458 0.1053655687768573 0.09550548849719435 0.11617613492730697 0.17538889025900306
0.9966654777526855 3.5331757068634033 -0.5881727337837219 0.11452554581495104 0.07876750203718093 0.1523054672977673 0.1419120449045463
0.9963182806968689 2.0285816192626953 -0.29872581362724304 0.09020616161237949 0.026310053394860256 0.11283664010567299 0.147030909788938
0.9896134734153748 1.536963701248169 -0.06355392932891846 0.09864004796338509 0.03074334127253285 0.11818512607419561 0.15550160529577362
2.1188783645629883 -1.6018176078796387 0.12129588425159454 0.05187214728145311 0.04758323827334583 0.17623237672064498 0.1185138312497124
-0.5491049885749817 -0.8977487087249756 -0.04318344220519066 0.04212964985827791 0.026942470007804926 0.08561326303593852 0.16308284557355915
3.341085195541382 1.5142505168914795 -0.01985546201467514 0.0349756380054426 0.034048533959873395 0.11536370336587717 0.1786590626715228
0.757768988609314 3.4327361583709717 -0.4433833062648773 0.11336463358824475 0.054261364867389084 0.13138590487961446 0.13806799771751832
1.5339224338531494 0.7222936153411865 0.5543620586395264 0.09365463190622972 0.04340135161398255 0.17372969480040396 0.1528537532164092
0.22830109298229218 -0.3249868154525757 -0.5076329708099365 0.054665586427792824 0.04578588243764653 0.14248830713637664 0.05541497092312003
-0.5697059035301208 1.8241688013076782 -0.4255830645561218 0.08071113334796505 0.06163327272715907 0.10639019308292993 0.1584894896288602
2.0285139083862305 2.7764837741851807 -0.17882511019706726 0.07346184987097262 0.0393358058627362 0.08170716951840752 0.1501654332048331
-0.4444526135921478 -0.12099870294332504 -0.21068643033504486 0.08207046410991913 0.04614918799122445 0.09867923642103084 0.08448223401931361
3.9311225414276123 -1.6137508153915405 -0.3332482874393463 0.09470987725898271 0.07293221396086086 0.10452801247604741 0.1695798735801804
1.8029518127441406 -1.0382890701293945 0.10519944131374359 0.05369776011426669 0.03087678212446926 0.0604392986800557 0.155435011887335
3.5652995109558105 0.7737048268318176 -0.15906807780265808 0.11347559142602405 0.0566559110143294 0.14764915649737798 0.12543057160586732
1.7097278833389282 3.1606502532958984 -0.10143796354532242 0.11435900862938565 0.08621705457019846 0.1390788967746124 0.1443545732432517
1.6163808107376099 0.546826183795929 0.45945608615875244 0.08700402540541324 0.059597575668547925 0.1089056379353893 0.08761902496394779
3.732996702194214 -1.3144609928131104 -0.16357116401195526 0.040339571641736426 0.029667735711639328 0.1630188901447816 0.11886930754977476
-0.6139406561851501 1.503056287765503 -0.5169492959976196 0.1065658033506277 0.07596475484990771 0.14910285678134128 0.15456223507149228
0.6327604651451111 1.9597629308700562 -0.3988831043243408 0.06733966155857837 0.04786208625523528 0.12856566673164946 0.0920117897031536
0.8867496252059937 1.9565623998641968 -0.4465837776660919 0.09122455212576383 0.021792297215804918 0.12075477959672391 0.110913335510482
0.4667980372905731 0.04040607064962387 -0.10804059356451035 0.03685442151966727 0.03308231940977995 0.11174227752440266 0.08214860977973489
0.7333695888519287 1.4881420135498047 -0.06212708353996277 0.04817853973023674 0.04182240099630258 0.10049900762370279 0.09197353179912446
3.8488643169403076 3.5083248615264893 -0.5082983374595642 0.07472179618587574 0.0636908979107217 0.11737435281627417 0.10900266744329609
0.18922585248947144 0.2842840850353241 -0.5359547138214111 0.09325874290780677 0.04121392309700856 0.10248459841085299 0.1151250055331588
4.432147979736328 3.753035545349121 -0.5815994739532471 0.10810022355054848 0.040157756804787476 0.12940696798697116 0.11105688944544986
1.583572268486023 0.32476550340652466 0.2821536064147949 0.06848553339616605 0.024254158315381344 0.16229437769384125 0.07956812922772459
0.20359332859516144 1.509479284286499 -0.12562958896160126 0.04073721524997478 0.03282003096235753 0.0717265410832494 0.09356850267369309
4.075474262237549 1.3112925291061401 -0.1076941266655922 0.09679546014867256 0.04603413713404707 0.1248409887992335 0.14545071499421386
4.394776344299316 -1.5574885606765747 -0.018655037507414818 0.06560532302446326 0.047612307794289314 0.10385098096732581 0.0958152224654679
2.3025505542755127 3.0898938179016113 -0.0578058697283268 0.0692847398904248 0.05257201845556218 0.1747707915202797 0.17157176755623227
0.24954451620578766 0.13328008353710175 -0.37761351466178894 0.05414230066063966 0.03305911305963388 0.12437962417593741 0.09141210821772436
1.8112633228302002 2.712773561477661 -0.12309296429157257 0.053698287285472664 0.04200674188733594 0.06290906756759362 0.13999165808728697
3.4846014976501465 1.6933996677398682 -0.16069194674491882 0.09891164323124602 0.08774788624651532 0.15962515043132428 0.10567307376385968
-0.13636872172355652 1.3909376859664917 -0.5059778690338135 0.04044750456200914 0.03179975359296758 0.13304368639195835 0.0504028803481239
1.2576353549957275 2.37345552444458 -0.149271622300148 0.06153167680633183 0.04569379626574588 0.08362680735875805 0.1115972530043902
2.9739127159118652 3.8262267112731934 -0.1532536894083023 0.07046596060161545 0.06332082042968007 0.0995645466769402 0.10359160105113199
1.0956003665924072 3.171626567840576 -0.14425843954086304 0.09102900964970491 0.03574771769878222 0.11287485710342117 0.14911292132479698
0.9549449682235718 2.3056585788726807 -0.39768725633621216 0.04505320379448305 0.02917463632849922 0.1739538573379984 0.17594265672559617
4.627905368804932 3.4182913303375244 -0.09323029220104218 0.06168583770203066 0.05673733004690926 0.09712710252676947 0.13008550719034484
4.523681640625 -0.8729162812232971 -0.2936032712459564 0.04840806789352626 0.037233859879854586 0.09743744438475774 0.09120438753139276
1.902681827545166 2.571812152862549 -0.23061798512935638 0.08128310250066308 0.029057161933833453 0.15278145128721327 0.1512899848120944
1.0860986709594727 2.8790316581726074 -0.24304720759391785 0.06788497278092032 0.06257417845622303 0.11221368848630521 0.11157494833078957
3.1114931106567383 1.782510757446289 -0.40772005915641785 0.03547353982986091 0.025133022954153438 0.1236709265455885 0.09855483028090614
3.371896266937256 0.10850965976715088 -0.32124456763267517 0.0822811078325699 0.05417081727828439 0.09438746429156442 0.10628551653267267
4.496136665344238 -0.7574931979179382 -0.11492013931274414 0.038323831063303705 0.026522952452643786 0.16769541622901366 0.0795685809695389
-0.5193948745727539 -1.2566568851470947 -0.05454225093126297 0.08550907711903763 0.06383517837725064 0.17597619781409457 0.16687042069237706
-0.8031297326087952 1.8015080690383911 -0.12715554237365723 0.11456767568812219 0.10772000251902768 0.1335239495587993 0.15213121433236698
4.072237968444824 3.7450692653656006 -0.01005699671804905 0.03393315481337534 0.028960502686139193 0.14442593669515053 0.17147978851715887
-0.14499524235725403 0.6844215393066406 -0.10300638526678085 0.0707076687973325 0.03169302038740019 0.09680347551910237 0.1371116284806875
0.5372113585472107 -0.7146577835083008 -0.07323895394802094 0.08957579936635907 0.07660653421213957 0.11051572446117855 0.1571597000495093
0.8868057131767273 1.462870478630066 -0.5735750794410706 0.03684286406304466 0.022371254098310846 0.12701055081541204 0.06240546945050365
0.3891218304634094 1.6532341241836548 -0.276866614818573 0.042167101937025636 0.02301180947716391 0.04396952527450454 0.09582708656855879
0.8054813742637634 1.620442509651184 -0.3060544431209564 0.09449329199707279 0.03752894124744341 0.14404067522487837 0.11496725539758249
1.8190622329711914 2.10577130317688 -0.45392167568206787 0.03249419081669745 0.02209233859895278 0.04484793009589147 0.1227918978051385
3.287095785140991 -0.9352844953536987 -0.14614978432655334 0.0859440475576648 0.08414813998820185 0.14851205884300545 0.14048532857265655
4.430079460144043 -1.4626755714416504 -0.10302706807851791 0.037393778331453686 0.022053253108981083 0.04404200079541512 0.045407718101506594
3.626997232437134 -0.5692635774612427 -0.32195067405700684 0.07436903628850068 0.039215584839685846 0.09790584291464609 0.14212654792262358
1.0143104791641235 1.5971726179122925 -0.6022549867630005 0.04456888468204304 0.04058840625692356 0.07871750329044222 0.10522242792294663
1.0630534887313843 -1.2919564247131348 -0.06089485064148903 0.03546421194591779 0.03458254834433928 0.14249249360644117 0.12065198634434202
-0.7157890200614929 1.439342975616455 -0.33552485704421997 0.09639050872395502 0.032640621434668844 0.17888401881901023 0.14418282310433328
1.03679621219635 2.927133798599243 -0.21370767056941986 0.06899880475843492 0.04855678910889098 0.1649695505469796 0.1472381109755598
-0.2572711706161499 0.6334092020988464 -0.2362496256828308 0.03784145051065661 0.025619411536144988 0.13744322201840062 0.06409955322247037
3.107553005218506 1.411271572113037 -0.41853106021881104 0.11047115741633814 0.07375627069492229 0.12361660407918891 0.11298113222742974
2.6080477237701416 1.209227204322815 -0.0004593619960360229 0.05675263973707674 0.020351718401770587 0.16957462704478637 0.13892238056299833
1.9811170101165771 -0.5534257888793945 0.44606637954711914 0.11424737169299039 0.04304122611047518 0.1565423391993767 0.11588729541483248
4.326831817626953 1.8398354053497314 -0.3266845941543579 0.10988794590485951 0.10438438111404563 0.11385658528570994 0.1480574592230393
0.055886827409267426 1.1919848918914795 -0.27377021312713623 0.08213774997571427 0.05154114721609224 0.09270402675989678 0.1132678025631418
3.7716076374053955 -1.154744029045105 -0.17031337320804596 0.062056200193873395 0.03733746431406836 0.10290944025059418 0.08671761404196568
-0.18491725623607635 -0.23169054090976715 -0.45342737436294556 0.09673232114051515 0.05308108410957582 0.15914780266639494 0.16259564633543327
0.5940760970115662 2.641935110092163 -0.1744970977306366 0.052522778838910156 0.025024685992465222 0.16361962282155137 0.17013998926137175
3.4912164211273193 -0.12597543001174927 -0.08134586364030838 0.06063654359556009 0.043629955847361575 0.12548389074086644 0.137165754396026
2.5431017875671387 3.509554147720337 -0.6078415513038635 0.036086216518871325 0.026163973205067505 0.08319584945123243 0.0450834397002543
0.5252643823623657 2.981083393096924 -0.13569216430187225 0.03383955668606394 0.032665477574212114 0.08730215983308048 0.10520095806792887
1.8933132886886597 -0.9079090356826782 0.22548046708106995 0.11337800662910019 0.0887488543569922 0.15753346969684331 0.13539686016154368
0.9709247946739197 -0.13711422681808472 -0.11698794364929199 0.11404742338727311 0.06449657071179407 0.1402018243346893 0.13543051529430938
3.799248695373535 0.8134628534317017 -0.2592020034790039 0.11850116145590658 0.07134696647798151 0.1655369242908909 0.1681361705329406
2.784897804260254 -0.6998297572135925 -0.007021035999059677 0.049254576846524435 0.02488335998032718 0.09783352465308381 0.1319285901608544
4.268052101135254 0.01859847642481327 -0.2177191823720932 0.11927533468603355 0.10951286675560672 0.14886104312019885 0.16227825481321317
0.430986225605011 3.2955129146575928 -0.3942173719406128 0.0760758746817258 0.06703456832672022 0.10365885792317718 0.1647377445472265
0.554815411567688 2.6305179595947266 -0.12175532430410385 0.09584409490516223 0.09484428867163211 0.13758699510576786 0.1613433429860835
2.8000707626342773 3.5566353797912598 -0.07664084434509277 0.0747617585046118 0.05020418743339661 0.15682225993437388 0.13842336441832298
1.0628832578659058 1.3849784135818481 -0.31060710549354553 0.03413730514063995 0.03213652923190204 0.04367631451701291 0.0595335527765012
2.143815517425537 0.11345671862363815 0.33138665556907654 0.057843037018278406 0.053374517516359105 0.10886494089264129 0.06866444863146566
2.1405692100524902 3.2914905548095703 -0.18009035289287567 0.0762103093851241 0.06502450103020001 0.0922201638863977 0.16604470823691436
2.317115545272827 0.8334097266197205 0.13304217159748077 0.1177614535058331 0.026895068106444514 0.17878053939027722 0.14868649014302346
-0.6573469638824463 1.0825358629226685 -0.20505252480506897 0.07517724270941323 0.02653533900933366 0.17493383159853426 0.16663352443832385
0.7700420618057251 2.2509655952453613 -0.020269058644771576 0.063552963632394 0.06163804013093299 0.0759992138635293 0.06538963114860773
3.9644248485565186 1.4823551177978516 -0.26930031180381775 0.10281202065118504 0.09664369743510669 0.15594849797844146 0.17923551668407461
-0.6888460516929626 1.508728265762329 -0.2434874027967453 0.11235323336367418 0.058577507793029754 0.15407480445712518 0.1523065021624248
-0.29246264696121216 -0.7243645787239075 -0.2529919743537903 0.08716977738705642 0.025417853299105828 0.09034664926159305 0.10827314498731605
3.339083671569824 3.293606996536255 -0.5052230358123779 0.11050388583413744 0.02452373666975024 0.1316646951733512 0.1439308533931813
4.491867542266846 0.45389583706855774 -0.3721606433391571 0.08531982383867817 0.057970785857737725 0.17253789676532033 0.168316634891513
3.8349497318267822 2.584484338760376 -0.2610791027545929 0.1123996907426119 0.1077310950223183 0.1603366511546245 0.17267209694984292
3.0618460178375244 3.231745958328247 -0.5255424976348877 0.11312248782275688 0.06415377630628609 0.11680702427719514 0.1443120516786017
4.296532154083252 0.6638045907020569 -0.2940010130405426 0.08430125142712512 0.08171615900624263 0.10229523403734386 0.10942546210134432
-0.38135817646980286 -0.4936283528804779 -0.2997056543827057 0.07655516546180721 0.02193363554618835 0.12283068421045118 0.13535820016062688
1.129546880722046 -0.9962668418884277 -0.21969826519489288 0.11122497428526268 0.043464819443405134 0.11835161288692711 0.14235029075439262
-0.2975705862045288 1.116533875465393 -0.13664217293262482 0.06289578964401743 0.022770260251643526 0.08753340903674105 0.1076107681988758
2.269216537475586 0.36601948738098145 0.5757744908332825 0.05279505144344049 0.024985376884894252 0.11894802993081985 0.12187400196236205
0.7742226123809814 -1.4432594776153564 -0.28317180275917053 0.11482272611105326 0.07778476306799607 0.17968807372807055 0.13454823440426275
0.34626173973083496 0.04188130423426628 -0.22812211513519287 0.048698561728538425 0.02856773620147263 0.09344532025414823 0.10692727918277167
0.5094393491744995 -0.10841121524572372 -0.597644031047821 0.11256683279402012 0.10067042863388279 0.13180207198261595 0.12148512452640883
0.6743794083595276 0.6233335137367249 -0.3780387341976166 0.049562237391843456 0.047200935915044644 0.08350722664193959 0.1547902657274393
1.8502110242843628 -1.6177269220352173 0.43609362840652466 0.11608299004907303 0.04495015676062605 0.12182281622023743 0.1303454757602069
0.626786470413208 -0.017781781032681465 -0.2817220389842987 0.08776901865738698 0.03246277823098929 0.09155775290054619 0.11381288022448638
0.4628855586051941 0.1574726551771164 -0.4848700165748596 0.07883433205884927 0.057829219621063216 0.13437620288067523 0.10219405135205431
3.011004686355591 2.464735984802246 -0.2372252494096756 0.09088698483561647 0.053101422920654354 0.1215714619485732 0.1544654546980274
3.6563944816589355 -0.4346076548099518 -0.5255551338195801 0.037993653209294674 0.024474255752627266 0.10040071802010717 0.07895535238924012
0.9758175015449524 1.6807855367660522 -0.5477140545845032 0.03394806173256328 0.02707411805097868 0.1553821154715481 0.13895085924907938
2.1361420154571533 3.592714309692383 -0.5869519114494324 0.05600604186253409 0.035290696969180385 0.1623922567781066 0.11720586816907427
3.66782808303833 -0.323690801858902 -0.1064087525010109 0.04434386133548101 0.04150991277636086 0.1415369743421071 0.04453786194239173
2.3201136589050293 3.041092872619629 -0.4191020429134369 0.11392768552665046 0.04658113810097357 0.16121379301436978 0.13676809630423273
1.7543261051177979 1.264419436454773 0.49276530742645264 0.04018151030731697 0.034730637673273126 0.17515151395093503 0.060429934724511046
2.1358418464660645 1.0887165069580078 0.4518018364906311 0.11848461485686303 0.049485760093521305 0.14140042216228635 0.1398684509364322
2.5063743591308594 0.9850781559944153 0.25683608651161194 0.09991594174944689 0.09845585286486551 0.15727903981779795 0.10923267797075609
2.2168405055999756 3.0965824127197266 -0.04052615538239479 0.10780521142291401 0.07177187991338876 0.12749541620541993 0.138345340450897
0.7122527956962585 0.0506499819457531 -0.06941352784633636 0.05512899394276673 0.038151783395719216 0.09786188075202777 0.10138509017533268
1.8088533878326416 -0.5528460741043091 0.33325690031051636 0.08311718112555311 0.02920784883417578 0.17285843145738228 0.1069259027321546
2.4272708892822266 -1.1657695770263672 0.45145300030708313 0.09793126194132241 0.07226554232921609 0.11945392129154458 0.1044115961171455
1.9744842052459717 0.8229775428771973 0.06627093255519867 0.06276402449509441 0.02451102318746179 0.14753034243367422 0.08002965931245072
4.335624694824219 -0.11567560583353043 -0.2571670711040497 0.0533669030506034 0.04993787010613206 0.11367893358720506 0.05667661654721751
1.0739099979400635 -0.5778754353523254 -0.34651049971580505 0.05625735606282893 0.02070409130967891 0.1500438517275166 0.1424097441888592
1.7377973794937134 -0.24470873177051544 0.36825957894325256 0.10552271539552613 0.040439887757180396 0.1423686363256328 0.16340716266562555
1.861419677734375 1.125436782836914 0.016714168712496758 0.09611520505680164 0.08587129229832378 0.13390089269817612 0.15458662138704005
2.458247661590576 0.983534574508667 0.4656466543674469 0.06294599787992108 0.030928501225296508 0.14953674408926707 0.1658853803167655
4.10305118560791 0.05674360692501068 -0.3727476894855499 0.10770648696038111 0.04463935941333333 0.1603373122036975 0.13527133731326332
2.5923211574554443 2.0758402347564697 -0.48442068696022034 0.06451267220439043 0.024428600176938948 0.12796606905781716 0.15187248448936796
1.0785818099975586 -1.0580388307571411 -0.258690744638443 0.032368413521585954 0.0223966409814143 0.1592186118193843 0.17602987405831397
0.7110174298286438 1.5790345668792725 -0.5541833639144897 0.09776681860973095 0.02830881514329253 0.12603671294020946 0.15955084599896346
0.6721980571746826 0.19068902730941772 -0.597157895565033 0.06788662705737758 0.06414316497405043 0.1633836403364756 0.10712266143327256
0.10265284031629562 1.873199462890625 -0.6049331426620483 0.041306867349363965 0.025398477585400606 0.08674386686566145 0.0816416406391118
0.9008015394210815 -1.9427366256713867 -0.33570194244384766 0.0741794758629262 0.03205724875762553 0.14894218553761088 0.13685623264023256
2.5695085525512695 2.2963011264801025 -0.024594023823738098 0.04137366623580718 0.030469435323532343 0.06493453206565333 0.14629290607681822
3.6963300704956055 2.3075623512268066 -0.12322688847780228 0.06313436781998155 0.04498731405075022 0.17355344446469967 0.150466927758525
2.9315779209136963 -1.1605693101882935 0.1283954232931137 0.10211157251737658 0.02869463602026369 0.11982737293568774 0.13001877697546818
4.0272626876831055 1.7687557935714722 -0.05681567266583443 0.09357459879628247 0.025909050351643776 0.1601120628874463 0.16728973363847535
1.847777009010315 3.464179515838623 -0.3314155042171478 0.04369659552517206 0.02246657105833019 0.134526039857399 0.16583150902539584
1.5202761888504028 1.3663556575775146 0.5903123021125793 0.11228443806269696 0.05260144994026575 0.13343531287510235 0.13563293680910765
-0.2683408260345459 -1.0430502891540527 -0.1325543224811554 0.0677541668627967 0.045260095165612094 0.1325971633623529 0.16060186245031327
0.6313890814781189 2.807338237762451 -0.03974490612745285 0.07255992504574063 0.04903783683750257 0.08027325499451668 0.11057325000449097
2.6862525939941406 -0.5107417702674866 0.4200434982776642 0.10221617949652333 0.07135012591061454 0.17597976658262104 0.15049637984699593
4.143428802490234 1.6437760591506958 -0.19779379665851593 0.08339185554660009 0.037236589340533775 0.08803190361899049 0.1446418410827363
0.3123070299625397 -0.9444103240966797 -0.01825244538486004 0.08716045818908055 0.0758862091344969 0.10089184129247467 0.138184563826683
-0.8764652013778687 2.566617012023926 -0.477639377117157 0.0640963555547624 0.028897919367285765 0.10881326140276823 0.14232487419543577
1.7592628002166748 1.15800940990448 0.37522783875465393 0.09354480710040182 0.05241142469478452 0.17180947919646872 0.11462000755943494
0.1168736070394516 -0.5949982404708862 -0.3050225079059601 0.09724622324567847 0.07035359188593518 0.10444315039434962 0.15052191842098658
0.7057854533195496 3.3606839179992676 -0.13722103834152222 0.08656122546077372 0.080746079061078 0.10469535452364855 0.16464063388392403
3.810405731201172 -0.7348556518554688 -0.5044538974761963 0.10979912131595422 0.07813272691518303 0.1641668447796263 0.1761032332146857
3.126197576522827 1.3910595178604126 -0.31500372290611267 0.11328764674270556 0.07740519159680101 0.1686828114426078 0.1260510142848325
4.484502792358398 -1.158010482788086 -0.5857851505279541 0.06433906575516134 0.04044398477207646 0.14601177126436457 0.09289867388228923
1.559471845626831 0.8868924379348755 0.05836150050163269 0.09280999600137627 0.08986637411193632 0.15314031101609243 0.16279614740658105
2.057018756866455 1.4951512813568115 0.22352078557014465 0.09151776818820702 0.06683494861552536 0.15985295295277208 0.16220744643255455
2.458991289138794 1.012726068496704 0.5857293009757996 0.11024291094613867 0.06421004820761318 0.14697152818391332 0.12203957333145576
3.8408405780792236 3.0715043544769287 -0.5091466307640076 0.10417272076532338 0.07279485859430028 0.1238221340140717 0.14714433127346327
1.7961843013763428 2.6632466316223145 -0.4435645639896393 0.0512637772035182 0.020593606576550808 0.15521823338330318 0.1688629086710293
1.378114938735962 1.8661463260650635 -0.21940341591835022 0.10888367775876823 0.07541078628430782 0.1337856603906553 0.1566432889465828
3.2361762523651123 1.7455552816390991 -0.38853201270103455 0.06416121216092764 0.05680068561644798 0.14498734025626991 0.12617141683593125
1.8926607370376587 2.456711769104004 -0.515598475933075 0.09540141789049983 0.035403366093224926 0.12271799382672602 0.17172652782631853
1.456740140914917 2.510201930999756 -0.5766952037811279 0.06627703063414789 0.041646698552761624 0.1454533725942227 0.17806480629012705
0.9500274062156677 3.0131537914276123 -0.035977087914943695 0.04614742394485812 0.03828493538979165 0.05423482572472998 0.08140657431729109
4.313981056213379 1.8171199560165405 -0.25282344222068787 0.06381417583956092 0.04033321552058388 0.12338751137351817 0.08128304584747521
4.331549644470215 1.5465222597122192 -0.4032486081123352 0.11641070986774357 0.06250673773507069 0.13553702361772257 0.17524093845792205
5.054519176483154 -1.5775723457336426 -0.1536945402622223 0.08991648222582166 0.031447179559224506 0.12812169541878354 0.15747329630487766
3.604414224624634 3.275669574737549 -0.012650372460484505 0.07758147714307669 0.06912754548599824 0.1394552409894955 0.1436232930122064
2.4163756370544434 1.5397323369979858 0.1359475553035736 0.04294203548977764 0.029461876932958007 0.16025592897347013 0.058373513166558144
-0.32988473773002625 1.767138123512268 -0.07862189412117004 0.11786772594240284 0.10923241524215363 0.15732999112944723 0.14230535355978174
-0.44743290543556213 -1.340818166732788 -0.2784650921821594 0.11013838992406065 0.04445246415824408 0.14207397558361295 0.1632961917917658
1.3517707586288452 1.776903510093689 -0.36339929699897766 0.079421179955012 0.0553259546883354 0.12129073826615241 0.11871744208935867
0.349945992231369 -0.677121102809906 -0.26320821046829224 0.06346103823401884 0.031129276927619264 0.06911381534347981 0.06501545770144494
1.80910062789917 -1.409869909286499 0.1858905553817749 0.07541966731297961 0.06881827528630176 0.14542416614014986 0.09203633987354654
3.1811225414276123 2.980407953262329 -0.1511329859495163 0.058858284186215026 0.05497744218542526 0.12457709000963867 0.16171652515980361
4.120722770690918 3.9341254234313965 -0.25988510251045227 0.06228392408033921 0.02708625167301824 0.07396782547768507 0.13735101530487037
1.5792258977890015 3.1519813537597656 -0.16273245215415955 0.10509795327516773 0.03508008187711588 0.16822217905332676 0.13495613062024128
2.392078399658203 -0.6366126537322998 0.1202239841222763 0.07544882106096346 0.04270218793386512 0.09154073269229901 0.11943334643702841
4.051652908325195 0.40722960233688354 -0.26763319969177246 0.044100752524879404 0.020015665003346565 0.15265850107708187 0.08605925537559683
-0.033418208360672 0.9258307814598083 -0.12931889295578003 0.08182695759264476 0.04047423024676387 0.15269238751583203 0.08838436186205809
2.9187979698181152 2.287252187728882 -0.22464942932128906 0.08490397383639231 0.05840091525593431 0.13826409788093935 0.16840888523770586
0.709670901298523 1.2994468212127686 -0.44086021184921265 0.039611021013805196 0.02824040523692635 0.1702130523731211 0.13352187246742145
4.248060703277588 3.7121689319610596 -0.6090384721755981 0.11873142292896613 0.08179898730870706 0.14554764325687383 0.14755985157102064
1.2416746616363525 2.1566147804260254 -0.573177695274353 0.035814959004645965 0.02614474703468652 0.15876595532556378 0.0933222265507702
-0.2806854844093323 1.4148832559585571 -0.11014248430728912 0.06768222692674457 0.06746556153892562 0.14875211753647222 0.11783891868003432
1.7444535493850708 -0.2387951761484146 0.13510781526565552 0.10682304856707116 0.0946512702538843 0.12992825313649034 0.12073278621546456
0.22562837600708008 2.365417003631592 -0.010064378380775452 0.09418905099511525 0.04659374472494904 0.13024481113674818 0.10308533629816065
-0.18701304495334625 0.6507478356361389 -0.06494973599910736 0.05047348550287404 0.042919490786759995 0.09717906507504234 0.07271021463973842
1.3747235536575317 2.874314546585083 -0.04969068616628647 0.11151405761157696 0.06034152128627279 0.17372511502167903 0.16818749305451725
2.3346145153045654 3.7281672954559326 -0.40194323658943176 0.08728932771334558 0.0866602814071298 0.12840531373185463 0.14248308126263745
4.018539905548096 1.3846677541732788 -0.15216538310050964 0.06797994066430295 0.036316289628784325 0.1123550424908116 0.08683850329826552
3.7524027824401855 1.989615797996521 -0.4782092571258545 0.05034347339000678 0.02472529828101837 0.09933914701153726 0.09912391640798912
3.6252899169921875 -0.17131540179252625 -0.17563816905021667 0.03308554068540719 0.025003546460597267 0.06357482863592928 0.06327842583715104
-0.3889428377151489 0.8436669111251831 -0.28365445137023926 0.11949103092467965 0.10623687366103324 0.15830672447852293 0.17442284418454118
3.7352395057678223 0.9305787086486816 -0.04465030878782272 0.11460680744307578 0.056881671453332214 0.1308910926894347 0.12676455709043358
3.6429224014282227 -1.4588571786880493 -0.03389408439397812 0.0930826509576032 0.06012020854475521 0.1643759462269751 0.1572820223065043
2.393458604812622 2.097121000289917 -0.36390653252601624 0.04201588511216976 0.027465883869912444 0.16409860505134538 0.1075801056081323
1.7296984195709229 1.0434600114822388 0.4867810010910034 0.03927768954117142 0.03524245172375948 0.12065077159608123 0.07477835767281595
0.8817145228385925 -0.4736965000629425 -0.36694177985191345 0.04231855248227526 0.021020639641620625 0.05270320656522251 0.09412657577218107
2.7535512447357178 -0.8905714154243469 0.42261338233947754 0.04060041614144927 0.02497463492310033 0.16869523694924357 0.05123835093049181
4.198464393615723 0.7108445167541504 -0.4069399833679199 0.047801685230706714 0.039376889595253886 0.1366261178654926 0.1421680609825114
-0.0925302505493164 0.5987434387207031 -0.15216945111751556 0.09218782626605238 0.02826554731096432 0.11156440741132292 0.09748566606997322
3.7997684478759766 3.011099100112915 -0.5649046897888184 0.05411552394987648 0.0428778246217722 0.0688125013708346 0.06304140938570676
2.093418598175049 -1.3969736099243164 0.47006145119667053 0.09300133246317879 0.02811509897480816 0.13325647392512338 0.09620397344767245
3.3438594341278076 3.2319438457489014 -0.09129098057746887 0.08754546583872282 0.04557779606048468 0.09001531716701308 0.16220641140433353
2.005570650100708 2.3924739360809326 -0.29958972334861755 0.09197923055852723 0.070828373785136 0.13272298747810818 0.15222266495242545
-0.47161856293678284 0.5122786164283752 -0.21035373210906982 0.037817907545162996 0.024998085180244545 0.17339350461745812 0.13357483877734938
0.24364987015724182 -0.5060158967971802 -0.5318351984024048 0.0950965424269381 0.026457329439646907 0.17979279264133896 0.1486639639916315
0.6532274484634399 1.4635472297668457 -0.17086835205554962 0.033704869889211696 0.02643573942780448 0.11581166533464424 0.05677787382802785
0.3260554075241089 2.580362319946289 -0.4801883101463318 0.0692231965493395 0.06340378336388448 0.09228998125146143 0.16823372839916534
0.8543221354484558 -1.35524582862854 -0.516677975654602 0.05092597818225684 0.03740599947966759 0.15299278484659104 0.17970545472462554
0.6713131070137024 -0.8794794678688049 -0.17147156596183777 0.09333587248682901 0.07958976689794654 0.1269159321767266 0.17892243627370563
1.9492765665054321 1.5483131408691406 0.36187544465065 0.07848120373870901 0.02553671969790633 0.12391891982588847 0.14846068947322158
3.0402917861938477 2.741258144378662 -0.5091038346290588 0.07523191742926313 0.04200128798784329 0.14267294347310971 0.1330872073610644
3.316437244415283 0.1586284190416336 -0.3988010883331299 0.10100180266211256 0.07788751383509113 0.13864673313926906 0.1344840051036441
-0.2638215124607086 1.4689849615097046 -0.16642171144485474 0.09358180495354387 0.0759951806940504 0.10819374800401797 0.10885713245422256
2.5761852264404297 2.1059091091156006 -0.331132709980011 0.07568666497678475 0.05727608575115657 0.0809432638952747 0.0789579729356888
-0.3340487778186798 -1.0534712076187134 -0.3332238495349884 0.07276354051171272 0.05777313774867458 0.09109100749602936 0.16646165720507622
2.956775426864624 1.594834804534912 -0.5974493622779846 0.0708513320469684 0.026678743087773224 0.09157337334502863 0.09154922108571198
3.924994468688965 3.1433463096618652 -0.10576646775007248 0.04676200458372182 0.04270823766948911 0.16575460126400024 0.1516182334278896
4.409791469573975 3.4564898014068604 -0.3012274205684662 0.08834034157744484 0.07433942808821539 0.1291048208995827 0.08900036299363158
1.5626310110092163 1.3994899988174438 0.4462544322013855 0.08997265587457517 0.0250264760947958 0.12091615123855842 0.1478303991230068
-0.05290420353412628 0.5412502288818359 -0.4938673675060272 0.1078517925492447 0.10668958735575516 0.17120112162672996 0.1410399414072179
4.059046268463135 0.6748513579368591 -0.18130753934383392 0.06839823795909082 0.02792752730173576 0.16577083570108664 0.128486597549812
2.6853957176208496 2.116452217102051 -0.5761600732803345 0.09854691973711453 0.020613199127522082 0.13660289793654812 0.17826975129729725
4.378975868225098 -0.0779765173792839 -0.21184511482715607 0.050155266816469965 0.022975100251338483 0.16309765787407243 0.13504237931831303
1.5228193998336792 1.4011297225952148 0.37292981147766113 0.07439485309215843 0.024072046741951427 0.1191534601912278 0.14561876008673696
0.5087466239929199 -0.16617901623249054 -0.433633953332901 0.08675183747107099 0.03650905190136598 0.12738865340982558 0.0932375564246649
0.01714548096060753 -0.3955753445625305 -0.4466189444065094 0.06506209839037827 0.05729783305006267 0.07351422142001343 0.08052535933733213
1.2843226194381714 3.4807844161987305 -0.4304105341434479 0.10682549328188483 0.045291650233465694 0.160034146492718 0.11192988888733837
1.7325310707092285 -1.5068331956863403 0.3031969368457794 0.053525924443412115 0.021853648795278464 0.054865138405513665 0.0654235541481981
2.4162442684173584 1.8973437547683716 -0.026409504935145378 0.046630935628328596 0.029825043395170656 0.1706644823448629 0.05560091733070714
3.834730863571167 0.42749032378196716 -0.07211840152740479 0.06334028119585702 0.046288272315093984 0.10212013472155274 0.11291864422952098
-0.1661958396434784 0.8109451532363892 -0.3408452570438385 0.05301942713405529 0.04864828685096402 0.05443781776913169 0.12261962891935291
3.71051287651062 -0.7844069600105286 -0.23845107853412628 0.07480809552437012 0.03152185177914883 0.11005843152419029 0.14668520746620833
0.3977219760417938 3.5978951454162598 -0.2501634955406189 0.11177260379130306 0.06337557346849239 0.17977921331397767 0.11573500160628292
1.9085450172424316 1.1701568365097046 0.31336310505867004 0.10369267773247746 0.09224808118629624 0.16806862422378932 0.11239057663557103
0.0360817089676857 1.6275016069412231 -0.17475813627243042 0.06673659291438389 0.04635381233615378 0.17768087462673895 0.07543697079928983
-0.3853152096271515 0.34286028146743774 -0.16884945333003998 0.03808584954410832 0.021840223473988955 0.13983042782961214 0.10408208509941165
3.5921616554260254 -0.9363076090812683 -0.1879018396139145 0.06575075190856006 0.021528271869722566 0.07064599735835568 0.1591371456424472
2.8092398643493652 3.5897436141967773 -0.5974506139755249 0.06749342524598267 0.05804155673172304 0.1621203460143753 0.15557260817192659
-0.7686367034912109 1.1710567474365234 -0.5323470830917358 0.10471640683899106 0.0352382614794384 0.1540769016911563 0.16418384641470174
3.386507272720337 -1.1437100172042847 -0.1513214260339737 0.09457886262293255 0.03321363537090715 0.10629961162647796 0.1491697904302477
2.4445064067840576 2.9029908180236816 -0.34915703535079956 0.06993709508908963 0.06621081379120708 0.12214794911318404 0.09483174011846499
0.5595551133155823 2.387955665588379 -0.2681472897529602 0.08851228038917425 0.05582386290515705 0.10949079158555834 0.10230601851531822
3.032257080078125 2.334430456161499 -0.10341626405715942 0.06175588847126638 0.057058461277855826 0.14597919878071441 0.07050319339394881
3.2642464637756348 3.386121988296509 -0.10199045389890671 0.07856646980581986 0.021283278805185147 0.12860633730992643 0.1374963322939882
3.761807918548584 -0.40983811020851135 -0.25085434317588806 0.10211890546935244 0.07206070702688105 0.13179317587977057 0.16030009485258856
1.504316806793213 1.1328829526901245 0.5395919680595398 0.039896504353180325 0.03707624638895336 0.11977179722073691 0.12301051705552454
4.214071750640869 3.067945957183838 -0.597851574420929 0.03602268196340052 0.020845034784692157 0.156124357181479 0.15404759663899717
0.4043203294277191 -0.572160542011261 -0.24981088936328888 0.05016522227127557 0.046280114857109284 0.17820428038018132 0.07857206789850958
3.627317190170288 1.1597809791564941 -0.17566938698291779 0.11871609687891466 0.04511438029833034 0.13623913783876332 0.15092874514283217
1.9246304035186768 -1.7614400386810303 0.1431366503238678 0.10435816343678339 0.08819598911280514 0.1385067138912163 0.16780575888544652
3.9304895401000977 2.534602403640747 -0.27279117703437805 0.04060162354616217 0.031254348799809296 0.06397918613332401 0.06240845851395309
3.2930362224578857 3.411599636077881 -0.3421573042869568 0.06723474247418797 0.02408532510001089 0.08840276141809753 0.0950425344337183
2.630868911743164 0.605258047580719 0.004692151676863432 0.10367676556845826 0.04871857044271902 0.11806540668726066 0.12070786821357386
3.9586586952209473 0.6198244690895081 -0.48395344614982605 0.061674667402583705 0.02153726379942001 0.1730186944340953 0.16334492511488866
2.1908583641052246 -1.406006932258606 0.0438392236828804 0.040771532086338456 0.038516017572430804 0.12126936645052158 0.13413713321950432
-0.762093722820282 0.8396301865577698 -0.3236481249332428 0.10693699077762137 0.05414583270327579 0.16900299223944873 0.16205106218221182
2.1142754554748535 3.48345685005188 -0.14167191088199615 0.08254280607419207 0.053005915150833305 0.09512354549489951 0.11281894722430638
4.454427242279053 -1.548834204673767 -0.4750487208366394 0.1114863524161964 0.045530472747352474 0.1577564436176144 0.1348470750022116
0.6521972417831421 -0.764439046382904 -0.18584130704402924 0.10612751092891885 0.06427240547569375 0.14770434826814263 0.1651996980513262
0.3643014430999756 -0.5510088205337524 -0.4173887372016907 0.046984009553505054 0.038637926474802284 0.156436993705723 0.04881255489149834
0.7164380550384521 -0.6337161064147949 -0.24945807456970215 0.0738194008827332 0.059770427246824534 0.08128400081514017 0.11533835350862671
1.725779414176941 3.4176175594329834 -0.25761598348617554 0.03897238819455991 0.02134786893881838 0.04481195975126172 0.1212998413645365
4.386288166046143 1.1875886917114258 -0.17843393981456757 0.10733311671795279 0.05014221800191823 0.12348821619150437 0.1557628012760633
2.0295825004577637 3.5103025436401367 -0.3404809534549713 0.09741796874851023 0.02451929334543733 0.16772701765768452 0.1609754865101875
2.399852752685547 3.793246030807495 -0.20467767119407654 0.11565996242644505 0.0988966059606358 0.15271824740307016 0.16386164005159862
4.098728179931641 -0.4769382178783417 -0.527386486530304 0.1157583152917152 0.06476900383466011 0.15708419254427974 0.11965593635395946
0.4432544410228729 0.34151408076286316 -0.34922900795936584 0.06843775735524117 0.06737415514662619 0.1699177298974754 0.12576363793637496
3.8604187965393066 2.7817888259887695 -0.5440188050270081 0.05258478357788311 0.048843770604711956 0.11687896152067116 0.11126128762509917
3.2606115341186523 1.4938966035842896 -0.3993743658065796 0.07573780740045542 0.03677637345757695 0.16037653161240834 0.1065547876306815
