0.8938350677490234 0.6338784694671631 -0.10045108944177628 0.08706629985461284 0.04900402767625862 0.08824874383006663 0.1280816936211285
0.179810032248497 3.7365591526031494 -0.5316334962844849 0.09951746367377423 0.09549354851640361 0.12099197763095758 0.1187286803305858
-0.34933730959892273 1.9238191843032837 -0.1059144139289856 0.07591110340274365 0.059640910180093265 0.11866996188147372 0.16143189625920018
-0.7749072909355164 3.636934280395508 -0.3915042281150818 0.06332836444072394 0.05283558006986576 0.14293233332761668 0.14394470016274163
-2.3384647369384766 -1.4683371782302856 -0.4736790657043457 0.033868428947094076 0.020542942845633117 0.14315899553758016 0.10545517741183733
-1.176142692565918 1.9865734577178955 -0.5978321433067322 0.08398083031425291 0.026364984720307877 0.11950067166828401 0.15497315296282557
-2.9670417308807373 -0.7457577586174011 -0.5295488238334656 0.10863061037749626 0.05765804571224353 0.1287329153236058 0.1368400532932025
2.4759223461151123 3.7762255668640137 -0.15154249966144562 0.03909039581508186 0.030420504669411604 0.15940880140641017 0.11846403261669637
0.021565211936831474 0.5114762783050537 -0.09786707162857056 0.08851744897029393 0.08764556601959307 0.13292515183731135 0.17933055457003677
0.6347522139549255 3.57665753364563 -0.5939325094223022 0.04641045468058461 0.02158971898869663 0.14150759934230336 0.11214116669885635
1.7872875928878784 2.1142418384552 -0.5487984418869019 0.11471260288143266 0.10333456831538194 0.15087709886508804 0.17047254189208
-1.121041178703308 1.1810377836227417 -0.2636907994747162 0.10172283651987932 0.09505137135319154 0.16716577172488145 0.13523705368310557
1.248097538948059 2.8895087242126465 -0.1972654163837433 0.05998510720361677 0.026518592925316515 0.17611296209037447 0.06671316714017678
-0.009714299812912941 2.3582863807678223 0.18631216883659363 0.04082028938143256 0.03487319347385051 0.06614732461868346 0.17177393043199032
-0.718039870262146 3.7327277660369873 -0.5559929609298706 0.10959569993153888 0.061919365439401186 0.1106854680756377 0.14008536425886464
-1.221036434173584 2.565181255340576 -0.10814832150936127 0.07870217312886654 0.03981705559465626 0.12327301677971958 0.08389840188141494
-0.5538116097450256 1.7270883321762085 -0.28479287028312683 0.09295720496622065 0.09163454272831609 0.1476773832288715 0.14274983895286636
0.9652865529060364 4.367812156677246 -0.4703793525695801 0.07733021624915615 0.03963865706662141 0.09557579880960503 0.10758165292594984
1.781019926071167 2.855206251144409 -0.30872297286987305 0.09870582677250198 0.04107154033776906 0.11784541637459413 0.1694712872097099
1.4720401763916016 0.760513424873352 -0.2977832853794098 0.09098918682033086 0.06141404954606269 0.11587009518282967 0.10687731753824356
-0.22538483142852783 1.6406692266464233 -0.5052922368049622 0.047371044541476 0.02592353349626537 0.1524711724630871 0.05785824496922261
-0.42018571496009827 2.017411947250366 -0.0840158760547638 0.047294398929692054 0.030192879851696792 0.13670321468242064 0.09436100993607653
-1.354588508605957 1.5944783687591553 -0.6167917847633362 0.10216728258072579 0.020430381897209395 0.1717177762326475 0.14011788803330072
0.837357223033905 1.5637930631637573 -0.042916394770145416 0.045554079017330974 0.0454838649379633 0.1641612891173491 0.13721572481400482
-1.6055457592010498 0.24955900013446808 -0.30632197856903076 0.10441080924643632 0.08881672090718963 0.12199553929670581 0.17632116694966038
-0.32645341753959656 1.706830620765686 -0.1765442192554474 0.05233311491239044 0.02796830046495896 0.09301161546235179 0.09690385344964182
-1.5854508876800537 0.7755696773529053 -0.3844600021839142 0.09124666223166432 0.05656722747899176 0.11317192742019491 0.1797853341504586
-1.0001693964004517 0.9985254406929016 -0.33245888352394104 0.1124389498369998 0.054439207314414886 0.17278378321125096 0.15999081796657888
1.7435921430587769 3.425875663757324 -0.34881091117858887 0.09945427595503656 0.09364337074953227 0.11182613322248292 0.12755558873375594
-1.7474576234817505 0.3977157473564148 -0.6023284196853638 0.04024868886620404 0.02238918694765227 0.16518382842864546 0.1734946512678631
1.66010320186615 1.3778915405273438 -0.16445273160934448 0.06357769402532046 0.051900017244547084 0.09644287059980716 0.15054679665705079
-1.9874027967453003 0.09862332791090012 -0.17638170719146729 0.05119754758240522 0.038216216473275666 0.060409622607257615 0.14891978595165528
0.17240069806575775 3.5610287189483643 -0.579337477684021 0.09006957386284843 0.024107254570077716 0.15411785963029112 0.12537023253568072
-0.0245664045214653 0.6935952305793762 -0.268964946269989 0.03876489080596404 0.036526295007082876 0.10593020272556372 0.10624942978444625
-0.14001882076263428 1.5093227624893188 -0.5880275368690491 0.06309941202110995 0.0255430234264392 0.07096607517610819 0.11064109993797361
-1.1860445737838745 1.8013114929199219 -0.18888536095619202 0.06681811438271398 0.06487745790554313 0.10184736329053298 0.175780625031755
1.6834509372711182 1.840256929397583 -0.41792699694633484 0.11732993789810275 0.03059615358384682 0.1540976670115003 0.11741242461855363
-1.1340889930725098 2.921210527420044 -0.13945423066616058 0.10669113596549086 0.036849991669804176 0.14372112237840157 0.1492177747611803
1.8327343463897705 1.4345955848693848 -0.552872896194458 0.09139708914423608 0.0449217503968866 0.09264075506088573 0.1531031463219717
1.5266155004501343 0.9527521133422852 -0.30140939354896545 0.1122214507080556 0.04943873160911108 0.15396340908960732 0.137458483549269
-1.0464706420898438 2.031290292739868 -0.5247220993041992 0.09651946489251974 0.05154528973196461 0.12513999862735334 0.11923467823333786
-0.4912619888782501 0.8175311088562012 -0.53076171875 0.06941764654291903 0.06141859315858987 0.07947620568825509 0.17115762834533677
0.9072062969207764 2.624812602996826 -0.018744800239801407 0.08394281413700513 0.02557292170189239 0.1215100392146263 0.16374996152744326
-0.1517789214849472 2.980997085571289 0.3217540383338928 0.051610667871798535 0.025385921068368938 0.17416775125375938 0.14853723012224868
-0.07290447503328323 2.9316625595092773 0.555363118648529 0.11865439513098897 0.022723837303342594 0.1745246163975756 0.14118249304813751
-1.5240970849990845 0.7473301291465759 -0.15971551835536957 0.11820764864692838 0.0895058891626266 0.16099859337077338 0.17938214282642653
-0.8210346698760986 3.155848264694214 -0.45375820994377136 0.11970084823623665 0.08412569603824357 0.17632093603517923 0.17676393628640283
-0.15696364641189575 2.601675033569336 0.24135181307792664 0.09315984794810128 0.02769578466063603 0.15141277331434214 0.10156196851967121
-0.920665442943573 2.333127498626709 -0.5213837623596191 0.11744843289407687 0.02656330316275155 0.16226133613668997 0.13091373904984754
2.249080181121826 3.0159947872161865 -0.5962038040161133 0.08107170235627896 0.0755350434468255 0.11840435654885983 0.12628640318894083
1.3776850700378418 3.2328968048095703 -0.0740324854850769 0.041360157625019954 0.034893859378634914 0.15815894040231568 0.08551210251642938
0.960211992263794 3.3874058723449707 -0.2755972146987915 0.10340415232334293 0.05150363793635622 0.14312922993383922 0.12122024984328555
-0.7484424710273743 3.860346794128418 -0.3936193585395813 0.09879277034337339 0.05044327628728834 0.1658590021180831 0.17909381033739946
-0.8594499826431274 3.9371533393859863 -0.497165322303772 0.10934002336813316 0.06911559374282754 0.17884775735200106 0.1498458615269969
1.3689826726913452 3.008606433868408 -0.1809740960597992 0.039238224469559116 0.02183712638337021 0.16527833906736844 0.047313434979197024
-2.2090117931365967 0.6826574802398682 -0.19312554597854614 0.07524889361672546 0.05711610699085222 0.09654261997280777 0.16935144969132576
-0.9293942451477051 1.7786272764205933 -0.5686190128326416 0.06948588354523452 0.0677928818268647 0.07315886334287494 0.08839854298359079
0.7868642807006836 2.797424077987671 0.08292699605226517 0.08046822706722458 0.06477064640015866 0.1230710596378021 0.16230827555548819
1.6586518287658691 1.2673224210739136 -0.0352499894797802 0.08746675655873559 0.07804872051816521 0.08814289018183474 0.15009441782100574
-3.0556318759918213 -1.210527777671814 -0.2639298141002655 0.10934349305672567 0.07923888052661027 0.14096473548976846 0.16667221734730003
-0.6866877675056458 1.2853444814682007 -0.47913751006126404 0.07495830740350966 0.033661637629551946 0.12340258694514372 0.15053106424174578
0.05991331860423088 3.6213161945343018 -0.1513391137123108 0.09784702659241284 0.0845100442066476 0.15322587471463936 0.12597764397935732
-2.310561180114746 0.4722532033920288 -0.4633084535598755 0.094980450577516 0.057394888319674695 0.09514602063239108 0.16926382815091168
0.3974500298500061 0.4855113923549652 -0.2844705879688263 0.10729164884092077 0.06571305817768833 0.1564826403315108 0.16542788088966903
0.13772597908973694 3.9067554473876953 -0.6098331212997437 0.03654077516708545 0.0288003104684854 0.11265988427236773 0.16642898639628328
-2.0394673347473145 0.6196286082267761 -0.28575509786605835 0.0838498216818522 0.06164741063106145 0.1794681402293865 0.1780506787023573
-1.3677643537521362 1.3239989280700684 -0.09294325858354568 0.08852252563061266 0.08757800984296929 0.1543224715743009 0.1285111058603299
-0.5148486495018005 1.6881380081176758 -0.3694903254508972 0.05972761101913522 0.04390935509279317 0.1749716528247906 0.06991533614668798
-2.1029903888702393 0.15307846665382385 -0.301425576210022 0.10340590465158087 0.09496802914294078 0.14322762847970932 0.14762819873541885
0.13204248249530792 4.031062126159668 -0.5978706479072571 0.0558779345104067 0.029637020117493845 0.11084243660696619 0.07760959923909504
-1.3566887378692627 1.6067805290222168 -0.4506043493747711 0.04191849189589169 0.03165341826680898 0.08864478240636806 0.15568301530827677
-0.3803214132785797 4.068292617797852 -0.2395441085100174 0.09366486148319417 0.022674165688221493 0.12130113348902238 0.12075746000773115
1.7691251039505005 1.7538343667984009 -0.3464149832725525 0.06828188988977427 0.04590179746144859 0.17951646971922958 0.0883403493199314
-1.8369865417480469 0.235585555434227 -0.5084579586982727 0.03666024730462193 0.02100378011127673 0.044959133514477556 0.15069822040794717
0.42604660987854004 3.909579277038574 -0.30038830637931824 0.0708808317053342 0.021680130251534466 0.08328449184456344 0.1074670770500146
-1.2354286909103394 0.8952155113220215 -0.30249476432800293 0.06475532252494685 0.03495214840013908 0.16883439854105747 0.07393810458957252
2.701265335083008 3.5415234565734863 -0.16358545422554016 0.047578664814258195 0.02161900086571785 0.05893298997948589 0.09244358948050502
1.5758031606674194 3.790146827697754 -0.40446966886520386 0.04860875636738099 0.037084260884041625 0.11892021878662515 0.13496736591855918
1.8646864891052246 3.1796953678131104 -0.03426544740796089 0.03441343301794321 0.026852504067577724 0.16642719162803782 0.11302244027071824
1.2112877368927002 4.3275465965271 -0.22527462244033813 0.0889170249879315 0.07969168049419333 0.17419780571531673 0.12456589581950048
1.2313008308410645 1.3842331171035767 -0.5295107960700989 0.03247984852429078 0.028385226067853445 0.06894122969130628 0.16747201496095213
2.3635056018829346 3.508002281188965 -0.10149841755628586 0.07594743135816787 0.04715568063244449 0.17209556638337878 0.11405113814336763
2.6621124744415283 3.411578893661499 -0.46961984038352966 0.08132070896729211 0.024507498851191464 0.09106349237419939 0.1255933820703302
-2.213871479034424 0.4369662404060364 -0.04820841923356056 0.053407423539879414 0.043825594406622134 0.1787205917793771 0.06206470115533687
1.0208203792572021 2.6301980018615723 0.12311546504497528 0.038048106447885234 0.02294194152897646 0.07838512658379922 0.054940039637074736
-0.8302295207977295 3.8645341396331787 -0.05513010919094086 0.044414445414635274 0.04262285661963547 0.08490177869262908 0.13486110881502222
0.5073878765106201 2.2167208194732666 0.47171100974082947 0.09123128503288364 0.08526294915358695 0.10160880854941906 0.11300587861514248
-0.0549987256526947 2.2395002841949463 0.28984805941581726 0.09729052047207125 0.08672407250280016 0.09758777762587734 0.17029789045174504
0.19613713026046753 3.0490541458129883 0.19526629149913788 0.11747181527644501 0.030243506311224563 0.12440890404225417 0.17458709372586995
-0.7705175876617432 2.2003328800201416 -0.4056096374988556 0.0477779139509846 0.04067989773705309 0.15374831264084876 0.04800345515080484
-0.4829990267753601 0.9762543439865112 -0.17581835389137268 0.1085917799586295 0.027308814455076328 0.16601710474609208 0.15443565205100876
-0.54794842004776 2.1464133262634277 -0.519863486289978 0.11634113176775795 0.025808766791076115 0.165287013438095 0.15431486496908742
2.713876962661743 3.5834593772888184 -0.32396000623703003 0.047612532259453555 0.03613467591919725 0.15860196616051958 0.09189070697576374
0.759019672870636 2.159677743911743 0.1764783263206482 0.06915706868532805 0.05070514179464203 0.17599397623402735 0.11770919437863017
2.382091760635376 3.611478805541992 -0.16593170166015625 0.11604770904092714 0.02128043626224929 0.13115026175865935 0.1492670774093121
1.4989169836044312 0.9429090619087219 -0.18310661613941193 0.09795412973851177 0.02442644347437237 0.14646776421581406 0.14666438828732145
0.1884206384420395 0.8748942613601685 -0.21950384974479675 0.06526886619384314 0.041707874974889245 0.13851350878730395 0.07491418203223632
-0.20760373771190643 2.4524314403533936 0.1615171730518341 0.1179481871836554 0.07010702783536861 0.17584297335930751 0.1519708979923514
-0.017763640731573105 2.8827857971191406 0.2481229305267334 0.08342311664173738 0.0751983149442588 0.0936557186969085 0.14871073463916656
0.9821070432662964 1.0949888229370117 -0.40632006525993347 0.0770332860357837 0.07647929611816928 0.10724601161120115 0.14993052904132223
1.5932823419570923 1.5432087182998657 -0.15525288879871368 0.053124910572793456 0.049642387397191144 0.06791807495725459 0.17638863574246458
-1.8687119483947754 0.014760490506887436 -0.42512333393096924 0.07211015685569375 0.03853006517208207 0.13499425605149462 0.08249605185991275
-0.240314781665802 2.347393751144409 0.03602243587374687 0.043413502552565576 0.039805520165028384 0.044265600606097216 0.13529947806647616
-0.14739291369915009 3.1031103134155273 0.534375011920929 0.06318030047103193 0.035568666014354246 0.13949912120045213 0.1436156249973634
-0.9504193067550659 1.5424062013626099 -0.2336444854736328 0.11896362844076709 0.03361562263012023 0.150328891309211 0.1591665543672634
-1.0954407453536987 2.831547975540161 -0.48219385743141174 0.06640509623620472 0.02321260888022417 0.09341980911112395 0.12904971756314232
1.8909475803375244 2.796704053878784 -0.2833253741264343 0.0364300601442765 0.03409835610718378 0.1219927250865323 0.03929347659687116
0.5362973213195801 0.9625699520111084 -0.1264336109161377 0.07883607608220253 0.04100827926173674 0.13304986979612757 0.11340644443670932
-0.19307926297187805 1.1956896781921387 -0.49335089325904846 0.046694565726735804 0.0255496639381051 0.14413104820476227 0.08286176215816998
1.0008126497268677 4.423147201538086 -0.32242551445961 0.04735128214177531 0.025531868322267233 0.09985569363745479 0.0884551685250456
0.26481205224990845 4.7332072257995605 -0.12088032811880112 0.03634086492547668 0.02779799588453866 0.16285724572912508 0.12040835883456415
1.9528299570083618 2.149127960205078 -0.5800557136535645 0.11750189553794387 0.0658396851850369 0.1330358882743662 0.17050134970357977
-1.0424678325653076 3.501182794570923 -0.3386130928993225 0.05351128810499427 0.03574175611001751 0.08907577219791984 0.15353803170096236
1.9189784526824951 3.9709296226501465 -0.37767183780670166 0.06669811566354719 0.020807768795475894 0.0905801431457285 0.0720118303429231
2.1585357189178467 2.80190110206604 -0.22197988629341125 0.07813567311453949 0.07785581761574155 0.1770269574075644 0.1453895707143814
1.360729694366455 4.148602485656738 -0.07295053452253342 0.1185305452229069 0.03787712082046625 0.17332100543181622 0.15862731882932782
-0.032853271812200546 2.789710760116577 0.5028101801872253 0.07734237861497557 0.06721776534344824 0.15954931963273716 0.13332680187804705
-3.1408355236053467 -1.0629963874816895 -0.2921867072582245 0.06039842373300982 0.021096344602855407 0.1351299637900964 0.08896488329311242
-0.7951254844665527 1.9930521249771118 -0.5716338753700256 0.03477724844835505 0.022004247299925835 0.11820770217501547 0.07522950688370458
-1.2041910886764526 2.539088726043701 -0.034069858491420746 0.0981024863225129 0.04794345705378713 0.17936625008109575 0.10933975784337917
0.6543534398078918 2.467923164367676 0.1664346158504486 0.043339970285113244 0.03363590017070136 0.06346161607451101 0.048025289108874755
0.6572175621986389 3.804605722427368 -0.3381008803844452 0.09521418098950363 0.07043386625606235 0.17474792481951024 0.10658495454968739
0.9999422430992126 3.7679319381713867 -0.6217988133430481 0.06814056873090088 0.03204847252672183 0.11842522167215086 0.10660206913148032
1.8279412984848022 2.271843910217285 -0.20980289578437805 0.034097225298388247 0.03038458122926297 0.11531963589187735 0.08145225679329884
-0.4712674617767334 4.061511516571045 -0.0874827578663826 0.08453959239283837 0.029332681667558178 0.11312450027928003 0.09955658610529454
-0.07100152969360352 2.542991876602173 0.43066009879112244 0.07486345270355746 0.026172403434890475 0.1574760254664574 0.10845467519680489
-0.494781494140625 1.827696442604065 -0.5586498975753784 0.10564993650953065 0.023841835941213238 0.12774530860833525 0.16194835425564708
0.24847562611103058 3.5315351486206055 -0.5918278098106384 0.09278510806269932 0.05527248031406798 0.16074777829957027 0.10943617598365073
-0.5554559826850891 0.8521101474761963 -0.4746095538139343 0.032048753148977496 0.02518830248138959 0.04718455709555321 0.0596751859563846
-1.8312894105911255 0.2514769434928894 -0.34241825342178345 0.05577780129287491 0.02570682407970423 0.1554220269996905 0.09485652639642664
1.6999475955963135 4.143298149108887 -0.24707454442977905 0.06128641977372928 0.04823491670710359 0.095726835044293 0.12302198945892613
-0.06587613373994827 3.9421162605285645 -0.2096939980983734 0.09472169827848477 0.04996122989627652 0.1162400443106977 0.09597378613052593
1.3464441299438477 1.667258620262146 -0.18822424113750458 0.09319730582590169 0.06334783365550156 0.11593296754169984 0.12694296103061906
-2.892582416534424 -0.8311293125152588 -0.3375278413295746 0.10121073926072176 0.06799546337762655 0.14999805476993122 0.14099233937134342
-0.641040027141571 1.0569795370101929 -0.029647687450051308 0.05511604404916469 0.04739230087213256 0.1731936789334811 0.16625992782893567
2.4370474815368652 3.639389991760254 -0.22295473515987396 0.06920504529502827 0.039509625500823806 0.1302839475466564 0.1300886833632368
-0.9350446462631226 1.492624282836914 -0.2717323899269104 0.11235308900282413 0.08049275219232518 0.16097752173008256 0.12679534794107503
-1.5412542819976807 0.832916259765625 -0.030970126390457153 0.11238097112963953 0.08252514320601255 0.16680142470730439 0.13703437403999552
1.9165928363800049 2.8611323833465576 -0.4530053436756134 0.07312982605373669 0.02577679114792845 0.08031853736956532 0.12045525179037059
1.3291319608688354 3.0648751258850098 -0.08353929221630096 0.09897443376379346 0.0978549872770508 0.17306877774915547 0.15349137516738162
2.0994811058044434 2.804335117340088 -0.3753204345703125 0.05493709897554798 0.04615426741102756 0.07518489931671646 0.1368546088540496
1.624617338180542 3.704286575317383 -0.5378397107124329 0.048863565624793666 0.029298838444534903 0.09584796427157613 0.1442933036920001
-1.9957025051116943 -0.023280106484889984 -0.47866207361221313 0.0931014150661532 0.0773559086528057 0.10308763405182036 0.11148310377846808
0.5309895277023315 3.947178602218628 -0.14218491315841675 0.06183451533778347 0.05519750223420454 0.09479330983451437 0.15506293730038628
-1.200143575668335 2.6044163703918457 -0.4475034475326538 0.11768579279469896 0.028963756117358436 0.16857692174649763 0.17424455511255282
-2.124359369277954 -0.1462492048740387 -0.5405188798904419 0.051562350634918944 0.03648815841363366 0.1080954164633745 0.10580190335091644
-1.6763668060302734 0.7346965074539185 -0.11681868135929108 0.05637732079770378 0.03221679753738225 0.10684071054062672 0.06935635942684432
0.7557564377784729 4.409499645233154 -0.18711677193641663 0.047268237391033925 0.020466184438323175 0.12099098846581716 0.09262452547354547
1.4832587242126465 0.7246816158294678 -0.23394641280174255 0.09629301908265438 0.0767828766334744 0.17966328317361632 0.12543612284157596
0.055282965302467346 2.902981758117676 0.5160335898399353 0.045742178800306996 0.022135241908503415 0.10833406162465817 0.11276613958776124
2.547044038772583 3.506497859954834 -0.5784419775009155 0.03541123270505638 0.023899674971378883 0.06931018908120778 0.1757523598726486
1.2221587896347046 4.163121223449707 -0.18244320154190063 0.09481763667870781 0.0793452912658614 0.1700656580987715 0.15278745550924333
0.5511229634284973 2.375444173812866 0.2445906102657318 0.09255297796325862 0.058625809876225524 0.13132396396069052 0.1513027979069231
2.2668113708496094 3.2574400901794434 -0.3053775131702423 0.08498949752857679 0.020509278706317195 0.13467428786320243 0.12215779168373014
-2.167893648147583 -0.09093239903450012 -0.514087975025177 0.10186429409954727 0.036638493769369646 0.13098360918637922 0.12689474735979686
1.0106489658355713 0.7567564845085144 -0.5122683644294739 0.08098153798254104 0.07224253857104498 0.10650697685959618 0.1148897427950259
2.0378541946411133 3.4060120582580566 -0.22519035637378693 0.037026834819283164 0.02870777808220168 0.1459223431340853 0.11695499345433763
0.3039933443069458 2.39018177986145 0.3122851848602295 0.09518384070379911 0.06403557826507905 0.10353341714611673 0.1424592996442685
-1.7274507284164429 0.09475445002317429 -0.44663020968437195 0.07080165236062835 0.06180268149605388 0.1701397152957585 0.09849435075993665
-0.6502366662025452 3.557333469390869 -0.19332796335220337 0.09367532459918876 0.0478166865926508 0.16638140701787607 0.16403166214743267
-1.295656681060791 1.866614818572998 -0.6047208905220032 0.11043884384016059 0.10337871958028737 0.17847976197657367 0.12700559579073115
1.7367181777954102 3.8091723918914795 -0.3287954032421112 0.10822992991914528 0.0320820320142355 0.1768195193276399 0.12912402600637746
0.40165480971336365 3.8563995361328125 -0.1968258023262024 0.08293349230569984 0.05280234929184745 0.1507794157255855 0.13699325065344023
-0.2608840763568878 0.9680349826812744 -0.3967163562774658 0.06217240647888937 0.05065645983947773 0.10611358792097514 0.15540100466955603
-1.159632921218872 3.3428025245666504 -0.4144257605075836 0.09754885812374993 0.04124360243675533 0.1048905107772761 0.1135997907756507
0.25138065218925476 2.9579789638519287 0.23749352991580963 0.09981008320662248 0.07769030447878933 0.17940767046098496 0.17415814209999267
0.8001111149787903 0.6634327173233032 -0.17418509721755981 0.05431812921962894 0.03567007219072327 0.14956544326698898 0.17378737981161743
0.5926955938339233 0.5954517126083374 -0.3613201677799225 0.0759098419198502 0.05215795211912867 0.10325586854593166 0.08100888273425735
-1.9735615253448486 0.3946586549282074 -0.4873262047767639 0.11339378030536064 0.0776694489956925 0.16188548657053534 0.17209947342055068
0.06283754855394363 1.3310253620147705 -0.06134315952658653 0.05556761587897968 0.04121340515211885 0.08487879277968338 0.07976400661937229
-1.1538454294204712 3.373328447341919 -0.3269433379173279 0.08525700749788118 0.07767764507683939 0.08908769852691488 0.17001851283904246
0.32169926166534424 4.687995910644531 -0.4335069954395294 0.04224545875498361 0.03818704275679116 0.14279217176119952 0.05441875670337775
0.7152947783470154 2.3212592601776123 0.26790449023246765 0.042192414403991435 0.029018352052063507 0.04415047864240186 0.1302201042577819
0.2018810361623764 4.030717372894287 -0.21654313802719116 0.05144950152880945 0.043623768555477754 0.09820912062339598 0.07452634120900056
-2.4967010021209717 -1.4587156772613525 -0.3258606195449829 0.07662534528724818 0.05118555323779031 0.08594638085675471 0.13089053333125836
1.233872652053833 2.9218525886535645 -0.541232705116272 0.08191163605608723 0.06721275293605337 0.14000626981793368 0.14004918111393855
-0.3530595302581787 1.409496784210205 -0.4208752512931824 0.0338583253823367 0.02537815641401197 0.11561060427498202 0.16399013401805274
2.365051031112671 2.78313946723938 -0.08758815377950668 0.10306527151348333 0.09693771071285785 0.15762693654040633 0.16103160749538978
1.8602228164672852 2.451493263244629 -0.5733930468559265 0.04359626304499719 0.032457329411874056 0.09206718418807876 0.08840585335367401
0.5206155180931091 1.3836085796356201 -0.33047786355018616 0.04961008763572828 0.020021150639227898 0.14201399157531702 0.05515005729229079
2.2012674808502197 3.1251907348632812 -0.30132240056991577 0.03731675694752551 0.026922901510198986 0.10816068148315312 0.15233663726879396
2.737610340118408 3.3248326778411865 -0.4562159776687622 0.07016801678008329 0.06227924925001847 0.1757969814840212 0.11797848180315579
0.021919647231698036 2.768749475479126 0.5663095116615295 0.03575242603404415 0.032032584963116666 0.14876670899701008 0.08804775303901372
-0.6704682111740112 3.7155392169952393 -0.5131005048751831 0.05913662100967502 0.056154866938758236 0.08106645142341722 0.06348606015657009
1.7402687072753906 1.2159539461135864 -0.4931386411190033 0.10247284107326247 0.044863700631412935 0.10576738537787142 0.14028141959114804
-0.8453890681266785 2.2495999336242676 -0.6114862561225891 0.08901572807588853 0.08508829132683 0.12708950948502673 0.15217502611175887
-1.2665512561798096 1.3890615701675415 -0.612997829914093 0.04170240511182681 0.03829853507556262 0.14561965625413412 0.15879033955753852
0.7638835310935974 2.334423542022705 0.5609937310218811 0.08071139672234129 0.025731392883169106 0.1594338948867616 0.1636174900550575
0.7680214643478394 0.5531817674636841 -0.6038508415222168 0.10210399557746415 0.05010605998745776 0.17588575579296925 0.1296307718650314
0.640713632106781 2.2493443489074707 0.3372424840927124 0.07076087361989042 0.045458163116535416 0.09841166345004984 0.14174001014244028
0.1973220705986023 2.7165069580078125 0.4463452696800232 0.05769011736584789 0.04967519430897955 0.09064532782368322 0.16847232469332157
2.519068479537964 3.247343063354492 -0.58967125415802 0.11102358875200935 0.04216593038487057 0.17536217958420014 0.1466285170390064
-1.6541990041732788 0.5783061981201172 -0.5261027812957764 0.094849434352 0.04127326683715639 0.15110233022560496 0.14251563871281164
-2.897576332092285 -0.809954822063446 -0.46575525403022766 0.07279488598492885 0.05419346608534151 0.10837075234909024 0.1696325857645717
-1.248712182044983 2.5176451206207275 -0.0532376691699028 0.11196573103078779 0.1060114193005228 0.131631972673085 0.1604389522705943
0.6417518854141235 3.473067283630371 -0.05528704822063446 0.08193114255171322 0.05383081883344182 0.1710005917667961 0.10481524320206777
-1.9489802122116089 0.011718220077455044 -0.42282116413116455 0.0826920639250791 0.06668566835949206 0.17292631196964703 0.138617454372848
1.3217082023620605 1.1607558727264404 -0.28713956475257874 0.10679015559771275 0.026420255583961556 0.11448240062377708 0.13452011509844952
-1.0036511421203613 3.8130650520324707 -0.48017141222953796 0.04792163952644851 0.027655964951124375 0.12290761137385638 0.10370353512095026
1.687164545059204 3.2209928035736084 -0.11564915627241135 0.08987015651235636 0.053662023242533816 0.16134016335476384 0.12181101413859707
2.3460328578948975 2.734701633453369 -0.5312585830688477 0.11096881992383965 0.07023939465603596 0.12119531740896994 0.13443074533480692
-0.5227295756340027 1.815133810043335 -0.21251651644706726 0.10129563883134377 0.05846976568510981 0.12857860576981614 0.1270454621147988
-0.8679065704345703 1.0864486694335938 -0.44632959365844727 0.06021502818584176 0.04623819200463335 0.15443536113271794 0.16952269528362768
1.8733769655227661 1.9254875183105469 -0.19920526444911957 0.11117598538589393 0.0884594170925365 0.13210767654636657 0.15021952390326457
0.648869514465332 4.048360347747803 -0.10132972151041031 0.0919470542013417 0.0692070793205797 0.1274470390956596 0.1270532305790723
-0.7362639307975769 0.9867731332778931 -0.1536671221256256 0.07476878737925585 0.03913248758173109 0.1423843998200587 0.10244794338249641
-0.07049937546253204 1.5245401859283447 -0.2841852605342865 0.06480945334341784 0.0347240522764021 0.09613923177408384 0.15964948584358757
-1.8971937894821167 -0.06471098959445953 -0.38054677844047546 0.09234092834251433 0.040429585482805785 0.10119420139661225 0.17558300986025505
-2.2849011421203613 -1.5172468423843384 -0.1192769855260849 0.057936176188218516 0.03796144587492192 0.10022305584457697 0.1247513977726451
0.9121686816215515 3.5829782485961914 -0.49994125962257385 0.0978436460871318 0.07594357541566009 0.10437411353236775 0.12538588230964645
1.1448652744293213 1.0613329410552979 -0.10192394256591797 0.037275990858573804 0.02629966252470327 0.10858604522810326 0.03926523119587476
0.10994795709848404 2.5910706520080566 0.2936708331108093 0.05849124952914554 0.04842014428951559 0.14143264004417555 0.1313684490387374
2.006875514984131 2.0349812507629395 -0.07384487986564636 0.08093612206177045 0.04747588750552709 0.10144391805129452 0.15640341747805286
2.7695693969726562 3.4294850826263428 -0.19232246279716492 0.08103142679962769 0.03515838705049081 0.14178478962925178 0.10074359073014758
1.6812007427215576 1.9321229457855225 -0.368782103061676 0.10963990589323548 0.0961909184894403 0.16037990184946513 0.1576557599674041
-1.0376006364822388 2.598942518234253 -0.42209184169769287 0.06829425853559035 0.03135958405270017 0.06906607309772507 0.0918956198326989
2.731339931488037 3.4826462268829346 -0.05216630548238754 0.0953693985127351 0.024099777091510805 0.11034458168549482 0.13725162183461792
-0.6278955340385437 2.152679443359375 -0.053894396871328354 0.06474630820915524 0.06229776942211049 0.17153893001929071 0.06787009812202942
1.7415916919708252 2.226971387863159 -0.29721707105636597 0.06858248635423742 0.048894867604982295 0.07816467871202132 0.16305337482068477
-0.834667444229126 1.378266453742981 -0.09646724164485931 0.046966339064389996 0.03445075738303484 0.16445481350352273 0.1321780797159693
-1.3619424104690552 0.6936016082763672 -0.11045332998037338 0.09077194704224348 0.0381807886739052 0.17566300920448955 0.16095461372369016
1.1385136842727661 3.8399412631988525 -0.47105300426483154 0.05473630147408613 0.04704335666963185 0.1460680815087987 0.11277011927586633
-0.8048409223556519 4.222273826599121 -0.25670716166496277 0.045771567003512925 0.033050864244766776 0.15891348477905393 0.1736580699640381
1.5263515710830688 3.7006256580352783 -0.208291694521904 0.10002357877512484 0.059671322379183864 0.14947749927092285 0.13717065366049205
-1.883994698524475 -1.6847481727600098 -0.23539014160633087 0.10813705080225398 0.0873504459382955 0.17693226635776627 0.1468133516701317
0.9894039630889893 3.7395102977752686 -0.5369879603385925 0.10347592685744096 0.0421069852910787 0.1564189068124022 0.14011850251974503
0.899679958820343 4.19404411315918 -0.4043556749820709 0.03576747018091142 0.02544838657407995 0.041962864823103546 0.15506303999673107
2.3167543411254883 2.322859525680542 -0.5423368215560913 0.08930610458961069 0.0889803965620641 0.1554852752383567 0.17105528636008469
-0.5391274094581604 2.74173641204834 0.26480504870414734 0.09873688308051744 0.03844745698771182 0.16568515433650755 0.1392207064867255
1.49959135055542 1.0703589916229248 -0.08222149312496185 0.09404797847516844 0.08309064672320082 0.10539653111998293 0.11401911577008594
1.3037400245666504 4.2688727378845215 -0.26235029101371765 0.10612537649137128 0.053306540772708605 0.16220992634325987 0.14910512655337466
-0.1652740091085434 3.892106771469116 -0.5922110080718994 0.06761105459298739 0.06379605485989673 0.11365784279857422 0.09055321387036869
-0.4615195393562317 1.6214340925216675 -0.254865437746048 0.04993388073281914 0.04740622847679786 0.15398698153446133 0.12131948803085109
1.8720356225967407 4.024161338806152 -0.47594648599624634 0.04442683326147236 0.043169544515925765 0.09046318999691128 0.162180336418156
2.069711208343506 1.9758141040802002 -0.47047287225723267 0.043749758287422946 0.021105717939404148 0.14611164917933828 0.14511071601920839
1.0911458730697632 4.371790885925293 -0.3995411694049835 0.07295100191059262 0.06380584388627077 0.1576835661245981 0.08765580561906973
0.35068386793136597 2.9710118770599365 0.34408804774284363 0.051284611808385075 0.03551168830178021 0.1273558622483062 0.14027452015785088
-0.49718335270881653 3.729085922241211 -0.08861538767814636 0.08351959301730427 0.07347027926304943 0.09434521809849597 0.15685536214387813
2.067859411239624 3.107112169265747 -0.4385921061038971 0.10746997949314438 0.08202724800259795 0.15673541162068777 0.17207976831468277
-0.11515235155820847 1.7549235820770264 -0.21650028228759766 0.037557170494173744 0.023039753693617594 0.09941366680996946 0.16035319975738882
-0.778363049030304 1.4073436260223389 -0.3008934259414673 0.06482729237082004 0.06482260539296295 0.16821469150435525 0.15881302756468418
0.474886029958725 1.575338363647461 -0.05452491715550423 0.06395102930706922 0.022782185275491827 0.15077302689860217 0.11553135704427533
-0.22248023748397827 3.97788143157959 -0.08247796446084976 0.08455313923160929 0.064350919455874 0.10051580160798657 0.12691850632821758
-1.1205552816390991 3.300600051879883 -0.5706849694252014 0.08080635447173129 0.023356195869432793 0.15177098967591351 0.15327625343393325
0.6685082316398621 2.748081684112549 0.1346484124660492 0.1074841418396704 0.09736137263548672 0.13888425706799767 0.1642682852431022
-1.767103672027588 0.8133881092071533 -0.15790881216526031 0.09226474602295999 0.08393829880977748 0.14299770606430917 0.15030389451086068
-0.9070413708686829 3.780940294265747 -0.5845307111740112 0.0324486973575804 0.025498193145826322 0.09171980929457862 0.12184480436760844
-2.204069137573242 0.06925541907548904 -0.2830744981765747 0.0651313432017275 0.02135905039023996 0.07164612572696312 0.1473674436422146
2.0506343841552734 2.745785713195801 -0.2848033308982849 0.11921558982061319 0.0693984769484753 0.1279428409195107 0.13596236280053553
1.3793389797210693 1.1659798622131348 -0.6070367097854614 0.09056590546060092 0.06000823269763403 0.11289757328529562 0.1263965827463322
1.760725736618042 1.701821208000183 -0.3789159655570984 0.0629643395524403 0.043612674059149314 0.16824489487947453 0.07257151173502073
-0.7155383825302124 0.9659915566444397 -0.5502885580062866 0.09605390525982635 0.04469748343976229 0.1418420048950914 0.11015432197953527
-0.2791438400745392 1.7480028867721558 -0.18428494036197662 0.10453015389353078 0.03597013661231611 0.13185400028794134 0.14134420534587766
2.135054111480713 3.645670175552368 -0.3439606726169586 0.03531811147487985 0.03396241949309625 0.08214930753603303 0.06792479850343928
1.5902122259140015 1.1212939023971558 -0.5863006711006165 0.06981359349270891 0.02706263190257809 0.1556497124066252 0.08857493970637441
0.2366388440132141 1.0570094585418701 -0.19270218908786774 0.07717395579402167 0.06640518793808117 0.11029805188541043 0.17699873170242358
-1.0402765274047852 1.340075135231018 -0.1674635112285614 0.03872589140890576 0.030966106543857872 0.049801123663430924 0.1326118695621525
0.39764946699142456 3.539062976837158 -0.5623008608818054 0.10650312236033505 0.08128932041027609 0.15578641359328393 0.1178529295424913
1.050745964050293 4.127685546875 -0.21092155575752258 0.07311194963828536 0.04289875014353857 0.12663445246762622 0.10883440846815182
0.04771125316619873 0.9912889003753662 -0.29987287521362305 0.07079677505216841 0.06948098014083244 0.11393136958228306 0.1244355803074283
-1.1901042461395264 3.090597629547119 -0.10375819355249405 0.03762943593259879 0.022971458266869287 0.11962502277653085 0.08280288196954184
0.8171857595443726 2.506127119064331 0.21147842705249786 0.07044918833926023 0.04319536284900485 0.07385071593848368 0.07750030039097437
1.409944772720337 0.9946571588516235 -0.061530329287052155 0.0956046868813417 0.020865380022944892 0.11917627779984358 0.10466985827698477
-1.7345596551895142 -0.26158395409584045 -0.16990253329277039 0.1198150510309805 0.07112238898709397 0.17731777168381024 0.1337758971400217
0.032800134271383286 0.9548282027244568 -0.4199151396751404 0.05337519822596273 0.03428310088827154 0.0877890711913564 0.15050252851125057
-0.11398416012525558 1.4121928215026855 -0.4972395896911621 0.08073517102358933 0.02300944041948858 0.11267404224932673 0.09154623818604267
-0.5186905860900879 1.9756293296813965 -0.2712230682373047 0.05123942987162761 0.046613409351536274 0.13127439184712208 0.15450823947504128
-0.657646656036377 1.5645136833190918 -0.4619678556919098 0.09429196860877118 0.08264215365129532 0.157594563312346 0.11983704293793995
1.3079324960708618 3.6315178871154785 -0.1313442438840866 0.10852654278451095 0.06825831436477586 0.12548732602906804 0.12898837552355172
-2.2518770694732666 0.028824273496866226 -0.23215560615062714 0.0990507018131655 0.07112898005918072 0.16902526866307113 0.14645234026746606
0.25707030296325684 2.157123565673828 0.4240856170654297 0.06126537856103101 0.020740486592400322 0.16083296885499726 0.17100530822550408
-0.21486157178878784 0.8209725022315979 -0.3814221918582916 0.10804507951510814 0.08751584887396471 0.1178291139651541 0.13010174179981465
-1.598463773727417 1.2830106019973755 -0.4274154305458069 0.11188302564402915 0.07940207319539196 0.13475001138465517 0.17915633727888824
1.798995018005371 3.497328042984009 -0.3586135804653168 0.08720855936074937 0.06157618811450505 0.10197347451438032 0.12272786777666783
-0.26479777693748474 0.6558582186698914 -0.21976010501384735 0.06699756822821493 0.028987754091988803 0.0766305095827332 0.12164582438578334
-1.0797808170318604 2.0135974884033203 -0.1815916895866394 0.08345092064190296 0.04844103581400201 0.10165934965401788 0.17484280097820953
-0.8914138078689575 1.777618169784546 -0.4899267256259918 0.04703146760445413 0.03213061261415871 0.059993842662402284 0.12381312169978147
-1.435861587524414 1.4415855407714844 -0.3164370656013489 0.11214108938077076 0.08591938583940043 0.15547309647592683 0.17083788954161327
1.3836466073989868 3.44815731048584 -0.4497484266757965 0.09955384810398195 0.02864937746241642 0.15584873742629488 0.1596978585837902
-0.7620646953582764 2.0545268058776855 -0.5175565481185913 0.0735190169314601 0.02833782028041576 0.1048421772443417 0.10895328076651661
-0.27861231565475464 2.903817892074585 0.4524231255054474 0.09379849527008205 0.059963397234090665 0.13086384341281143 0.17706282081065
0.5575162172317505 2.261476516723633 0.4903525412082672 0.05011567386028775 0.03839187301406556 0.08901665716361207 0.10661751261701444
1.3082650899887085 1.8752347230911255 -0.08153402805328369 0.0721220279672263 0.025367424462285626 0.08830758864556999 0.10653136497987176
-0.5651935935020447 3.732710838317871 -0.4701528549194336 0.1113577389906837 0.08880866701029935 0.14093416725363267 0.15930348971677905
1.8332711458206177 1.8172550201416016 -0.47363343834877014 0.09994374656469572 0.04828982940217029 0.16153391832959865 0.11134164670850807
1.7876157760620117 2.9804680347442627 -0.07135485857725143 0.07915505391269094 0.04628299276118408 0.15144278572432013 0.10015753552285966
-1.4972600936889648 0.592059314250946 -0.6200420260429382 0.10833019591733556 0.04494641521239541 0.11458091034531384 0.1591759826690809
-1.4407017230987549 0.5875572562217712 -0.460520476102829 0.04334189400957718 0.03275207579284936 0.16135586833452564 0.16094388220842282
1.8233025074005127 4.071767807006836 -0.05776754394173622 0.04700256243959859 0.032874932363273233 0.16399733304331365 0.09334861063495054
-2.625479221343994 -1.4518729448318481 -0.48746028542518616 0.04597337531373809 0.044117663178381755 0.12318266364860013 0.09472588838742903
1.5089173316955566 3.9814491271972656 -0.1430547684431076 0.059586296206548664 0.03832447775282579 0.08585082759606767 0.07313315613792735
0.07765346765518188 2.3769543170928955 0.3778160810470581 0.11434180820140284 0.045135271754263476 0.13554952389432157 0.1148354139681938
0.42962849140167236 1.0266573429107666 -0.31061607599258423 0.11435527923295753 0.06684468390029354 0.1704984836959173 0.16938942664032575
0.24851511418819427 0.7027629613876343 -0.26531586050987244 0.041308115758801826 0.023834416494965937 0.06620280843227401 0.15978244077255274
-1.1921803951263428 3.387155532836914 -0.1458428055047989 0.10800933361991015 0.023941476832256912 0.13021475507082297 0.17933947099700034
0.15661373734474182 2.254513740539551 0.4241963326931 0.034256295143047504 0.02197383427249361 0.12284219322603318 0.12390258221724651
1.2268383502960205 3.568871021270752 -0.2024020552635193 0.09981182674477228 0.054218383521734484 0.14477134834121616 0.1554246295109818
1.2905685901641846 1.5853968858718872 -0.09894431382417679 0.05460120938398817 0.03570622465872944 0.07525676703529138 0.14859646378222402
1.7005395889282227 1.2187185287475586 -0.23505227267742157 0.11489975521405116 0.04328937482463213 0.17604538231149827 0.1769467353426325
1.2968484163284302 4.027864456176758 -0.11987154930830002 0.09668556139142022 0.038945097940687345 0.16116523451178258 0.11484937184915467
0.9372481107711792 0.6214598417282104 -0.05320502445101738 0.043040423949776016 0.02051456417672776 0.0435490327440695 0.08046649770611028
0.2932877838611603 2.6127302646636963 0.24810828268527985 0.10466644437320857 0.02406716033949968 0.17535446711489663 0.10936580954625016
-1.3072319030761719 1.391456127166748 -0.23174333572387695 0.0879133668380375 0.07569448306089058 0.10321180561334856 0.11069963106273853
0.6734411120414734 3.728644371032715 -0.12979154288768768 0.08649024399173955 0.057897521758396145 0.1497510768184118 0.11909900132205209
0.9548417329788208 4.246367454528809 -0.42215287685394287 0.09710919391844097 0.05979893767689218 0.15771788047373247 0.14118916319331007
-1.1459473371505737 3.078618288040161 -0.2165565937757492 0.06473346393387533 0.020382983318505823 0.08395728156174898 0.09223201850005616
2.137831449508667 2.4734249114990234 -0.5443631410598755 0.07040564577885791 0.06729447865171435 0.1431600587633624 0.10835072666596948
0.3556668758392334 4.534492492675781 -0.5475319623947144 0.09617303047455805 0.08844382742544767 0.12932652084911161 0.14137860093509247
2.0888102054595947 3.209498643875122 -0.3242523670196533 0.08246164067217182 0.05745264635037162 0.10021146133335855 0.1043774111442507
0.19743242859840393 2.1847150325775146 0.006619784515351057 0.06717345506593494 0.057107678963524325 0.12416131333373304 0.10670952737603288
-1.0708141326904297 2.6095187664031982 -0.11057262122631073 0.03651661017134658 0.02586305518988702 0.05333249282121505 0.14899933468003834
0.23151232302188873 1.239454746246338 -0.3798986077308655 0.08011538776599914 0.07399882017801553 0.10280969741815997 0.16297216652226848
1.5727914571762085 3.445434808731079 -0.061084531247615814 0.05836708973855387 0.02372635456604786 0.05943664429196969 0.06147234337336339
0.7773380875587463 3.805880069732666 -0.11984887719154358 0.04588168768299313 0.03317204400134385 0.08505441368553165 0.04902127346386101
-0.08996888995170593 2.9024627208709717 0.07988085597753525 0.08080788503685302 0.057770811331479335 0.10135245273050658 0.0940265541487799
-0.5606585741043091 3.9170656204223633 -0.5556097030639648 0.04598662760778966 0.029046270129986847 0.12138462586760534 0.0824033029407262
-1.0590894222259521 1.7185710668563843 -0.5954407453536987 0.11705675444084515 0.10153591005639397 0.12656134289363533 0.12689719219577186
-1.36085844039917 -1.9941200017929077 -0.5173813104629517 0.10890413954757852 0.022303322454077696 0.15901066138136022 0.13932592955057954
0.2171710729598999 1.1367744207382202 -0.6195114254951477 0.04429013694147544 0.030154912385431547 0.10969321125645598 0.14444918894411235
-2.9911751747131348 -1.238000512123108 -0.5288272500038147 0.11430739026288354 0.10466922944732662 0.1308168785316473 0.17762852064028584
-0.7666717767715454 3.4555110931396484 -0.5291661024093628 0.10870128571803786 0.029544801234732927 0.1683792271440273 0.15323787300593222
-2.1131815910339355 0.40621161460876465 -0.4970325231552124 0.08583476189371922 0.06005924528500402 0.1250995424984022 0.1322165785957572
-2.2021870613098145 0.5629965662956238 -0.03776770830154419 0.03777268026879388 0.02286470430039201 0.1354287522298674 0.06998525274526503
-0.0690636858344078 4.1594109535217285 -0.1520894169807434 0.08369315739460426 0.03264741340812324 0.14342155067337406 0.10495475408707478
-1.6760632991790771 0.5229649543762207 -0.586882472038269 0.05070589994966622 0.023151912383266204 0.07710961206871723 0.11810051363344183
2.27421236038208 3.643824338912964 -0.2830081284046173 0.04633237230001391 0.041714648514049976 0.15862357147139716 0.16489911006783697
-0.07360326498746872 0.6777902841567993 -0.4219099283218384 0.05805394188544395 0.03435686284794718 0.11787374293106155 0.0719914174038469
2.120591163635254 3.3622381687164307 -0.04753071814775467 0.08132123426163365 0.058617357565474135 0.10657262877734858 0.12806154378400242
0.7673292756080627 2.7069053649902344 0.4486030638217926 0.04517668735504979 0.025446320771975173 0.07392652214500238 0.07095954702969272
0.44817018508911133 2.4182753562927246 0.023060215637087822 0.05817067274370425 0.027026483259811808 0.09861622886463875 0.0923289305652076
0.7723409533500671 1.536156177520752 -0.5446457862854004 0.08007797372648914 0.041449394552830136 0.11528950728942317 0.14137719814358826
1.6276617050170898 2.7597506046295166 -0.5316182971000671 0.09830982197029285 0.0294739321777599 0.11247741987019187 0.13581943599048052
1.4614143371582031 3.982421636581421 -0.0465046651661396 0.09872422234839051 0.08972883329208711 0.13864443516350616 0.15331751478027456
-1.626850962638855 0.9740436673164368 -0.40040308237075806 0.03311966932355296 0.02431695450670677 0.1293126452174464 0.14240632901103864
2.1916136741638184 3.804398775100708 -0.4259127080440521 0.06762140772528424 0.06308916223861104 0.12683959740938638 0.1788385457302395
-0.49706944823265076 3.562537908554077 -0.17587625980377197 0.10638652626141017 0.10044578399149677 0.11954619498653647 0.11546085728955381
1.442195177078247 3.217535972595215 -0.3209126591682434 0.04767145781995599 0.026678650168193437 0.0641241501302843 0.07340376107121924
-0.26627635955810547 1.7902791500091553 -0.03660118579864502 0.09657774938046156 0.023491721073811537 0.11105727920804595 0.1245293896318153
0.8340368270874023 1.1940879821777344 -0.15271009504795074 0.0329347241355089 0.0299747688254364 0.1239075593254707 0.07779954959770373
-0.8733770251274109 1.493509292602539 -0.10134927928447723 0.07917354909429924 0.07265178966492254 0.16781659946932626 0.12925384714364402
-0.028619587421417236 0.8435443043708801 -0.5030959844589233 0.08536748939882949 0.0738658623771844 0.15885029861456293 0.08568598567795004
2.038360595703125 3.2692039012908936 -0.20066401362419128 0.05471630326136216 0.02907287975688247 0.06339414241315254 0.17811112501203036
-0.2179419845342636 2.569223403930664 0.1764187067747116 0.09845045421555033 0.09285293759193892 0.15834050124391286 0.13961932693238377
2.447746753692627 3.1929821968078613 -0.6169960498809814 0.05347488268588041 0.021235196516320616 0.0923524194817209 0.1172289132311106
-0.6170493960380554 3.440558910369873 -0.5058032274246216 0.032141201911887 0.024516641711956142 0.1728525501543166 0.056718137399877855
0.49344196915626526 4.094660758972168 -0.26161643862724304 0.03569413109586243 0.02319013471101703 0.14903256351900573 0.10983496578258996
-0.6995842456817627 1.5826480388641357 -0.5590614080429077 0.08884667287799206 0.0875468291660075 0.09462057882825715 0.1508849443761208
-1.013825535774231 3.465977191925049 -0.05752065032720566 0.08555505882759287 0.07012676069050973 0.17958973745176904 0.12247558557260045
-1.8480823040008545 -0.09836507588624954 -0.2058909386396408 0.06074341362345516 0.05268751193586936 0.11441141974870159 0.11379321539988255
0.0852382704615593 1.5036065578460693 -0.4903263747692108 0.06949491768738078 0.02284608720145959 0.09613520126796239 0.09342478044710174
1.76015043258667 1.7739323377609253 -0.5800568461418152 0.06784839283204298 0.060556755106556906 0.1259146085373197 0.13874439990027657
-2.786000967025757 -1.3591512441635132 -0.2057913839817047 0.08696862758587001 0.025354560433936857 0.15895980280056995 0.11016543270406844
-1.0805789232254028 3.201934576034546 -0.37775418162345886 0.0902634121161647 0.025452253255821376 0.17567302882532315 0.1106095255959457
-2.41241455078125 0.08832106739282608 -0.12245678901672363 0.032389910346817645 0.02488657645311733 0.15022306853932146 0.05549665596465763
1.9488950967788696 2.703662157058716 -0.035132069140672684 0.07332032589488555 0.040433794302564816 0.1439276413227376 0.13310729851136782
0.5008463263511658 0.8069775104522705 -0.5560094118118286 0.10536816975416322 0.030006658172381566 0.15357813081840377 0.1235345452003386
1.7286585569381714 3.980988025665283 -0.384928822517395 0.05303335864802376 0.045391207630861276 0.15774387579051985 0.10518823199336395
2.096752882003784 3.269380807876587 -0.5317140817642212 0.08515110779630769 0.07552162961026417 0.13778429956839372 0.16231443922412744
2.606361150741577 3.695657253265381 -0.2853194773197174 0.11085892105250063 0.09583174716259762 0.1714422617115044 0.11915099770783136
1.7966976165771484 2.8382978439331055 -0.3932558298110962 0.10580590778245409 0.08684605453839293 0.1767923877264902 0.1137342149568434
1.0046659708023071 4.033289909362793 -0.6047112345695496 0.044641697711325964 0.04127971656492062 0.09332691211332393 0.1683541699960332
1.1922967433929443 3.0663633346557617 -0.18198849260807037 0.0921717701947414 0.021721812009585787 0.16214917572235632 0.14558874032716293
-0.11030664294958115 3.6686081886291504 -0.42204025387763977 0.10697453444894724 0.04469957671987659 0.12133571784640951 0.12272983791824109
-0.2886601984500885 3.0603561401367188 0.5322355031967163 0.05214744268079757 0.044940334968488746 0.08885533257078407 0.16099901139918105
0.7791656851768494 0.8537244200706482 -0.027532191947102547 0.03224444516389402 0.021137305314531066 0.0828207697779805 0.143534122524908
0.29501786828041077 1.5438839197158813 -0.5444623827934265 0.11133451089009173 0.07871714020015427 0.16610880793819785 0.13861438009577845
1.5534143447875977 3.3288581371307373 -0.09076884388923645 0.04127741295318525 0.03335157329953128 0.08957308890703397 0.14694250929488778
-0.19203487038612366 0.979848325252533 -0.3155434727668762 0.09012566002440092 0.04467694479515968 0.10976023033203347 0.12304462960772444
1.1551209688186646 4.3525166511535645 -0.6020722389221191 0.08464034257510095 0.051578427247799236 0.11283763218101628 0.15197913942562188
-0.9948535561561584 1.438586711883545 -0.5954779982566833 0.05481277166243238 0.028674059476100112 0.1351890589392761 0.14760625942869074
-1.6419129371643066 0.9182699918746948 -0.4865685701370239 0.11982611992068043 0.07876442085271759 0.13659170262037745 0.15587409544937425
1.4648065567016602 3.012449264526367 -0.1779036819934845 0.0674159763155949 0.04556841156720626 0.06853633242599019 0.15640233733904707
1.271183729171753 4.235138416290283 -0.38547608256340027 0.03699368451721687 0.023519519033546623 0.13196870245308642 0.07349861971277302
1.6644994020462036 2.948307752609253 -0.23955416679382324 0.09874862785503048 0.09374975042303768 0.16140664902078145 0.12385493154317027
1.4215565919876099 3.7133545875549316 -0.11593014746904373 0.05924767987750621 0.039201764920557367 0.11568387713618847 0.13033884544558647
1.7805848121643066 3.546995162963867 -0.5293732285499573 0.05491397472664926 0.022579841532261558 0.15752881702693633 0.09170894817351438
-0.4765286445617676 1.5075407028198242 -0.40799710154533386 0.06238620969273306 0.038844848025595 0.0741960369726303 0.11846259997872532
-1.5111461877822876 1.5143905878067017 -0.2437417060136795 0.0884969184207541 0.06530953685455453 0.14298107782443362 0.1393257467015124
-0.2090299129486084 0.6989253759384155 -0.1041954830288887 0.09448798524705618 0.08187496930174976 0.09941967009273947 0.1015365496254229
0.5695549249649048 2.222996234893799 0.10655072331428528 0.03542426961057172 0.020637148567872937 0.10098307797853043 0.059683106905515385
1.466905951499939 3.537548065185547 -0.5326698422431946 0.08460747650876749 0.06480484752469744 0.1332859722782385 0.16970666464305073
0.35594987869262695 0.8534119129180908 -0.33164164423942566 0.11283923089366577 0.02100093000496879 0.1129373134844891 0.12626060531237157
-2.4028573036193848 0.22984416782855988 -0.23847463726997375 0.03977525082924191 0.024921565227966076 0.0774288386520057 0.1432423817322151
-1.849718689918518 0.7069021463394165 -0.2808603048324585 0.041873384984537056 0.023963759689677514 0.16997746861101715 0.1480873766484838
0.9687687754631042 0.9954401850700378 -0.08908665180206299 0.07123133791370802 0.06503606729168189 0.11661702375940955 0.0978006027735071
2.2697091102600098 2.1681361198425293 -0.5835137367248535 0.061623645585188125 0.059074248477993516 0.07317568478847288 0.06297197173178541
-1.094298005104065 0.9187549948692322 -0.3609446883201599 0.06757894683529952 0.05398054818442968 0.07801852941699451 0.16096525724827054
-1.5903520584106445 0.7088366746902466 -0.3869743347167969 0.04675770426002662 0.04449897238629015 0.11427897732598918 0.05729625005093609
1.25331449508667 2.887608528137207 -0.0403263159096241 0.0689712680493258 0.026173659055565394 0.11089629627792999 0.14150730163696917
0.5802165269851685 0.9573413133621216 -0.22433748841285706 0.1164840172668529 0.0684456818471009 0.16195206443905574 0.16483063652736593
0.8020439147949219 2.1810824871063232 0.20389285683631897 0.11069783883492554 0.06946966256668904 0.11119598022415815 0.12209582420579
-0.16624704003334045 1.6620272397994995 -0.5556885600090027 0.04688409934893706 0.04650230237627999 0.09331037527406924 0.12469347302745798
-3.05340838432312 -1.1404860019683838 -0.047982264310121536 0.03218138469108937 0.024475727230762065 0.1334877340841175 0.08615677948716788
-2.0441997051239014 0.5470718741416931 -0.3642677664756775 0.09503064429274255 0.05336005935202523 0.14852413069259662 0.1495770738476169
0.48021364212036133 1.2488691806793213 -0.2812630534172058 0.11669074577325603 0.032229014559806576 0.15093024826647544 0.1674780527924488
-1.1521735191345215 3.3901078701019287 -0.3708227574825287 0.06693225801718658 0.029273313343885374 0.16259679380979492 0.11820187537460179
1.215822696685791 1.8608801364898682 -0.40695518255233765 0.09270950628828628 0.02760195763933069 0.16510805743478912 0.14118599886135744
1.4337096214294434 2.6862425804138184 -0.6259518265724182 0.08302639074743835 0.03680703294158835 0.12248139318072188 0.09347166755243
1.948617935180664 2.3113999366760254 -0.31295958161354065 0.11777493157400655 0.031185919150774403 0.14918060530041202 0.14299105361215148
-0.2784736752510071 2.5529630184173584 0.1194208562374115 0.056546058411359755 0.051801074605908756 0.12614465904491662 0.08186096818598462
-1.134856939315796 2.3263630867004395 -0.3455803692340851 0.047524685961823514 0.042267792378303595 0.05761372888204558 0.06900385694410031
1.784339189529419 4.055356979370117 -0.3852388262748718 0.10944007960381497 0.08526707462300402 0.16590451646170265 0.1291077565277963
0.27016738057136536 4.3436808586120605 -0.0298619382083416 0.04976027907590911 0.029144379341489876 0.1762991654202658 0.05268842262233325
-2.8681013584136963 -0.74477618932724 -0.38100141286849976 0.05275501824235987 0.05206446197488494 0.16677773720862027 0.10118882290179192
-0.6016759872436523 2.5804059505462646 0.4871772825717926 0.05237335724667098 0.028666722121394428 0.16081931053950904 0.14346474821360605
-1.481671690940857 0.9127025008201599 -0.1625756323337555 0.04967904459966305 0.0387619576608421 0.08984227350726706 0.07488258502271083
-1.7199723720550537 0.06262196600437164 -0.3099042475223541 0.05756727876804715 0.046459171720001 0.08612153702962864 0.13634486540569205
0.730475664138794 2.577265501022339 0.36711838841438293 0.07138746048561151 0.023223351414582802 0.12519375945460062 0.1519550097232449
-2.135772228240967 0.2574266791343689 -0.2527898848056793 0.05262947156158774 0.046546829397186136 0.10835886959764317 0.05471296706690401
-1.1763317584991455 1.4703115224838257 -0.6196357607841492 0.06715292825074463 0.05050161751681402 0.09186878323738976 0.07753880776249666
-1.1923134326934814 2.363295078277588 -0.07874234765768051 0.05561771928593965 0.04376145992115783 0.17000338231087353 0.17552955865733902
-1.236483097076416 1.3701181411743164 -0.5449333190917969 0.08803058869395192 0.04234379542085007 0.17281647403603573 0.17755182945911888
1.5571670532226562 2.6627485752105713 -0.2393438071012497 0.09517517840088961 0.02836862068173141 0.17740832471770873 0.17823746840511873
-0.9437898397445679 1.274533987045288 -0.1468476951122284 0.10785055326250526 0.05137601712824963 0.17616888593903304 0.14926588152909137
0.13849647343158722 0.45259785652160645 -0.16082420945167542 0.07136256614557021 0.06958619513613115 0.16604565935939117 0.13723597822080402
-0.5169205665588379 2.7309391498565674 0.016167953610420227 0.0636982204035671 0.03512631393756459 0.06839241235861698 0.09401690638894342
-2.107800245285034 0.8517208695411682 -0.6183974742889404 0.09985917277209355 0.04834361204855071 0.1758861941839666 0.13030835026299512
-0.37034872174263 1.0171196460723877 -0.03587977588176727 0.05515365296786095 0.02442635662042261 0.09683716199941791 0.06269146302541674
-0.0161743201315403 1.2220609188079834 -0.48472726345062256 0.06672304845485486 0.037155503375634565 0.11440733879163026 0.07119144925971559
1.3721483945846558 3.142810106277466 -0.2194114476442337 0.05133730510525901 0.047456241175688446 0.08092955863623652 0.11129493787446298
-0.7123897075653076 3.7328858375549316 -0.11059064418077469 0.04350477632036688 0.02541379065957109 0.1684059855400412 0.1082406728767769
-0.5166898965835571 1.20133376121521 -0.41159775853157043 0.08090495935816372 0.0669925092426864 0.1389554093723845 0.11236226342391227
-0.6270879507064819 1.9352655410766602 -0.3583202660083771 0.0513990621856497 0.03753283461843454 0.07642421242657665 0.10360484511269825
-1.4742538928985596 1.1373857259750366 -0.03942972049117088 0.07432773983360934 0.04125458835084174 0.08872490138252609 0.11749724993855411
-1.5220744609832764 0.45690834522247314 -0.49662864208221436 0.10307123927433486 0.0853642066982532 0.17686384151218967 0.1657035830310355
-0.8722118139266968 3.891333818435669 -0.5322399139404297 0.05938486391976324 0.04889265731868406 0.08587664520012617 0.11216440408682159
-0.3891776204109192 3.1491334438323975 0.4126375913619995 0.06292013427477744 0.026531340269646063 0.08888407286694161 0.1269894482745585
0.3023832142353058 1.1827313899993896 -0.14640189707279205 0.10287295414888929 0.03304570777029629 0.11090264901302556 0.12459930205345943
1.0322476625442505 3.6974544525146484 -0.2753151059150696 0.11458151518268446 0.03826303066689157 0.1561257523896486 0.16936009547751643
0.5679898262023926 0.9387105107307434 -0.4848015606403351 0.059216415511942955 0.03754173142710021 0.09128012045805725 0.08682990034664585
1.8244976997375488 1.943786382675171 -0.048006534576416016 0.04640202481080667 0.036017663550845916 0.1550483821794462 0.10094426183473271
0.5082807540893555 4.201661586761475 -0.5783443450927734 0.08800149754039652 0.06089337102954265 0.13452137247903656 0.1212278088617035
0.5082657337188721 1.216772198677063 -0.4699416756629944 0.08756908280718667 0.06583917837833979 0.08931967262444888 0.14827904136764666
0.9150266051292419 2.478660821914673 0.5192528367042542 0.033784396130835656 0.027279766422635104 0.07769252082476394 0.09909315276525849
-0.22174625098705292 3.6103315353393555 -0.3693084716796875 0.09584564302217659 0.08440224232555303 0.17540402587533108 0.15967980399353437
-0.22659991681575775 3.989255905151367 -0.40369293093681335 0.05973891721838066 0.04266413493410204 0.13730310219481306 0.13512492766693623
1.4087281227111816 3.9041457176208496 -0.6222848296165466 0.04552480538500463 0.044242947385979225 0.12953653398032222 0.10234308728922809
-0.014933641068637371 2.5755770206451416 0.3018234670162201 0.08402226139639896 0.06506598972049844 0.13529333549572556 0.1594178051286645
0.794974684715271 4.2789740562438965 -0.42867401242256165 0.051115842450887156 0.04677539503044938 0.10626065434935494 0.1114801505192726
-0.8559574484825134 1.8650246858596802 -0.38398459553718567 0.11211781756561409 0.041196899977750036 0.16158396102754394 0.15728086206370254
-1.2062935829162598 1.008164882659912 -0.29234808683395386 0.07155837674269708 0.050040363616993544 0.09934350902755608 0.08183444970789971
1.4885406494140625 3.2794132232666016 -0.5120540261268616 0.092051426691408 0.08028423950642107 0.16474708778897312 0.17627179214703104
0.6947258114814758 1.9757611751556396 0.18131259083747864 0.08629252323444336 0.02263645363426771 0.15246566627271535 0.12127982243050209
-0.2262074053287506 4.005860328674316 -0.14220105111598969 0.06469519703762106 0.02146446719716099 0.12671974987231227 0.16036545891355503
0.8927226066589355 2.5508272647857666 0.0029470250010490417 0.05760459479179676 0.03150227008165616 0.10035062627081093 0.1570888866942929
-0.566230058670044 1.271341323852539 -0.4454104006290436 0.07783950121703459 0.04301782276545199 0.12718321786027298 0.16218816533226293
-3.08752703666687 -1.0014406442642212 -0.2917809784412384 0.0654338833468415 0.05411993532433973 0.16195926175658135 0.09605423705944505
-1.8408875465393066 0.9126504063606262 -0.1254136711359024 0.03415109849788232 0.02634263044306538 0.05601811504327872 0.05356070333897518
0.553799569606781 2.022777557373047 0.06095760688185692 0.06115950088872931 0.034525061852939715 0.17442174180333322 0.15375585437225883
1.0069247484207153 1.5251868963241577 -0.5717183351516724 0.08470956036014304 0.04322730804846162 0.12607737251873177 0.1512691770479473
-0.4416578710079193 3.962498903274536 -0.39274129271507263 0.05844580528909141 0.03316424281507009 0.07023227172767788 0.11558806255803786
-1.5845314264297485 0.9061047434806824 -0.5279009342193604 0.11772264758516528 0.07300030485566701 0.15407111876887075 0.14578356954111546
-0.7387661933898926 4.157012462615967 -0.04019521549344063 0.10991361183232774 0.04010114508056153 0.1218663896961285 0.11170586836520677
1.9967442750930786 3.9412055015563965 -0.09847210347652435 0.07893263049648441 0.06881319205439643 0.10729998067521881 0.1356313473700987
-0.7190062403678894 1.8137508630752563 -0.4587969481945038 0.11718663565575657 0.03499390815877975 0.1396447834585971 0.12714811198535067
-0.4422488808631897 3.90836238861084 -0.3267080783843994 0.08124013774608094 0.025776449150359718 0.13099063051246854 0.1607010290377459
-2.148146629333496 -1.574924111366272 -0.06439071148633957 0.09787462040666713 0.0691870518716556 0.17198043918645387 0.12104151354806181
0.8781853914260864 2.553114891052246 0.48614591360092163 0.10293094775684858 0.0596550778020421 0.17308115955176465 0.13699143391597499
-1.7568359375 -0.1749894767999649 -0.15528537333011627 0.07058657228862489 0.049964955400620396 0.0766487516296573 0.09462325944708184
-1.4413400888442993 1.0869736671447754 -0.22010008990764618 0.07919629786156128 0.03057959397126376 0.08262982847477768 0.09415239780460848
-1.109067678451538 1.60685133934021 -0.47691741585731506 0.08870635049560535 0.08072718978225439 0.1680830784661296 0.1486393344719463
1.0967092514038086 3.0205090045928955 -0.28138551115989685 0.10224950498384557 0.09909129269402184 0.16338536036847254 0.14013837114948022
0.1673053801059723 0.5124021172523499 -0.3605148494243622 0.06954571229506733 0.02636702958290289 0.1593388620568017 0.13337212119841388
2.339644432067871 3.2038538455963135 -0.5456938743591309 0.08762306432030273 0.06350150918814541 0.14802765139537544 0.1710009439032344
1.4870684146881104 2.59395432472229 -0.5540089011192322 0.0707249224298416 0.0699274519207494 0.15021638739603338 0.10738513134607813
-0.36450666189193726 2.3993523120880127 0.2132086306810379 0.043753344295726464 0.026338523620330977 0.15645931254471548 0.08779295165216644
1.8281768560409546 3.6664204597473145 -0.18793779611587524 0.10445342753203544 0.03421691744656289 0.15389162893987318 0.15205978610357723
-0.42177408933639526 3.965383291244507 -0.45577916502952576 0.03796593051210373 0.0316105768202961 0.07534422798097669 0.09312677366729262
0.32318100333213806 4.038103103637695 -0.10472790151834488 0.1186246851186048 0.08086136326239121 0.16118057730542912 0.1374777130761239
1.163542628288269 3.086465835571289 -0.4699830114841461 0.0955787110152797 0.057894125458860926 0.16356758692074602 0.1780054252557416
-1.5767184495925903 1.4100204706192017 -0.5837063193321228 0.05116868675361385 0.020812463629101014 0.09903257603684931 0.14682599890112247
1.739117980003357 2.51629900932312 -0.04118143767118454 0.07958111465432663 0.059312441005831426 0.0988631892961133 0.10230912654831364
-0.8701202273368835 -2.213712692260742 -0.0321996733546257 0.08727161224166133 0.034797794079002735 0.10811522683305504 0.10954162242892004
0.5411180853843689 1.2035787105560303 -0.5778990983963013 0.11451505249066937 0.1110669777434698 0.16964140493774163 0.13811867445980244
-0.584923267364502 3.432851552963257 -0.5551344156265259 0.041676325877582424 0.025324168288030226 0.0644630715156194 0.0454118156218183
0.7476868033409119 2.4056649208068848 0.4170919358730316 0.10571289685629412 0.05983240522473314 0.15264310399489048 0.16320292245456192
-1.6118671894073486 0.9627435207366943 -0.46458446979522705 0.04996520944618592 0.033344755767805 0.15289058785626009 0.11802462120455555
2.4104745388031006 2.779474973678589 -0.11007262766361237 0.10898891211412652 0.03795797054252222 0.15489453872794623 0.15602017229835768
-0.6248674988746643 1.5855110883712769 -0.1641606241464615 0.1075541079686792 0.02835485436706304 0.12244613571774873 0.17490122568465552
1.9008857011795044 2.1401686668395996 -0.27242138981819153 0.03633175109315634 0.032911623267608166 0.17261406222951559 0.09194508838289639
1.38457453250885 2.9129083156585693 -0.4684547185897827 0.06904456415936604 0.02060929101194178 0.13615805009209025 0.15558151370444492
-1.5111868381500244 0.9531363844871521 -0.3015066385269165 0.03835511180827139 0.027542703322303103 0.07031610618010274 0.08967940004285763
-0.8872136473655701 2.3115499019622803 -0.03447461500763893 0.07889153762063594 0.05818761204522109 0.16528312576341578 0.11228129926303368
1.713267207145691 1.801750898361206 -0.5058879852294922 0.04956034438102852 0.027075056971223137 0.17953237610932032 0.12096437466059536
2.0824427604675293 2.1199398040771484 -0.5202106833457947 0.09220514338236643 0.08126575189175964 0.16139889103609306 0.16303432678699736
-2.3341803550720215 0.571326732635498 -0.08002170920372009 0.07141831910991517 0.03460760806317959 0.14600914764429557 0.12468809793530262
-0.1628672331571579 2.349797010421753 0.35110366344451904 0.036133061405325184 0.0345801665868236 0.130693367069544 0.14505455834451098
-1.2293239831924438 3.275026321411133 -0.6126284599304199 0.10206553342223199 0.07188936479672153 0.15946042582488024 0.1681029221026959
1.7173606157302856 3.167419910430908 -0.5032381415367126 0.08833733182069793 0.08415094515622053 0.12583720979624685 0.15637080242138712
-0.1261768788099289 2.408306121826172 0.27362552285194397 0.05608911228109567 0.025569000966493637 0.1217447576873077 0.17123526758013213
-1.0122556686401367 1.2424678802490234 -0.39978083968162537 0.03701981182164568 0.02822912850182791 0.14213676025262056 0.04996926900539459
0.5538293719291687 1.3039345741271973 -0.5457445979118347 0.08803653342230802 0.053089788707412905 0.17673695753752067 0.1588642081127643
-0.022732948884367943 3.903832197189331 -0.24463872611522675 0.11285069120544987 0.043692073798924105 0.12629037516242375 0.13635373114309313
