0 0.6027 -2.1681 0.0367001 -0 0.707107 -0 0.707107
1 0.6022 -2.1681 0.0368 0.000198553 0.707157 -0.00211407 0.707159
2 0.6016 -2.1682 0.0371 -0.000119781 0.707154 -0.00455289 0.707168
3 0.601 -2.1682 0.0372 -7.03032e-05 0.707159 -0.00686776 0.707191
4 0.6004 -2.1683 0.0374001 -0.000108312 0.70712 -0.00895912 0.707176
5 0.5998 -2.1683 0.0376 -0.0002223 0.707047 -0.010984 0.707132
6 0.5992 -2.1683 0.0377 -0.000419632 0.707022 -0.0126929 0.707136
7 0.5986 -2.1683 0.0378 -0.000565065 0.706983 -0.0141672 0.707125
8 0.5981 -2.1683 0.0379 -0.000583528 0.706935 -0.0156661 0.707109
9 0.5974 -2.1684 0.0381001 -0.000799023 0.706978 -0.0165996 0.707173
10 0.597 -2.1684 0.0383 -0.000728466 0.706918 -0.0179935 0.707147
11 0.5965 -2.1686 0.0386 -0.000426511 0.706856 -0.0192756 0.707118
12 0.5957 -2.1689 0.0388 0.00118008 0.706853 -0.0213685 0.707176
13 0.5953 -2.1691 0.039 0.00169077 0.706768 -0.0225723 0.707131
14 0.5949 -2.1693 0.0393 0.00253457 0.706742 -0.0236653 0.707142
15 0.5945 -2.1695 0.0395999 0.00326756 0.706728 -0.0247018 0.707166
16 0.5941 -2.1697 0.0398 0.00408974 0.706706 -0.0256347 0.707182
17 0.5938 -2.1699 0.0401 0.00503225 0.70663 -0.0264835 0.707143
18 0.5936 -2.17 0.0403001 0.0063105 0.70661 -0.0272224 0.707162
19 0.5933 -2.1701 0.0406 0.00728271 0.70663 -0.02795 0.707218
20 0.5931 -2.1703 0.0409 0.00838915 0.70655 -0.0284265 0.70717
21 0.5928 -2.1704 0.0412 0.0097112 0.706508 -0.0289578 0.707167
22 0.5926 -2.1706 0.0415 0.011259 0.706485 -0.0291887 0.707176
23 0.5924 -2.1709 0.0418 0.0128968 0.706451 -0.0293145 0.707176
24 0.5922 -2.1711 0.042 0.0144718 0.706465 -0.0292931 0.707218
25 0.592 -2.1713 0.0423 0.0158756 0.706398 -0.0292006 0.707178
26 0.5917 -2.1714 0.0426 0.0173692 0.70632 -0.0290028 0.707129
27 0.5914 -2.1715 0.0429 0.018665 0.706267 -0.0288507 0.707103
28 0.5912 -2.1716 0.0431999 0.0199601 0.70621 -0.028698 0.707075
29 0.5909 -2.1717 0.0436 0.0209971 0.706232 -0.0284461 0.707116
30 0.5906 -2.1719 0.044 0.0221401 0.706229 -0.0282535 0.70714
31 0.5904 -2.1721 0.0444 0.0235541 0.706175 -0.0279386 0.70712
32 0.5903 -2.1723 0.0448 0.0248406 0.7061 -0.0272729 0.707063
33 0.5901 -2.1725 0.0451 0.026131 0.706102 -0.0265408 0.707084
34 0.59 -2.1727 0.0455 0.0272862 0.706171 -0.0257428 0.707166
35 0.5898 -2.1729 0.0458 0.0281793 0.706148 -0.0251683 0.707158
36 0.5897 -2.173 0.0460999 0.0288592 0.706196 -0.0242804 0.707201
37 0.5895 -2.1731 0.0464 0.0294708 0.70617 -0.0231841 0.707164
38 0.5893 -2.1732 0.0467 0.0298827 0.706221 -0.0217461 0.707186
39 0.5891 -2.1734 0.047 0.0300453 0.706215 -0.0203108 0.707145
40 0.5888 -2.1735 0.0474 0.0300575 0.706347 -0.018768 0.707234
41 0.5886 -2.1736 0.0477 0.0301256 0.706343 -0.0174372 0.707199
42 0.5885 -2.1737 0.048 0.0301918 0.706334 -0.0161061 0.707162
43 0.5885 -2.1739 0.0484 0.0301477 0.706344 -0.0147143 0.70714
44 0.5879 -2.174 0.0488 0.0292086 0.70646 -0.0120399 0.707166
45 0.5876 -2.1741 0.0492 0.0286274 0.706535 -0.0100017 0.707184
46 0.5874 -2.1742 0.0495 0.0277236 0.706568 -0.00804802 0.707157
47 0.5872 -2.1743 0.0499 0.0269919 0.706668 -0.00616583 0.707209
48 0.587 -2.1744 0.0502 0.0259033 0.706708 -0.00442472 0.707195
49 0.5867 -2.1745 0.0506 0.0247504 0.706697 -0.00206386 0.707133
50 0.5864 -2.1746 0.051 0.0238202 0.706717 0.000275787 0.707119
51 0.5862 -2.1746 0.0514 0.0224133 0.706812 0.0024461 0.70717
52 0.586 -2.1746 0.0517 0.0207284 0.706836 0.00477107 0.707156
53 0.5857 -2.1747 0.052 0.0189808 0.706888 0.00724143 0.707179
54 0.5854 -2.1748 0.0523 0.0169255 0.706906 0.00984767 0.707176
55 0.5851 -2.1749 0.0527 0.014681 0.706939 0.0124363 0.7072
56 0.5849 -2.1751 0.053 0.0124459 0.706931 0.0146335 0.707191
57 0.5846 -2.1752 0.0533 0.01011 0.706925 0.0169186 0.707198
58 0.5843 -2.1753 0.0536 0.00766323 0.70683 0.0191607 0.707131
59 0.584 -2.1755 0.0539999 0.0056054 0.706772 0.0211945 0.707112
60 0.5837 -2.1756 0.0543 0.00362903 0.706752 0.023238 0.707143
61 0.5834 -2.1757 0.0546 0.00152481 0.706639 0.0252068 0.70709
62 0.5829 -2.1758 0.0549 -0.000740809 0.706636 0.0273248 0.707164
63 0.5825 -2.176 0.0552 -0.00324345 0.706541 0.0292295 0.707153
64 0.5821 -2.1761 0.0555 -0.00603537 0.706462 0.0307846 0.707157
65 0.5817 -2.1763 0.0557 -0.00860092 0.706339 0.031995 0.707115
66 0.5813 -2.1763 0.0559 -0.0112999 0.706286 0.033587 0.707173
67 0.5806 -2.1764 0.0562 -0.0144748 0.706032 0.0361808 0.707106
68 0.5803 -2.1765 0.0564 -0.0168513 0.705911 0.0377593 0.70712
69 0.58 -2.1767 0.0566 -0.0192434 0.705896 0.0388502 0.707225
70 0.5797 -2.1769 0.0569 -0.0216187 0.705657 0.0398668 0.707113
71 0.5793 -2.1773 0.0572 -0.0243251 0.705476 0.0409292 0.70708
72 0.5789 -2.1775 0.0574 -0.0267685 0.705394 0.0419434 0.707146
73 0.5785 -2.1776 0.0576 -0.028948 0.705255 0.0428392 0.707147
74 0.5781 -2.1777 0.0578 -0.0312885 0.705085 0.043942 0.707145
75 0.5777 -2.1779 0.058 -0.0333288 0.704877 0.0447664 0.707083
76 0.5773 -2.1784 0.0585 -0.0339806 0.70482 0.0468202 0.70719
77 0.5769 -2.1782 0.0584 -0.0371943 0.704642 0.0463789 0.707145
78 0.5765 -2.1789 0.0589 -0.0376693 0.704522 0.0487582 0.70721
79 0.5762 -2.1784 0.0589999 -0.0414242 0.704193 0.0487296 0.707091
80 0.5757 -2.1787 0.0592 -0.0431665 0.704052 0.0496835 0.707122
81 0.5754 -2.1789 0.0595 -0.0447339 0.703878 0.0508431 0.707128
82 0.575 -2.1791 0.0598 -0.0464145 0.703696 0.0518563 0.707129
83 0.5751 -2.1788 0.0604001 -0.0488654 0.703506 0.0527546 0.707171
84 0.5745 -2.1794 0.0606 -0.0496738 0.703423 0.0536725 0.707213
85 0.5743 -2.1797 0.061 -0.0510156 0.7032 0.054576 0.707157
86 0.5741 -2.1805 0.0617 -0.0508353 0.703088 0.0567606 0.707204
87 0.574 -2.1803 0.062 -0.0531783 0.702889 0.0567042 0.707174
88 0.5739 -2.1805 0.0625 -0.0538756 0.702671 0.0578784 0.707105
89 0.5739 -2.1807 0.063 -0.0540558 0.702598 0.0593736 0.707171
90 0.5738 -2.181 0.0636 -0.0542252 0.702452 0.0605007 0.707135
91 0.5738 -2.1812 0.0641 -0.0542245 0.702361 0.0617707 0.707153
92 0.5738 -2.1813 0.0645 -0.0543126 0.702279 0.0629374 0.707182
93 0.5738 -2.1815 0.0649 -0.0540137 0.702186 0.0636964 0.707134
94 0.5739 -2.1816 0.0653 -0.0536584 0.702211 0.064283 0.707186
95 0.5739 -2.1816 0.0657 -0.0534162 0.702239 0.0647243 0.707234
96 0.5739 -2.1816 0.0661 -0.0531533 0.702134 0.0652045 0.707155
97 0.574 -2.1816 0.0665 -0.0527055 0.702161 0.0654637 0.707172
98 0.574 -2.1817 0.0668999 -0.0525065 0.70208 0.0658832 0.707116
99 0.574 -2.1817 0.0674 -0.051981 0.702095 0.0660095 0.707104
100 0.574 -2.1817 0.0678 -0.0513805 0.702143 0.0662625 0.707131
101 0.5741 -2.1817 0.0682 -0.0509405 0.702235 0.0661145 0.707177
102 0.5737 -2.1816 0.0686 -0.0512528 0.702169 0.0665594 0.707176
103 0.5738 -2.1819 0.0690999 -0.0501315 0.702179 0.0666775 0.707117
104 0.5738 -2.1817 0.0693 -0.0502231 0.702399 0.065589 0.707239
105 0.5739 -2.1817 0.0697 -0.0497571 0.702376 0.0650498 0.707134
106 0.5739 -2.1817 0.07 -0.0490391 0.702536 0.0645246 0.707195
107 0.574 -2.1818 0.0704 -0.0482576 0.702669 0.0640615 0.70723
108 0.574 -2.1818 0.0707 -0.0475441 0.702681 0.0635363 0.707148
109 0.5741 -2.1818 0.0711 -0.0468586 0.702826 0.0627347 0.707174
110 0.5741 -2.1818 0.0715 -0.046066 0.702821 0.0620795 0.707059
111 0.5741 -2.1818 0.0718 -0.0454822 0.702962 0.06137 0.7071
112 0.5741 -2.1819 0.0722 -0.0450006 0.703103 0.0607514 0.707156
113 0.5741 -2.1819 0.0726001 -0.044514 0.703162 0.0601952 0.707136
114 0.5742 -2.1819 0.073 -0.0439504 0.70335 0.0592696 0.707209
115 0.5743 -2.1819 0.0733999 -0.0435259 0.703432 0.0586505 0.707213
116 0.5744 -2.1819 0.0738 -0.0431012 0.703514 0.0580314 0.707217
117 0.5744 -2.1819 0.0743 -0.0424618 0.703588 0.0574668 0.707207
118 0.5743 -2.1819 0.0747999 -0.0419868 0.703548 0.0571687 0.707114
119 0.5743 -2.1818 0.0752 -0.0415294 0.70364 0.0568256 0.707151
120 0.5742 -2.1818 0.0756 -0.0412364 0.703618 0.056749 0.707106
121 0.5742 -2.1817 0.0761 -0.0408673 0.70366 0.0564794 0.707105
122 0.5742 -2.1818 0.0765 -0.0405368 0.703742 0.0561863 0.707143
123 0.5742 -2.1821 0.0772 -0.039324 0.703802 0.0568143 0.707185
124 0.5742 -2.1816 0.0774 -0.0401999 0.703767 0.0556417 0.707107
125 0.5742 -2.1816 0.0779 -0.03953 0.703931 0.0552905 0.707204
126 0.5743 -2.1816 0.0783999 -0.0390091 0.703991 0.0550115 0.707214
127 0.5744 -2.1815 0.0789 -0.0384396 0.703933 0.0550542 0.707128
128 0.5745 -2.1815 0.0794 -0.0381404 0.703991 0.0551507 0.707177
129 0.5746 -2.1816 0.0801 -0.0371183 0.703923 0.0560054 0.707122
130 0.5747 -2.1816 0.0805001 -0.0367725 0.703941 0.0563614 0.70715
131 0.5746 -2.1815 0.0809 -0.0366005 0.70399 0.0565086 0.707202
132 0.5747 -2.1815 0.0814 -0.0360636 0.703907 0.056941 0.707126
133 0.5747 -2.1815 0.0819999 -0.0356155 0.703918 0.0572072 0.707136
134 0.5748 -2.1815 0.0825 -0.0350563 0.703925 0.0576178 0.707148
135 0.5749 -2.1815 0.0831 -0.0343698 0.703939 0.0579777 0.707158
136 0.575 -2.1815 0.0836 -0.033613 0.703923 0.058637 0.70716
137 0.5751 -2.1815 0.0842 -0.0328666 0.703879 0.0593703 0.707142
138 0.575 -2.1818 0.0848999 -0.0319168 0.703716 0.061074 0.707081
139 0.5752 -2.1814 0.0855999 -0.0325992 0.703707 0.0617332 0.707161
140 0.5752 -2.1813 0.0861 -0.0324208 0.703575 0.0626653 0.707103
141 0.5751 -2.1815 0.0867 -0.0317914 0.703563 0.0639281 0.707176
142 0.5755 -2.1816 0.0877001 -0.0309369 0.703383 0.0657178 0.707123
143 0.5754 -2.1811 0.0882 -0.0322812 0.703377 0.0660611 0.707209
144 0.5754 -2.1813 0.0891 -0.0317727 0.703058 0.0684108 0.707092
145 0.5754 -2.181 0.0897 -0.032624 0.703042 0.0691727 0.707189
146 0.5753 -2.1812 0.0904 -0.0320396 0.702847 0.0709156 0.707141
147 0.5757 -2.1813 0.0915 -0.0314271 0.702626 0.073123 0.707119
148 0.5754 -2.1808 0.0919 -0.0331499 0.702496 0.0733352 0.70709
149 0.5754 -2.1811 0.093 -0.0325567 0.702362 0.0753371 0.707141
150 0.5753 -2.1808 0.0934999 -0.0341557 0.702307 0.0750879 0.707135
151 0.5749 -2.1808 0.0941999 -0.0354288 0.702139 0.0763193 0.707162
152 0.5751 -2.1807 0.095 -0.0361425 0.702092 0.0766843 0.707191
153 0.5747 -2.1806 0.0957 -0.0374044 0.701866 0.0779037 0.707165
154 0.5747 -2.1806 0.0965 -0.0382903 0.701668 0.0787326 0.707109
155 0.5746 -2.1805 0.0973 -0.0392324 0.701569 0.0796765 0.707167
156 0.5744 -2.1811 0.0981 -0.0385857 0.701425 0.081299 0.707173
157 0.5741 -2.1812 0.0988 -0.0395228 0.701314 0.0822466 0.707224
158 0.5742 -2.1806 0.0994 -0.042246 0.701069 0.0825879 0.707179
159 0.5741 -2.1806 0.1002 -0.0431474 0.700913 0.0835603 0.707193
160 0.574 -2.1805 0.1009 -0.0444511 0.700629 0.0847085 0.707129
161 0.5738 -2.1805 0.1017 -0.0456495 0.700415 0.0859407 0.707142
162 0.5737 -2.1806 0.1024 -0.0462911 0.700162 0.0874133 0.707114
163 0.5735 -2.1806 0.1033 -0.04702 0.699922 0.0887852 0.707096
164 0.5734 -2.1806 0.104 -0.0481123 0.699768 0.0901031 0.707182
165 0.5732 -2.1806 0.1047 -0.0490866 0.699446 0.091208 0.707074
166 0.573 -2.1807 0.1054 -0.0496108 0.699309 0.0925962 0.707155
167 0.5728 -2.1807 0.1062 -0.0505976 0.69906 0.0940981 0.707177
168 0.5726 -2.1808 0.107 -0.0514632 0.698788 0.095743 0.707191
169 0.5724 -2.1808 0.1078 -0.0525641 0.698538 0.0971052 0.70721
170 0.5721 -2.1808 0.1086 -0.0538243 0.698227 0.0983253 0.707166
171 0.5719 -2.1809 0.1094 -0.054778 0.698001 0.0994445 0.707173
172 0.5717 -2.181 0.1102 -0.0556819 0.697749 0.100843 0.707193
173 0.5714 -2.181 0.111 -0.0568245 0.697369 0.102402 0.707134
174 0.5712 -2.181 0.1119 -0.0578127 0.697121 0.103704 0.707158
175 0.5709 -2.181 0.1127 -0.0591704 0.696729 0.105218 0.707109
176 0.5706 -2.181 0.1134 -0.0605375 0.696454 0.106484 0.707143
177 0.5703 -2.181 0.1142 -0.0617611 0.696124 0.10813 0.707174
178 0.57 -2.181 0.115 -0.0632001 0.695722 0.109549 0.707124
179 0.5697 -2.181 0.1159 -0.0646924 0.695405 0.110871 0.707153
180 0.5695 -2.181 0.1167 -0.0664817 0.694973 0.112297 0.707119
181 0.5693 -2.181 0.1175 -0.0678879 0.694706 0.113323 0.707154
182 0.5691 -2.181 0.1183 -0.0693358 0.694295 0.114511 0.707084
183 0.5688 -2.1809 0.1191 -0.0708994 0.694095 0.115538 0.707206
184 0.5683 -2.1809 0.12 -0.0722521 0.69385 0.116194 0.707211
185 0.5681 -2.181 0.1207 -0.0733345 0.693428 0.117382 0.707107
186 0.5679 -2.1809 0.1214 -0.0747831 0.693027 0.11872 0.707089
187 0.5676 -2.1808 0.1222 -0.0760236 0.692774 0.119896 0.707169
188 0.5675 -2.1808 0.1229 -0.0769351 0.692427 0.121034 0.707124
189 0.5674 -2.1807 0.1236 -0.078422 0.692197 0.121929 0.707214
190 0.5666 -2.1804 0.1241 -0.0798071 0.691591 0.123861 0.707114
191 0.5662 -2.1803 0.1248 -0.0815277 0.691308 0.1249 0.707214
192 0.5658 -2.1802 0.1254 -0.0832995 0.690852 0.125673 0.707114
193 0.5654 -2.1801 0.126 -0.0850725 0.690489 0.126437 0.707106
194 0.5651 -2.18 0.1265 -0.0865079 0.690179 0.126963 0.707073
195 0.5646 -2.1798 0.1271 -0.0883926 0.689841 0.128005 0.707162
196 0.5641 -2.1795 0.1277 -0.0901497 0.689496 0.128955 0.707218
197 0.5637 -2.1794 0.1283 -0.0914978 0.689108 0.129766 0.707163
198 0.5633 -2.1793 0.1288 -0.0929768 0.688834 0.130428 0.707209
199 0.5629 -2.1793 0.1294 -0.0945167 0.68843 0.131236 0.707171
200 0.5625 -2.1792 0.1299 -0.0960308 0.688143 0.131474 0.707141
201 0.562 -2.179 0.1305 -0.097863 0.68772 0.132138 0.707105
202 0.5614 -2.1788 0.1309 -0.0999137 0.687464 0.132366 0.707184
203 0.5609 -2.1786 0.1314 -0.102041 0.687015 0.132506 0.70708
204 0.5604 -2.1786 0.1319 -0.103905 0.686685 0.132788 0.707083
205 0.5598 -2.1785 0.1324 -0.106165 0.686283 0.133257 0.707117
206 0.5593 -2.1785 0.1329 -0.108042 0.685849 0.13392 0.707105
207 0.5589 -2.1785 0.1334 -0.109644 0.685646 0.13411 0.707189
208 0.5583 -2.1783 0.1338 -0.111941 0.685197 0.134479 0.707183
209 0.5576 -2.1781 0.1343 -0.114647 0.684608 0.134797 0.707109
210 0.5569 -2.1778 0.1347 -0.117402 0.684246 0.134866 0.707221
211 0.5563 -2.1777 0.1352 -0.119641 0.683701 0.135093 0.707115
212 0.5557 -2.1775 0.1356 -0.122065 0.683171 0.135495 0.707095
213 0.5552 -2.1774 0.1361 -0.123924 0.682896 0.135586 0.707168
214 0.5545 -2.1773 0.1365 -0.126088 0.682507 0.135533 0.707164
215 0.5539 -2.1772 0.1369 -0.128232 0.68205 0.135659 0.707134
216 0.5533 -2.1771 0.1374 -0.129994 0.681737 0.135846 0.707188
217 0.5527 -2.1772 0.1378 -0.131926 0.681338 0.135847 0.707163
218 0.5519 -2.1772 0.1382 -0.133891 0.68093 0.135796 0.707131
219 0.5512 -2.1772 0.1386 -0.135905 0.680613 0.13569 0.707187
220 0.5505 -2.1771 0.1389 -0.137862 0.680262 0.135197 0.707136
221 0.5498 -2.177 0.1392 -0.139869 0.680001 0.134648 0.707173
222 0.5491 -2.177 0.1395 -0.142025 0.679597 0.134083 0.707108
223 0.5483 -2.1769 0.1398 -0.144189 0.679323 0.133325 0.707139
224 0.5476 -2.1769 0.14 -0.145799 0.679131 0.132585 0.707146
225 0.5468 -2.177 0.1402 -0.147886 0.678915 0.131486 0.707165
226 0.546 -2.1771 0.1405 -0.150026 0.678735 0.130155 0.707197
227 0.5453 -2.1772 0.1407 -0.152418 0.678539 0.128447 0.707207
228 0.5446 -2.1771 0.1409 -0.154198 0.678409 0.126722 0.707158
229 0.5438 -2.177 0.141 -0.15589 0.6784 0.124895 0.707194
230 0.5432 -2.177 0.1412 -0.157818 0.678215 0.12321 0.70715
231 0.5425 -2.1769 0.1413 -0.159883 0.6781 0.121285 0.707171
232 0.5417 -2.1769 0.1414 -0.161716 0.678005 0.119411 0.707178
233 0.5408 -2.177 0.1416 -0.163523 0.677814 0.117611 0.70711
234 0.5399 -2.1772 0.1418 -0.165153 0.677756 0.115885 0.707148
235 0.539 -2.1772 0.1419 -0.167059 0.677636 0.113972 0.707169
236 0.5381 -2.1771 0.1419 -0.169268 0.677442 0.111809 0.707163
237 0.5372 -2.1771 0.1421 -0.171289 0.677247 0.109911 0.707166
238 0.5364 -2.1769 0.142 -0.173586 0.677135 0.106756 0.707135
239 0.5354 -2.176 0.1417 -0.178037 0.676639 0.10235 0.707116
240 0.5345 -2.1759 0.1418 -0.179946 0.676397 0.100261 0.70707
241 0.5334 -2.176 0.1419 -0.181989 0.676188 0.0985243 0.707147
242 0.5324 -2.1761 0.142 -0.183548 0.675981 0.096651 0.707095
243 0.5313 -2.176 0.1421 -0.18567 0.675788 0.094362 0.707153
244 0.5304 -2.1761 0.1423 -0.186826 0.675726 0.0925498 0.707159
245 0.5293 -2.1761 0.1422 -0.189173 0.675456 0.0893305 0.707112
246 0.5283 -2.1763 0.1423 -0.190997 0.67531 0.0870328 0.707175
247 0.5272 -2.1764 0.1423 -0.192724 0.675157 0.0848287 0.707229
248 0.5263 -2.1766 0.1424 -0.193684 0.675105 0.0827607 0.707197
249 0.5253 -2.1764 0.1424 -0.195492 0.674876 0.0802896 0.707191
250 0.5243 -2.1769 0.1426 -0.195708 0.674941 0.0792358 0.707195
251 0.5232 -2.1766 0.1425 -0.19913 0.674307 0.0754617 0.707133
252 0.522 -2.1766 0.1425 -0.20146 0.673887 0.073003 0.707134
253 0.5209 -2.1766 0.1426 -0.203504 0.673433 0.0710107 0.707085
254 0.5197 -2.1767 0.1427 -0.205817 0.673003 0.0689589 0.707141
255 0.5184 -2.1767 0.1428 -0.208117 0.672513 0.0667348 0.707134
256 0.5171 -2.1769 0.1428 -0.210344 0.672039 0.0649614 0.707178
257 0.5159 -2.177 0.1428 -0.212843 0.671477 0.0630716 0.70722
258 0.5147 -2.1769 0.1429 -0.215389 0.670739 0.0611726 0.707125
259 0.5135 -2.177 0.143 -0.218045 0.670094 0.0593285 0.70717
260 0.5122 -2.1773 0.1431 -0.22119 0.669209 0.0576625 0.70717
261 0.511 -2.1776 0.1432 -0.224071 0.66836 0.0560378 0.707144
262 0.5097 -2.1777 0.1432 -0.226452 0.667713 0.0542257 0.70715
263 0.5083 -2.1776 0.1434 -0.229341 0.666899 0.0518779 0.707136
264 0.5068 -2.1777 0.1434 -0.232655 0.665776 0.0506367 0.707072
265 0.5054 -2.1779 0.1435 -0.235847 0.664789 0.0494329 0.707115
266 0.504 -2.1781 0.1436 -0.23891 0.663729 0.0484109 0.707077
267 0.5026 -2.1784 0.1437 -0.241739 0.662873 0.0479382 0.707202
268 0.5011 -2.1787 0.1437 -0.244668 0.661729 0.0476217 0.707118
269 0.4997 -2.1787 0.1437 -0.248284 0.660431 0.0467986 0.70711
270 0.4982 -2.1789 0.1438 -0.251784 0.659271 0.0462791 0.707229
271 0.4967 -2.1791 0.1439 -0.255131 0.657901 0.0459031 0.707129
272 0.4952 -2.1794 0.144 -0.258603 0.656653 0.0456654 0.707214
273 0.4936 -2.1795 0.1441 -0.262 0.655317 0.0450997 0.707189
274 0.4921 -2.1797 0.1442 -0.265431 0.653925 0.0448722 0.707166
275 0.4905 -2.18 0.1444 -0.26957 0.652209 0.0449294 0.707151
276 0.489 -2.1802 0.1446 -0.273261 0.65063 0.0450402 0.707121
277 0.4876 -2.1805 0.1447 -0.276047 0.649532 0.0452902 0.707208
278 0.486 -2.1808 0.1448 -0.279439 0.64803 0.0455966 0.707182
279 0.4843 -2.1809 0.1449 -0.283057 0.646348 0.0458395 0.707099
280 0.4827 -2.1812 0.1451 -0.286293 0.644884 0.0464918 0.707107
281 0.4808 -2.1816 0.1455 -0.289919 0.643233 0.0475169 0.707148
282 0.4792 -2.1818 0.1457 -0.293224 0.641604 0.047948 0.707062
283 0.4777 -2.1819 0.1457 -0.296283 0.640233 0.0483308 0.70712
284 0.4762 -2.182 0.1458 -0.299663 0.638688 0.0485757 0.707163
285 0.4744 -2.1824 0.1458 -0.303213 0.63701 0.0482812 0.707143
286 0.4728 -2.1829 0.1463 -0.306038 0.635429 0.0503303 0.707081
287 0.4713 -2.1828 0.1464 -0.309464 0.633838 0.0503145 0.707142
288 0.4697 -2.1829 0.1464 -0.31206 0.632566 0.0507319 0.707173
289 0.4676 -2.1829 0.1464 -0.31599 0.630415 0.0521809 0.707104
290 0.466 -2.1831 0.1465 -0.319768 0.628475 0.05243 0.707095
291 0.4647 -2.1833 0.1466 -0.32284 0.626907 0.0527436 0.707121
292 0.4632 -2.1834 0.1468 -0.325269 0.625732 0.0531546 0.707222
293 0.4617 -2.1835 0.1468 -0.327472 0.62461 0.0522795 0.707182
294 0.4599 -2.1837 0.1469 -0.331776 0.622195 0.0535757 0.707157
295 0.4583 -2.1839 0.147 -0.335316 0.620216 0.0538293 0.707109
296 0.4567 -2.1843 0.1471 -0.338934 0.618268 0.0544212 0.707172
297 0.4551 -2.1846 0.1474 -0.34177 0.616606 0.0548541 0.707121
298 0.4534 -2.1848 0.1474 -0.345538 0.614629 0.0546026 0.707208
299 0.4517 -2.1851 0.1476 -0.34895 0.612656 0.0545022 0.707165
300 0.4501 -2.1853 0.1477 -0.352156 0.610804 0.0543227 0.707139
301 0.4485 -2.1855 0.1478 -0.355585 0.608902 0.0543773 0.707217
302 0.4467 -2.1858 0.148 -0.358488 0.607217 0.0540386 0.707208
303 0.445 -2.1858 0.1481 -0.361442 0.605428 0.0535119 0.70714
304 0.4434 -2.186 0.1482 -0.364933 0.603463 0.0529128 0.707205
305 0.4419 -2.1861 0.1483 -0.368048 0.601527 0.0520762 0.707112
306 0.4402 -2.1861 0.1485 -0.370988 0.599777 0.0514382 0.707115
307 0.4385 -2.1865 0.1487 -0.374275 0.597757 0.0509344 0.7071
308 0.437 -2.1869 0.1489 -0.377427 0.595924 0.0502632 0.707178
309 0.4353 -2.1869 0.149 -0.380497 0.593966 0.0492191 0.707105
310 0.4337 -2.1869 0.1492 -0.383706 0.592107 0.0479723 0.707191
311 0.4321 -2.1871 0.1494 -0.38662 0.590234 0.047494 0.707181
312 0.4306 -2.1872 0.1496 -0.389551 0.588291 0.0464465 0.707103
313 0.429 -2.1873 0.1498 -0.392726 0.586338 0.0450835 0.707147
314 0.4274 -2.1875 0.15 -0.395961 0.584203 0.0445414 0.70715
315 0.4257 -2.1877 0.1501 -0.398493 0.582534 0.0440119 0.707162
316 0.4243 -2.1876 0.1503 -0.400721 0.581038 0.0433947 0.707152
317 0.4228 -2.1872 0.1505 -0.404961 0.578286 0.0412502 0.707183
318 0.4214 -2.1877 0.1506 -0.407366 0.576598 0.0402193 0.707128
319 0.4199 -2.1879 0.1509 -0.409744 0.57492 0.0398595 0.707116
320 0.4179 -2.1875 0.1515 -0.414293 0.57166 0.0402471 0.707145
321 0.4163 -2.1874 0.1517 -0.417312 0.569507 0.0397346 0.707153
322 0.4148 -2.1873 0.152 -0.420099 0.567423 0.0390661 0.707093
323 0.4133 -2.1873 0.1523 -0.423446 0.565062 0.038817 0.707182
324 0.4119 -2.1873 0.1526 -0.426532 0.562669 0.0390576 0.707143
325 0.4103 -2.1873 0.1531 -0.429451 0.560395 0.0390408 0.707104
326 0.4084 -2.1873 0.1537 -0.433003 0.557804 0.0383658 0.707182
327 0.4071 -2.1872 0.1541 -0.435022 0.556191 0.0378811 0.707127
328 0.4058 -2.1871 0.1544 -0.437576 0.554141 0.0375874 0.707079
329 0.4043 -2.1871 0.1547 -0.440661 0.551798 0.0386395 0.707214
330 0.4026 -2.1873 0.1552 -0.443323 0.549401 0.04044 0.707116
331 0.401 -2.1873 0.1557 -0.446218 0.546937 0.0415323 0.707091
332 0.3994 -2.1876 0.1563 -0.449196 0.544488 0.0428396 0.707162
333 0.3979 -2.1877 0.1568 -0.452033 0.542004 0.044144 0.707142
334 0.3963 -2.1878 0.1573 -0.455072 0.539343 0.0456552 0.707153
335 0.3947 -2.1879 0.1579 -0.457823 0.53696 0.0472241 0.707215
336 0.3931 -2.1877 0.1584 -0.460016 0.534884 0.0480518 0.707125
337 0.3917 -2.1876 0.1589 -0.46184 0.533249 0.0486286 0.707119
338 0.3904 -2.1876 0.1594 -0.463809 0.531585 0.0494362 0.707206
339 0.389 -2.1876 0.1601 -0.465718 0.52981 0.05059 0.707211
340 0.3875 -2.1877 0.1607 -0.467682 0.527776 0.0524479 0.707126
341 0.386 -2.1876 0.1615 -0.470215 0.525297 0.0545526 0.707118
342 0.3846 -2.1876 0.162 -0.472126 0.523716 0.0548392 0.707235
343 0.3829 -2.1875 0.1627 -0.474065 0.521758 0.0561164 0.707188
344 0.3813 -2.1876 0.1634 -0.476092 0.519656 0.0575791 0.707123
345 0.3799 -2.1877 0.1641 -0.477736 0.518018 0.0591405 0.707157
346 0.3784 -2.1877 0.1648 -0.479408 0.516338 0.060539 0.707177
347 0.377 -2.1877 0.1655 -0.480993 0.514635 0.0614814 0.707097
348 0.3755 -2.1876 0.1661 -0.482824 0.513042 0.0613546 0.707173
349 0.3739 -2.1876 0.167 -0.48486 0.51074 0.0638491 0.707123
350 0.3726 -2.1876 0.1677 -0.486281 0.509301 0.0649771 0.707161
351 0.3712 -2.1877 0.1685 -0.488047 0.50752 0.0660466 0.707195
352 0.3697 -2.1878 0.1693 -0.489258 0.506203 0.0663923 0.707125
353 0.3682 -2.1879 0.1701 -0.491064 0.504226 0.0691379 0.70722
354 0.367 -2.1879 0.1708 -0.492006 0.503152 0.0696384 0.707163
355 0.3655 -2.1878 0.1717 -0.493652 0.501488 0.0702317 0.707186
356 0.3638 -2.188 0.1727 -0.495276 0.49951 0.0725411 0.707156
357 0.3624 -2.1881 0.1735 -0.49676 0.497787 0.0740291 0.707137
358 0.361 -2.1883 0.1742 -0.497568 0.496932 0.0753065 0.707232
359 0.3597 -2.1882 0.175 -0.499014 0.495519 0.0741553 0.707144
360 0.3582 -2.1882 0.1759 -0.500194 0.494047 0.0756674 0.70711
361 0.3567 -2.1884 0.1768 -0.501719 0.492337 0.077158 0.707156
362 0.3553 -2.1886 0.1777 -0.503131 0.490593 0.0786809 0.707118
363 0.354 -2.1888 0.1786 -0.504395 0.489169 0.0794468 0.707118
364 0.3525 -2.1888 0.1794 -0.505254 0.488312 0.0794657 0.707139
365 0.3508 -2.1889 0.1803 -0.506526 0.486839 0.0802813 0.707126
366 0.3493 -2.1892 0.1812 -0.507649 0.485579 0.0811981 0.707167
367 0.3479 -2.1894 0.1821 -0.50911 0.483985 0.0816981 0.707181
368 0.3465 -2.1894 0.1829 -0.510936 0.482119 0.0810493 0.707151
369 0.3449 -2.1895 0.1838 -0.512614 0.480435 0.0806671 0.707174
370 0.3436 -2.1897 0.1849 -0.514186 0.478787 0.0810636 0.707237
371 0.3416 -2.1898 0.1859 -0.514706 0.477919 0.0820285 0.707147
372 0.3407 -2.1896 0.1867 -0.515996 0.47692 0.0800372 0.707182
373 0.3389 -2.1901 0.1877 -0.518271 0.474246 0.0813208 0.707193
374 0.3374 -2.1902 0.1887 -0.519732 0.472623 0.0812062 0.707167
375 0.3359 -2.1902 0.1896 -0.520802 0.471411 0.081537 0.707183
376 0.334 -2.1903 0.1909 -0.521638 0.470215 0.0830742 0.707181
377 0.3328 -2.1906 0.1918 -0.523708 0.467958 0.0821751 0.707115
378 0.3314 -2.1911 0.193 -0.525516 0.465994 0.0821279 0.707151
379 0.3299 -2.1909 0.1939 -0.527251 0.46414 0.0819564 0.707199
380 0.3284 -2.1911 0.1949 -0.528613 0.462409 0.0827678 0.707177
381 0.3267 -2.1919 0.1963 -0.530496 0.45988 0.0844289 0.707139
382 0.3253 -2.1914 0.1971 -0.53158 0.458987 0.082277 0.70712
383 0.3238 -2.1916 0.1981 -0.533232 0.457221 0.081962 0.707178
384 0.3222 -2.1919 0.1993 -0.534895 0.455185 0.082821 0.707217
385 0.3208 -2.1921 0.2004 -0.536364 0.453464 0.0828366 0.707224
386 0.3196 -2.1921 0.2015 -0.537032 0.452857 0.081089 0.707148
387 0.3177 -2.1925 0.2025 -0.539291 0.449921 0.0820662 0.70711
388 0.3164 -2.1927 0.2036 -0.540957 0.448262 0.0814125 0.70724
389 0.3147 -2.1928 0.2045 -0.542536 0.446047 0.0822892 0.707159
390 0.3131 -2.1931 0.2058 -0.543653 0.444762 0.0820937 0.707182
391 0.3112 -2.1936 0.207 -0.54624 0.441289 0.0833437 0.707149
392 0.3103 -2.1936 0.2079 -0.546303 0.441638 0.0809652 0.70714
393 0.3089 -2.1937 0.209 -0.547996 0.439661 0.0799231 0.707104
394 0.3074 -2.1938 0.21 -0.54945 0.438175 0.0788724 0.707183
395 0.3057 -2.1941 0.2111 -0.550584 0.436714 0.0789601 0.707172
396 0.3043 -2.1944 0.2122 -0.551703 0.435303 0.0789077 0.707169
397 0.3028 -2.1946 0.2133 -0.553069 0.433608 0.0784454 0.707146
398 0.3013 -2.1949 0.2144 -0.554027 0.432413 0.0778223 0.7071
399 0.2998 -2.1952 0.2154 -0.555009 0.431354 0.0772742 0.707157
400 0.2983 -2.1954 0.2164 -0.556066 0.430002 0.0773238 0.707168
401 0.2968 -2.1958 0.2177 -0.557108 0.428521 0.0781203 0.707176
402 0.2953 -2.1961 0.2189 -0.557976 0.427509 0.0774407 0.707173
403 0.2939 -2.1964 0.2199 -0.558826 0.426559 0.0765609 0.707175
404 0.2924 -2.1967 0.221 -0.559631 0.425504 0.0766762 0.707187
405 0.2909 -2.1971 0.2224 -0.560654 0.423458 0.079836 0.707126
406 0.2894 -2.1973 0.2233 -0.561727 0.422659 0.0770026 0.707179
407 0.288 -2.1975 0.2244 -0.562815 0.421399 0.075764 0.70716
408 0.2866 -2.1978 0.2253 -0.563477 0.420722 0.0745263 0.707153
409 0.285 -2.1983 0.2267 -0.564626 0.418814 0.0765458 0.707153
410 0.2837 -2.1986 0.2278 -0.565506 0.4177 0.075753 0.707116
411 0.2825 -2.1991 0.2288 -0.566566 0.416306 0.0761439 0.707177
412 0.2808 -2.1994 0.23 -0.56751 0.415161 0.0745138 0.707098
413 0.2795 -2.1997 0.2312 -0.568325 0.413916 0.0750552 0.707081
414 0.278 -2.2 0.2323 -0.569296 0.412717 0.0744482 0.707096
415 0.2764 -2.2001 0.2334 -0.57012 0.411692 0.0735954 0.707075
416 0.275 -2.2004 0.2344 -0.571328 0.410341 0.0729533 0.707185
417 0.2737 -2.2008 0.2356 -0.572291 0.409074 0.0724878 0.707182
418 0.2724 -2.2011 0.2367 -0.573465 0.407514 0.0717342 0.707158
419 0.2707 -2.2015 0.2379 -0.574352 0.406316 0.0717854 0.70719
420 0.2692 -2.2019 0.2391 -0.575289 0.404942 0.071911 0.707178
421 0.2679 -2.2022 0.2402 -0.575958 0.404079 0.0719297 0.707225
422 0.2665 -2.2024 0.2413 -0.576918 0.402675 0.071802 0.707198
423 0.265 -2.2027 0.2425 -0.57794 0.401237 0.070835 0.707126
424 0.2635 -2.203 0.2436 -0.578774 0.400154 0.0706714 0.707172
425 0.2622 -2.2033 0.2448 -0.579441 0.399084 0.0712926 0.707175
426 0.2611 -2.2039 0.2461 -0.580509 0.397559 0.0708838 0.707155
427 0.2598 -2.204 0.247 -0.581949 0.395696 0.0697764 0.707179
428 0.2584 -2.2044 0.2482 -0.582613 0.394769 0.0696559 0.707194
429 0.257 -2.2045 0.2493 -0.583503 0.393561 0.0691736 0.707206
430 0.2555 -2.205 0.2504 -0.584196 0.392314 0.0700417 0.707174
431 0.254 -2.2052 0.2517 -0.585383 0.390558 0.0700771 0.707186
432 0.2527 -2.2055 0.2529 -0.586432 0.389097 0.0690726 0.707155
433 0.2515 -2.2058 0.254 -0.587275 0.387946 0.0685242 0.707167
434 0.2502 -2.2062 0.2551 -0.588261 0.386305 0.0693353 0.707167
435 0.2487 -2.2064 0.2562 -0.589155 0.384832 0.0693585 0.707118
436 0.2473 -2.2065 0.2572 -0.589851 0.383686 0.0695097 0.707093
437 0.2462 -2.2067 0.2582 -0.59065 0.382689 0.0687559 0.70714
438 0.2449 -2.207 0.2594 -0.591605 0.381279 0.0685974 0.707159
439 0.2436 -2.2072 0.2605 -0.59229 0.380067 0.0688975 0.707115
440 0.2424 -2.2074 0.2615 -0.593181 0.379003 0.0681734 0.707207
441 0.2412 -2.2076 0.2625 -0.593574 0.378349 0.0676265 0.707144
442 0.24 -2.2081 0.2636 -0.594003 0.377558 0.0682554 0.707142
443 0.2387 -2.2084 0.2648 -0.594707 0.376541 0.0686199 0.707215
444 0.2375 -2.2085 0.2658 -0.5954 0.375516 0.0678524 0.707184
445 0.2363 -2.2088 0.2669 -0.596043 0.374487 0.0674664 0.707149
446 0.2352 -2.209 0.2679 -0.596337 0.373939 0.0677019 0.707132
447 0.2339 -2.2094 0.2691 -0.596822 0.373196 0.0673453 0.707116
448 0.2326 -2.2096 0.2701 -0.597428 0.372203 0.0673828 0.70711
449 0.2317 -2.2098 0.271 -0.597858 0.371773 0.0664541 0.707153
450 0.2307 -2.2101 0.2721 -0.598115 0.371544 0.0658299 0.707186
451 0.2296 -2.2104 0.2732 -0.598509 0.371054 0.0654707 0.707223
452 0.2285 -2.2105 0.2743 -0.598358 0.371405 0.0632772 0.707099
453 0.2274 -2.2107 0.2753 -0.598624 0.371038 0.0631507 0.707117
454 0.226 -2.2112 0.2762 -0.599455 0.369515 0.0644273 0.707136
455 0.2247 -2.2111 0.2772 -0.599933 0.368842 0.0637588 0.70713
456 0.2236 -2.2115 0.2782 -0.600607 0.367769 0.0637951 0.707144
457 0.222 -2.2119 0.2792 -0.601524 0.366008 0.0649491 0.70712
458 0.221 -2.2118 0.2802 -0.601523 0.366343 0.0635105 0.707156
459 0.2201 -2.2121 0.2812 -0.601934 0.365795 0.0627271 0.707152
460 0.2191 -2.2123 0.2822 -0.602192 0.365519 0.0618069 0.707148
461 0.2179 -2.2133 0.2833 -0.603248 0.363372 0.0632827 0.707084
462 0.217 -2.2129 0.2842 -0.603042 0.364135 0.0611072 0.707106
463 0.2159 -2.2132 0.2851 -0.60355 0.3635 0.0608376 0.707177
464 0.2152 -2.2132 0.2862 -0.603427 0.363992 0.0586956 0.707149
465 0.2138 -2.2136 0.287 -0.60427 0.362436 0.0600417 0.707178
466 0.2127 -2.2139 0.288 -0.60465 0.361789 0.0598584 0.707159
467 0.2114 -2.2143 0.289 -0.605337 0.360405 0.0609256 0.707135
468 0.2105 -2.2143 0.2898 -0.605492 0.360377 0.059642 0.707142
469 0.2095 -2.2144 0.2907 -0.605777 0.360066 0.0587833 0.707155
470 0.2086 -2.2146 0.2916 -0.606051 0.359847 0.0577415 0.707186
471 0.2076 -2.2149 0.2926 -0.606201 0.359468 0.0577368 0.707131
472 0.2065 -2.2153 0.2936 -0.606525 0.358843 0.0587181 0.707166
473 0.2053 -2.2159 0.2945 -0.606263 0.359186 0.0593275 0.707167
474 0.2042 -2.216 0.2953 -0.606552 0.358701 0.0589642 0.707142
475 0.2034 -2.2158 0.2962 -0.607464 0.357521 0.0571352 0.707172
476 0.2024 -2.2163 0.2972 -0.607383 0.35751 0.0581004 0.707175
477 0.2015 -2.2163 0.298 -0.607971 0.356504 0.0574023 0.707125
478 0.2003 -2.2166 0.299 -0.608165 0.356218 0.0578037 0.707171
479 0.1993 -2.2167 0.2997 -0.60847 0.355794 0.0569967 0.707157
480 0.1983 -2.2169 0.3007 -0.608343 0.355903 0.0570654 0.707116
481 0.1975 -2.2171 0.3016 -0.608418 0.355915 0.05659 0.707143
482 0.1966 -2.2175 0.3025 -0.608601 0.355598 0.0568254 0.707158
483 0.1956 -2.2179 0.3032 -0.608825 0.354976 0.0576377 0.707112
484 0.1946 -2.2181 0.3041 -0.609095 0.354621 0.0583611 0.707207
485 0.1935 -2.2183 0.305 -0.609265 0.354208 0.0580951 0.707139
486 0.1926 -2.2185 0.3058 -0.609547 0.353715 0.0577319 0.70711
487 0.1917 -2.2187 0.3066 -0.609732 0.353628 0.057318 0.70718
488 0.1908 -2.219 0.3075 -0.609746 0.353291 0.0580185 0.707097
489 0.1897 -2.2188 0.3085 -0.610857 0.35151 0.0580778 0.70716
490 0.1886 -2.219 0.3093 -0.611252 0.350625 0.0587735 0.707126
491 0.1876 -2.2192 0.3101 -0.611625 0.350016 0.0589219 0.707154
492 0.1867 -2.2193 0.3108 -0.611742 0.349842 0.059007 0.707172
493 0.1859 -2.2196 0.3116 -0.612144 0.34925 0.0584166 0.707177
494 0.1848 -2.2199 0.3125 -0.612647 0.34822 0.0588785 0.707149
495 0.1839 -2.2201 0.3133 -0.613165 0.347159 0.0593692 0.707123
496 0.1829 -2.2203 0.3141 -0.61362 0.346261 0.0605229 0.707166
497 0.1819 -2.2204 0.3149 -0.614079 0.345409 0.0602239 0.70713
498 0.181 -2.2204 0.3156 -0.614549 0.344634 0.0596113 0.707112
499 0.18 -2.2204 0.3163 -0.615087 0.34391 0.0588209 0.707153
500 0.1789 -2.2206 0.3171 -0.615708 0.342637 0.059713 0.707151
501 0.1779 -2.2208 0.3179 -0.616266 0.341572 0.0607916 0.707202
502 0.1771 -2.221 0.3187 -0.616802 0.340351 0.0615167 0.707154
503 0.1763 -2.2211 0.3195 -0.617248 0.339553 0.0613486 0.707146
504 0.1755 -2.2212 0.3202 -0.617601 0.338993 0.0616304 0.707199
505 0.1745 -2.2213 0.3209 -0.617939 0.33817 0.0618971 0.707137
506 0.1735 -2.2215 0.3216 -0.618573 0.336875 0.062363 0.707118
507 0.1723 -2.2216 0.3225 -0.619149 0.33568 0.0633566 0.707137
508 0.1714 -2.2218 0.3233 -0.619753 0.334421 0.0644015 0.70716
509 0.1706 -2.2218 0.324 -0.620173 0.333538 0.0645401 0.70713
510 0.1698 -2.2219 0.3246 -0.620646 0.332518 0.0651569 0.707123
511 0.1689 -2.2221 0.3253 -0.621168 0.331267 0.0664329 0.707115
512 0.1679 -2.2222 0.3262 -0.621757 0.329941 0.0673382 0.707101
513 0.1668 -2.2222 0.3269 -0.622362 0.328783 0.0677498 0.707128
514 0.1659 -2.2222 0.3277 -0.622838 0.327876 0.0683411 0.707173
515 0.1651 -2.2223 0.3284 -0.623102 0.32727 0.06863 0.707156
516 0.1642 -2.2224 0.3291 -0.623515 0.326251 0.069662 0.707151
517 0.1632 -2.2225 0.3299 -0.624039 0.324832 0.07116 0.707117
518 0.1623 -2.2225 0.3306 -0.624698 0.3232 0.0724749 0.707091
519 0.1614 -2.2225 0.3311 -0.625455 0.321732 0.0729993 0.707134
520 0.1606 -2.2225 0.332 -0.626071 0.320496 0.0734491 0.707159
521 0.1599 -2.2225 0.3324 -0.626559 0.319712 0.0722448 0.707121
522 0.1589 -2.2225 0.3334 -0.627154 0.318193 0.0732268 0.707075
523 0.1578 -2.2223 0.3341 -0.627896 0.316533 0.0744122 0.707105
524 0.1568 -2.2223 0.3347 -0.628647 0.315074 0.0750836 0.707175
525 0.1559 -2.2223 0.3354 -0.629186 0.313886 0.0757656 0.707195
526 0.1551 -2.2223 0.336 -0.629681 0.312712 0.0758574 0.707138
527 0.1542 -2.2224 0.3367 -0.630453 0.310827 0.0772525 0.707144
528 0.1536 -2.2225 0.3374 -0.630884 0.310027 0.0766161 0.707115
529 0.1522 -2.2224 0.3379 -0.631845 0.307714 0.0779285 0.707108
530 0.1508 -2.2224 0.3389 -0.632915 0.304838 0.080592 0.707116
531 0.1504 -2.2223 0.3392 -0.633339 0.304834 0.0777925 0.707168
532 0.1499 -2.2221 0.3396 -0.633651 0.304602 0.0763559 0.707187
533 0.1491 -2.2221 0.3401 -0.634309 0.30349 0.0754276 0.707197
534 0.1475 -2.2221 0.3411 -0.635571 0.299937 0.0783608 0.707145
535 0.1465 -2.2219 0.3416 -0.636378 0.298216 0.0782512 0.707134
536 0.1457 -2.2218 0.3422 -0.637079 0.296989 0.0777949 0.707186
537 0.145 -2.2212 0.3428 -0.63865 0.29399 0.075661 0.707131
538 0.1439 -2.2217 0.3434 -0.638624 0.29353 0.0775512 0.707123
539 0.1428 -2.2218 0.3441 -0.639361 0.291779 0.0784336 0.707155
540 0.1418 -2.2219 0.3445 -0.639607 0.291171 0.0786857 0.707154
541 0.141 -2.2215 0.3452 -0.640509 0.289223 0.077937 0.707101
542 0.14 -2.2213 0.3458 -0.641137 0.288118 0.0776985 0.707175
543 0.139 -2.2215 0.3465 -0.641323 0.287474 0.0786769 0.707187
544 0.138 -2.2209 0.347 -0.642562 0.284873 0.0776185 0.707151
545 0.1371 -2.2208 0.3476 -0.643011 0.283702 0.0781 0.707143
546 0.1363 -2.2207 0.3482 -0.643432 0.282648 0.0778152 0.707087
547 0.1355 -2.2206 0.3488 -0.643791 0.281974 0.0779586 0.707146
548 0.1346 -2.2206 0.3495 -0.644235 0.280948 0.0780974 0.707155
549 0.1336 -2.2204 0.3502 -0.644759 0.27958 0.0786566 0.707152
550 0.1326 -2.2203 0.3508 -0.645297 0.278325 0.0788879 0.70717
551 0.1316 -2.2202 0.3514 -0.645717 0.277074 0.0793918 0.707129
552 0.1307 -2.2201 0.352 -0.646035 0.276338 0.0796975 0.707158
553 0.1298 -2.22 0.3525 -0.646429 0.275364 0.07952 0.707126
554 0.1289 -2.2198 0.3531 -0.646843 0.274526 0.0797289 0.707187
555 0.1279 -2.2197 0.3537 -0.647376 0.273305 0.079658 0.707193
556 0.127 -2.2194 0.3542 -0.647785 0.272442 0.079153 0.707181
557 0.1265 -2.2192 0.3548 -0.648308 0.271303 0.0783284 0.70714
558 0.1255 -2.2191 0.3554 -0.648378 0.271187 0.0789596 0.707212
559 0.1247 -2.2189 0.3559 -0.648758 0.270176 0.0785068 0.707141
560 0.1239 -2.2187 0.3564 -0.649195 0.269227 0.0776018 0.707092
561 0.1231 -2.2184 0.3569 -0.649902 0.267901 0.0772961 0.707182
562 0.1223 -2.2183 0.3575 -0.650232 0.266915 0.0771178 0.707111
563 0.1215 -2.2181 0.358 -0.650707 0.265974 0.0765009 0.707123
564 0.1208 -2.2179 0.3585 -0.651154 0.265027 0.0761715 0.707139
565 0.12 -2.2177 0.3591 -0.651553 0.26409 0.0762681 0.707161
566 0.1192 -2.2174 0.3596 -0.651954 0.263171 0.0762146 0.707178
567 0.1183 -2.2172 0.3601 -0.652209 0.262447 0.0759297 0.707127
568 0.1176 -2.2169 0.3606 -0.65256 0.261986 0.0746875 0.707143
569 0.1168 -2.2165 0.3611 -0.652871 0.261446 0.0737596 0.707135
570 0.1163 -2.2162 0.3616 -0.653287 0.260874 0.0727056 0.707186
571 0.1156 -2.2159 0.3621 -0.65352 0.260179 0.0724086 0.707129
572 0.1149 -2.2157 0.3627 -0.653965 0.259179 0.0725336 0.707174
573 0.1142 -2.2155 0.3631 -0.654496 0.258044 0.071842 0.707179
574 0.1135 -2.2151 0.3636 -0.654875 0.257193 0.07103 0.707146
575 0.1128 -2.2148 0.3641 -0.655359 0.256433 0.069902 0.707193
576 0.112 -2.2145 0.3645 -0.655541 0.255986 0.0693586 0.707156
577 0.1113 -2.2141 0.365 -0.655811 0.255415 0.0688668 0.707154
578 0.1106 -2.2138 0.3655 -0.65604 0.254858 0.0688039 0.707158
579 0.1098 -2.2135 0.366 -0.65627 0.254194 0.0687799 0.707136
580 0.1091 -2.2133 0.3665 -0.656735 0.253242 0.0687377 0.707203
581 0.1085 -2.2131 0.3671 -0.656953 0.25243 0.0684791 0.707115
582 0.1079 -2.2127 0.3676 -0.657178 0.251994 0.0682264 0.707138
583 0.1073 -2.2124 0.3682 -0.657422 0.251541 0.0678343 0.707159
584 0.1067 -2.2121 0.3688 -0.657515 0.250998 0.0683382 0.707114
585 0.106 -2.2118 0.3693 -0.657723 0.250362 0.069324 0.707164
586 0.1053 -2.2115 0.3699 -0.657832 0.249802 0.0696879 0.707116
587 0.1046 -2.2112 0.3705 -0.658012 0.249059 0.071001 0.707145
588 0.1039 -2.2109 0.3711 -0.658299 0.248192 0.0720758 0.7072
589 0.1033 -2.2105 0.3716 -0.658361 0.247559 0.0727542 0.707126
590 0.1027 -2.2101 0.3721 -0.65855 0.246981 0.0731303 0.707136
591 0.1022 -2.2096 0.3727 -0.658757 0.246476 0.0734794 0.707177
592 0.1017 -2.2093 0.3732 -0.658974 0.245643 0.0740996 0.707159
593 0.1011 -2.209 0.3738 -0.659097 0.244858 0.0754234 0.707146
594 0.1006 -2.2086 0.3744 -0.659281 0.244024 0.0763305 0.707131
595 0.1001 -2.2081 0.375 -0.659417 0.243372 0.0770196 0.707113
596 0.0995 -2.2077 0.3756 -0.659585 0.242805 0.0782617 0.707188
597 0.0989 -2.2073 0.3762 -0.65959 0.242138 0.0795206 0.707124
598 0.0984 -2.2069 0.3768 -0.65968 0.24175 0.0808316 0.7072
599 0.0978 -2.2065 0.3774 -0.65964 0.241281 0.0817216 0.707128
600 0.0973 -2.206 0.3779 -0.659712 0.240881 0.0824524 0.70714
601 0.0969 -2.2055 0.3784 -0.659903 0.240267 0.0828367 0.707151
602 0.0964 -2.2051 0.3789 -0.660082 0.239397 0.0837484 0.707135
603 0.0958 -2.2046 0.3795 -0.66029 0.238635 0.0843366 0.70714
604 0.0954 -2.2043 0.38 -0.660411 0.238 0.0848712 0.707112
605 0.0949 -2.2039 0.3806 -0.660679 0.237232 0.0856131 0.707173
606 0.0945 -2.2034 0.3811 -0.660906 0.236452 0.0860628 0.707177
607 0.0941 -2.203 0.3817 -0.661065 0.235764 0.0864702 0.707154
608 0.0937 -2.2025 0.3822 -0.661278 0.235149 0.0865665 0.707158
609 0.0933 -2.2021 0.3827 -0.661468 0.234656 0.0867644 0.707187
610 0.0929 -2.2016 0.3832 -0.661655 0.23397 0.0868852 0.707159
611 0.0925 -2.2012 0.3836 -0.661666 0.233804 0.0872379 0.707158
612 0.0921 -2.2007 0.3841 -0.661737 0.233439 0.0876681 0.707157
613 0.0917 -2.2003 0.3846 -0.661789 0.233303 0.0881644 0.707206
614 0.0913 -2.1998 0.3852 -0.661748 0.233084 0.088678 0.707171
615 0.0909 -2.1994 0.3857 -0.661796 0.232755 0.0890962 0.707164
616 0.0905 -2.199 0.3863 -0.661817 0.232443 0.0896511 0.707154
617 0.0902 -2.1986 0.3868 -0.66183 0.232113 0.0903536 0.707149
618 0.0898 -2.1982 0.3873 -0.661907 0.231873 0.0905987 0.707167
619 0.0895 -2.1977 0.3879 -0.661793 0.231837 0.0911804 0.707135
620 0.089 -2.1972 0.3884 -0.661886 0.231378 0.0919357 0.70716
621 0.0888 -2.1967 0.3889 -0.661873 0.231432 0.0917755 0.707149
622 0.0884 -2.1963 0.3894 -0.661854 0.231392 0.0922267 0.707169
623 0.0881 -2.1958 0.3899 -0.661665 0.23161 0.0925682 0.707125
624 0.0878 -2.1954 0.3903 -0.661629 0.231788 0.0925077 0.707137
625 0.0875 -2.1949 0.3908 -0.661492 0.232059 0.0926889 0.707126
626 0.0874 -2.1945 0.3912 -0.661288 0.23269 0.0925942 0.707129
627 0.0872 -2.194 0.3917 -0.661272 0.232832 0.0925453 0.707147
628 0.0869 -2.1936 0.3922 -0.661261 0.232722 0.0927324 0.707131
629 0.0867 -2.1931 0.3926 -0.661313 0.232877 0.0926893 0.7072
630 0.0864 -2.1926 0.3931 -0.661207 0.233042 0.09262 0.70716
631 0.0861 -2.1921 0.3936 -0.661254 0.233091 0.0926123 0.707204
632 0.0858 -2.1917 0.3941 -0.661085 0.233185 0.0928493 0.707134
633 0.0856 -2.1913 0.3945 -0.66104 0.233345 0.0929343 0.70715
634 0.0853 -2.1909 0.3949 -0.661054 0.233305 0.0930974 0.707165
635 0.0855 -2.1905 0.3954 -0.661594 0.232199 0.0915347 0.707119
636 0.0852 -2.19 0.3959 -0.661629 0.232049 0.092174 0.707168
637 0.0843 -2.1896 0.3963 -0.661022 0.233099 0.0940409 0.707185
638 0.084 -2.1891 0.3968 -0.661003 0.233046 0.0939134 0.707147
639 0.0835 -2.1892 0.3974 -0.660789 0.233039 0.0951961 0.707124
640 0.0834 -2.1886 0.3978 -0.660835 0.23313 0.0948795 0.707146
641 0.083 -2.1879 0.3982 -0.660688 0.233547 0.0948564 0.707144
642 0.0829 -2.1873 0.3985 -0.660733 0.233726 0.0940756 0.707142
643 0.0824 -2.1871 0.3989 -0.660845 0.23272 0.0953148 0.707098
644 0.0824 -2.1865 0.3993 -0.660775 0.233669 0.0941024 0.707159
645 0.0819 -2.1861 0.3998 -0.660882 0.232928 0.095104 0.707152
646 0.0817 -2.1852 0.4 -0.660667 0.233908 0.0941465 0.707148
647 0.0809 -2.1853 0.4005 -0.660875 0.232012 0.0967286 0.70709
648 0.0808 -2.1847 0.4007 -0.661063 0.232008 0.095888 0.707133
649 0.081 -2.1846 0.4014 -0.660696 0.233139 0.0954381 0.70711
650 0.0804 -2.1842 0.4019 -0.660445 0.233521 0.0964241 0.707128
651 0.0803 -2.1837 0.4022 -0.660792 0.232972 0.095656 0.707155
652 0.08 -2.1833 0.4026 -0.660832 0.232915 0.0956818 0.707171
653 0.0797 -2.1829 0.4029 -0.660827 0.232895 0.0952529 0.707121
654 0.0794 -2.1824 0.4033 -0.66099 0.23237 0.0957525 0.707155
655 0.079 -2.1819 0.4037 -0.660997 0.232387 0.0956026 0.70715
656 0.0785 -2.1815 0.4042 -0.660724 0.232685 0.0966155 0.707136
657 0.0783 -2.181 0.4046 -0.66082 0.232485 0.096411 0.707133
658 0.0783 -2.1805 0.4048 -0.661143 0.232307 0.0949273 0.707164
659 0.0779 -2.1802 0.4051 -0.661333 0.231568 0.0952172 0.707145
660 0.0774 -2.1797 0.4055 -0.661149 0.231649 0.0961756 0.707134
661 0.0776 -2.1793 0.4059 -0.661439 0.231545 0.0945158 0.707143
662 0.0773 -2.1788 0.406 -0.661521 0.231221 0.0944976 0.707121
663 0.0771 -2.1784 0.4064 -0.661751 0.230676 0.094579 0.707155
664 0.0768 -2.178 0.4067 -0.661858 0.23026 0.0948863 0.707159
665 0.0766 -2.1776 0.407 -0.661952 0.230059 0.0946812 0.707155
666 0.0762 -2.1771 0.4074 -0.662126 0.229196 0.0951555 0.707117
667 0.0754 -2.1767 0.408 -0.661701 0.229501 0.0973023 0.707112
668 0.0755 -2.1763 0.4082 -0.662337 0.228131 0.096429 0.707136
669 0.0752 -2.1759 0.4086 -0.662463 0.227622 0.0970604 0.707165
670 0.0748 -2.1755 0.4089 -0.662521 0.227101 0.0976852 0.707145
671 0.0745 -2.1751 0.4093 -0.662757 0.226159 0.0980482 0.707123
672 0.0741 -2.1746 0.4096 -0.662989 0.225305 0.0985236 0.707131
673 0.0737 -2.1742 0.4099 -0.663101 0.224776 0.0993021 0.707164
674 0.0734 -2.1737 0.4103 -0.663263 0.223909 0.0997685 0.707122
675 0.0729 -2.1734 0.4107 -0.663449 0.223054 0.100524 0.707131
676 0.0726 -2.173 0.411 -0.66355 0.222417 0.101335 0.707137
677 0.0722 -2.1726 0.4114 -0.663764 0.221542 0.101954 0.707148
678 0.0718 -2.1721 0.4117 -0.664008 0.220646 0.102438 0.707162
679 0.0714 -2.1717 0.412 -0.66421 0.219662 0.103088 0.707146
680 0.071 -2.1713 0.4123 -0.664511 0.218583 0.103498 0.707152
681 0.0706 -2.1709 0.4127 -0.664684 0.217722 0.104246 0.707157
682 0.0702 -2.1705 0.413 -0.66493 0.216842 0.104578 0.707164
683 0.0698 -2.17 0.4134 -0.665171 0.21574 0.105412 0.707173
684 0.0694 -2.1696 0.4137 -0.66538 0.214963 0.10599 0.707206
685 0.0691 -2.1692 0.4141 -0.665519 0.214089 0.106441 0.707159
686 0.0687 -2.1689 0.4144 -0.665601 0.213359 0.107128 0.707131
687 0.0683 -2.1685 0.4148 -0.665852 0.212379 0.107778 0.707159
688 0.0679 -2.1681 0.4151 -0.66593 0.211648 0.108463 0.70713
689 0.0674 -2.1677 0.4155 -0.666245 0.21051 0.109312 0.707192
690 0.067 -2.1672 0.4158 -0.666421 0.209431 0.109832 0.70714
691 0.0665 -2.1668 0.4162 -0.66657 0.208647 0.110682 0.707169
692 0.066 -2.1663 0.4165 -0.666763 0.207576 0.111491 0.707165
693 0.0656 -2.1659 0.4168 -0.666898 0.206634 0.111672 0.707081
694 0.0651 -2.1654 0.4172 -0.667131 0.205816 0.112543 0.707164
695 0.0647 -2.1649 0.4175 -0.667309 0.205128 0.112785 0.707169
696 0.0643 -2.1645 0.4178 -0.667485 0.204356 0.112912 0.707143
697 0.0639 -2.1641 0.4182 -0.667558 0.203726 0.113558 0.707136
698 0.0635 -2.1637 0.4185 -0.667685 0.202951 0.113963 0.70711
699 0.0631 -2.1633 0.4189 -0.667832 0.202099 0.114546 0.707102
