0.8409916162490845 0.605334997177124 -1.5157530307769775 0.07893940311631571 0.056060397473342974 0.09566747613073308 0.10171730980336192
0.11486110091209412 -1.8734310865402222 -1.2150882482528687 0.11467760716198552 0.049761782807813 0.130304100082478 0.12762108195720878
1.025590181350708 0.1651727259159088 -1.5161795616149902 0.06386268497520728 0.05887578381970561 0.08741254448951294 0.11078407941900728
2.538665533065796 0.12968756258487701 -1.8008025884628296 0.09733456368933684 0.040357181117892785 0.12157854980845914 0.17277281964884028
2.7351884841918945 0.08591041713953018 -1.6019456386566162 0.05099489998745587 0.04505084469492355 0.07750760152248737 0.05634247794749523
5.100241661071777 0.32602712512016296 -2.1835474967956543 0.055016369568088294 0.03958677865550904 0.09362813744720445 0.1161749442905386
4.497025012969971 -0.33000555634498596 -1.925061821937561 0.10656931942599396 0.09804490183973377 0.14857987748787532 0.13204161501189854
3.116786003112793 0.612463116645813 -1.9277294874191284 0.05275532031482413 0.0509600169110625 0.1221980897790044 0.06753705667919555
1.391196846961975 0.5249517560005188 -1.4804171323776245 0.10841892993655498 0.10323767409930751 0.1670895139473587 0.12498331683791389
1.1793943643569946 -1.3563122749328613 -1.6066170930862427 0.037400623130418795 0.03475381677349872 0.05895718835893877 0.06522070295142066
4.1768412590026855 -0.5816148519515991 -1.931382656097412 0.11171095445622525 0.08916405323033606 0.14266783404491493 0.16503990983205402
2.2309446334838867 -2.1852147579193115 -1.3366678953170776 0.07153275620568258 0.06620797809236634 0.13845194535785066 0.16437819683108906
0.44792646169662476 0.16531455516815186 -1.0686124563217163 0.09675439900234227 0.05793090021317236 0.15096601498727874 0.1526605354366317
0.5723509192466736 -0.29587507247924805 -1.0900115966796875 0.08718832381289045 0.07761644753872808 0.12948649903282672 0.1403654982963186
4.182492733001709 0.17784476280212402 -1.5518951416015625 0.08445243751684756 0.056242838445976814 0.12001830552437628 0.17357438780710235
0.5178752541542053 0.06108459457755089 -1.408876657485962 0.1042329275320644 0.06321162943818572 0.12610041411985626 0.1790910426470488
4.6920576095581055 -0.7301645874977112 -1.978479027748108 0.11656144753048457 0.11415807602997988 0.1324032966723248 0.13826932592791252
4.883419990539551 -0.410460889339447 -1.885280728340149 0.04916297605496324 0.043146867919206244 0.11751450754343894 0.17799285970684448
0.6495941281318665 -1.0273497104644775 -1.211737871170044 0.07438777481115696 0.07419510315820045 0.15882749241496857 0.09236305604741385
3.980332374572754 0.2068055421113968 -1.9643977880477905 0.06663075619617184 0.061432913948604936 0.09005397952865868 0.09146756037249486
2.480494260787964 -2.3510208129882812 -1.6072325706481934 0.11617219045976145 0.05954937959540603 0.13974409938194166 0.1283447602454082
0.9464728832244873 -0.07732560485601425 -1.1931039094924927 0.07726277088539224 0.027713790471917677 0.14891364262750995 0.14100112223796157
1.2542158365249634 -1.9812637567520142 -1.7227979898452759 0.06624584516413189 0.05661369364546209 0.1762719589480562 0.15183965002083222
4.987196922302246 -0.4627991020679474 -1.9788897037506104 0.08864664805032153 0.026385787825287655 0.1722360953770691 0.10584661063428442
1.9848496913909912 -2.2657570838928223 -1.5110955238342285 0.11276171934140712 0.06975692531134417 0.12814342002737708 0.13811017144696303
0.1555691808462143 -2.0179898738861084 -1.2089334726333618 0.07881614197243268 0.06992218715416475 0.12144777122746014 0.11127843741830759
3.925053358078003 -2.80346941947937 -2.1542978286743164 0.06489776420825073 0.034975144213036054 0.1727062052386742 0.10497997211058309
1.0957205295562744 -1.78602135181427 -1.4073058366775513 0.087073346237584 0.0830803998782189 0.1641730882498451 0.11535826840460256
2.2780559062957764 0.7674628496170044 -1.5170904397964478 0.07199704173974045 0.05411487522968668 0.1547045385142813 0.15871430526290753
4.697543144226074 0.5217006802558899 -2.105233669281006 0.08618560634777127 0.029620824002841335 0.09899385572288266 0.10339521592467137
0.5628541707992554 -1.1879808902740479 -1.300520420074463 0.050607096921386194 0.028389871315184865 0.1688621127251415 0.07993660901000924
0.1006474643945694 -1.0273566246032715 -1.3390438556671143 0.038900025895657525 0.02098575869930369 0.05814626514042779 0.07476511530513127
3.0204999446868896 -2.5141053199768066 -1.494620680809021 0.03652618953991178 0.02383521244320465 0.07357510468160108 0.03920377696739403
3.712880849838257 -2.1037395000457764 -1.9468753337860107 0.09979036285143889 0.059657967998894335 0.10196635042815753 0.1106393086316641
1.770545482635498 -2.28421688079834 -1.5087413787841797 0.09558088112924376 0.08267537684293956 0.12969183647490837 0.16175360870833672
4.320714950561523 -1.6191009283065796 -2.003636121749878 0.06803459106844428 0.06795446374532836 0.08656232432977856 0.15788959723638019
4.771238803863525 -1.7880316972732544 -1.9699821472167969 0.05986894591770874 0.059771978385315824 0.16314345661442436 0.08335503927866303
1.0044413805007935 -1.7382874488830566 -1.2082867622375488 0.06819259359049185 0.06018891432218319 0.16142559106773036 0.09336145604576387
-0.04751719534397125 -0.9480775594711304 -1.3132388591766357 0.06925885493997319 0.06325376008956358 0.17314884452552518 0.07946045361912228
0.503100574016571 0.4831749498844147 -1.2792863845825195 0.0592232168660718 0.0410347711443291 0.11178031641226839 0.16368882159538775
2.6756129264831543 -2.061617851257324 -1.7143396139144897 0.11531845291515105 0.1030134230929047 0.17136048947084742 0.13608521178564797
4.730250835418701 -0.39651384949684143 -2.045452833175659 0.0731013586069578 0.06888854946950079 0.0955826441258482 0.12135160038056958
4.142332077026367 -1.8538728952407837 -2.013676166534424 0.0878422899812515 0.08587720703070388 0.14823172386563008 0.13124980611065798
0.634556770324707 1.14938485622406 -1.0501368045806885 0.07997307917354851 0.04825836454659962 0.17796468480703945 0.09946670790072089
4.89345121383667 0.3152879476547241 -2.012528657913208 0.09591985145655121 0.08358534758312247 0.17775124593606145 0.1393916935325913
2.889857053756714 -2.0658633708953857 -1.6864737272262573 0.091784485733778 0.021969220182634964 0.12989915158946136 0.17541519571954628
3.036215305328369 -1.9769229888916016 -1.6105066537857056 0.0866996109591978 0.023808364903569097 0.17284012332409038 0.12577534968993953
0.4013674259185791 0.9890125393867493 -1.0938910245895386 0.10230561886778683 0.02610020148142901 0.14632831858508336 0.11064595772873001
5.181346893310547 0.22992633283138275 -2.187375783920288 0.08009164495064734 0.027654914688285133 0.10254924025239152 0.1751124760304873
0.05384482815861702 -1.4864102602005005 -1.0149197578430176 0.1156963779480878 0.08359035164040936 0.17257624948706418 0.15213708914948643
1.6613705158233643 -2.337761163711548 -1.440355896949768 0.05657217638885059 0.02353444780039291 0.15455185418943312 0.1699080018043077
3.6926345825195312 -0.012108431197702885 -1.8445661067962646 0.07185574529976985 0.06033190860925618 0.09766884543688943 0.16246251606611944
5.04526948928833 -0.7327210903167725 -2.1961843967437744 0.1062521997094089 0.02270401511372966 0.16207834421455905 0.10759329134001218
-0.2260526567697525 -1.527050495147705 -1.3544788360595703 0.053298599568631616 0.025893501827182336 0.13364617342807827 0.15320776770460362
2.9896657466888428 -2.5917370319366455 -1.7380576133728027 0.0827727371391022 0.039491250505139096 0.16476720763677508 0.1334577357608653
0.40819376707077026 -0.053879525512456894 -1.3203330039978027 0.10908788508573573 0.07803543629238431 0.12763312260721216 0.11931843870443182
0.7270291447639465 -2.1325607299804688 -1.545121431350708 0.10485142186867825 0.06977329778442702 0.16275143830862043 0.1524405913536251
4.094085216522217 -0.7353523373603821 -1.5405466556549072 0.07691494445193979 0.04143599178291588 0.1546060870764916 0.08981414425058781
3.7375330924987793 0.5950831770896912 -1.7071813344955444 0.03528348614761141 0.029683446886813417 0.07082538300951638 0.13563652845828775
0.9589439034461975 1.202164649963379 -1.160868763923645 0.10332448187131991 0.061324331488278566 0.142142817969233 0.14118343683630769
2.8490278720855713 0.6171222925186157 -1.7279225587844849 0.05689063725262389 0.04176541706189911 0.09126171643627265 0.15684511910731652
1.2514268159866333 0.7853119373321533 -1.511924147605896 0.10325157329693363 0.02156103229394244 0.14363606471440943 0.1356206156070725
2.727074146270752 0.6080682873725891 -1.6751612424850464 0.08624679082084384 0.05335578956586616 0.1517392221678533 0.14033478986551268
4.2132978439331055 -2.4580838680267334 -2.0420081615448 0.10278799704386721 0.021162180408874645 0.10400667754382581 0.12709900922771294
4.716707229614258 -2.4086244106292725 -1.8665043115615845 0.09605924755577251 0.08261808434406662 0.1398001229034916 0.1130717683883195
4.673398971557617 0.3071776330471039 -2.002302646636963 0.05873421544046428 0.026438605287749856 0.07911878447789711 0.16883706532649378
1.5319340229034424 -0.09608777612447739 -1.2351112365722656 0.04508428655221837 0.03915318683526951 0.07036939982425336 0.10793708547112092
0.34491094946861267 1.2419954538345337 -1.3385730981826782 0.08669886834285821 0.043189685762965606 0.11096494885734956 0.12996107358262426
4.3169331550598145 -2.353332757949829 -2.045642137527466 0.06967742425838483 0.047086178629454856 0.12736646926668405 0.1581033045451679
1.3468201160430908 -1.4795652627944946 -1.6045680046081543 0.1086765968953517 0.02378808701338341 0.17788555558054356 0.13428411063560894
0.22919152677059174 -0.8817437291145325 -1.2468006610870361 0.10363105909167823 0.05885330945085014 0.15667787052410206 0.13952399007400818
1.3960031270980835 0.4577378034591675 -1.2103962898254395 0.0848928985358966 0.06572335085040586 0.17117436908322928 0.09699586809545462
0.5324176549911499 0.09668121486902237 -1.4264222383499146 0.10702486340309408 0.07750105737858082 0.13654767719915858 0.15960045753855476
0.20832721889019012 -2.0105063915252686 -1.5439064502716064 0.04224396602760662 0.04017108998275121 0.14333042256570777 0.1553856150099014
4.674579620361328 0.4359593987464905 -2.07791805267334 0.10029714004750268 0.09182694001680809 0.14125564441929264 0.1449571820789742
0.9536920785903931 -0.22395272552967072 -1.3800606727600098 0.0683011273199854 0.04269437789525518 0.12640233349230906 0.1521837134859862
0.6736020445823669 -0.3978811204433441 -1.414587378501892 0.07755374082660632 0.049995017512198404 0.1341874123270945 0.13141957177619196
1.7208291292190552 -2.345472812652588 -1.536132574081421 0.03598021673792627 0.03373624030537119 0.11806259148983529 0.16066605401631756
1.416380524635315 0.873622477054596 -1.3897719383239746 0.07533406296880318 0.065798516925671 0.15411522212203288 0.11045771372196286
1.22542405128479 -0.7940896153450012 -1.338234543800354 0.09130632183621946 0.07673376436476473 0.12608708415399494 0.10829077527525886
4.535828113555908 -2.0950558185577393 -1.7182691097259521 0.09607506611873029 0.06566715662195774 0.14039021938925744 0.11287049990407139
1.0584208965301514 -1.4437265396118164 -1.5333566665649414 0.07582003031579473 0.044164958888122566 0.1223273285046319 0.08329494013864164
1.368823528289795 -2.2828664779663086 -1.7701102495193481 0.05919284135188551 0.04481167528659782 0.11022118867467628 0.08443324740794654
0.927955687046051 -0.8306902050971985 -1.4806499481201172 0.052518914896993556 0.027308794059199067 0.1374470331224711 0.07231877412754764
4.233579158782959 -0.5179271101951599 -1.8373135328292847 0.05799611395759643 0.03095706075012099 0.16066177663914294 0.06214538784547587
4.666006088256836 -2.7711336612701416 -1.6933714151382446 0.0833617405296764 0.03618906398353346 0.08723041405784654 0.10657125596665082
2.2526915073394775 -1.8359949588775635 -1.8010365962982178 0.0856950054870306 0.0635137616113611 0.09384267060030184 0.17770750334981633
2.995295524597168 0.47491922974586487 -1.8111543655395508 0.0789696379195055 0.05260438796559479 0.16467593357872523 0.17031813385060784
3.279754638671875 0.2552962899208069 -1.808580756187439 0.08598665251601273 0.06301956403791519 0.15134716878691257 0.12400164615927839
0.1029643639922142 -1.4318475723266602 -1.223871111869812 0.04684340215719967 0.043815496357718475 0.1796610614299553 0.1758735735735949
0.3568873703479767 -0.5504329204559326 -1.5207387208938599 0.10750646978566429 0.08844317947352366 0.1608834118354298 0.1320898374707098
1.7928050756454468 -1.5912259817123413 -1.7427549362182617 0.10859099573180332 0.04433828562644224 0.16254406806784988 0.1416787682639431
4.281571865081787 -2.728792190551758 -1.7790627479553223 0.055923002862316926 0.02252806341498725 0.07582427205106446 0.05981584410679823
0.20392274856567383 -1.980578899383545 -1.2589852809906006 0.10695498657300828 0.09053165046184586 0.1338484358479965 0.13703011913186575
4.095464706420898 -0.003115205094218254 -2.044179916381836 0.10871913251559995 0.08920957969433861 0.15555359063863458 0.17255520969847576
0.9349468350410461 -0.6433283686637878 -1.1345226764678955 0.05792725455245673 0.03473029150757086 0.16472362041622518 0.06692807305599631
0.8915981650352478 0.11095619946718216 -1.3752743005752563 0.09686818248004528 0.06719487494998148 0.13360166268313564 0.11837730615661743
3.7443959712982178 0.6647951602935791 -1.8578518629074097 0.10199940146869396 0.043493255663608066 0.17611624425220865 0.1069173575417416
1.449701189994812 -2.087045192718506 -1.810828685760498 0.048745665825075835 0.04533388776917995 0.09099065769551071 0.067045715909427
4.087172508239746 -0.43503955006599426 -2.0851237773895264 0.06606373139534703 0.041637138308257646 0.1630506954873619 0.08726670289118602
0.2037382423877716 -0.20328623056411743 -1.0446891784667969 0.052282099015793504 0.05134059807853973 0.13147525502705582 0.11961559737826771
1.359202265739441 0.9324296712875366 -1.2970678806304932 0.04066033414180323 0.033105779761718274 0.17698784535866505 0.11338364782732352
3.8026907444000244 -2.1436655521392822 -2.13826060295105 0.1031708164995452 0.04156750510684715 0.10714880911486008 0.11542158549185416
5.236294746398926 0.1503903567790985 -2.1066431999206543 0.11478475064489384 0.022576310463603744 0.12416585374521137 0.15157395953942593
0.25639283657073975 -1.076210379600525 -1.3313748836517334 0.103060720004241 0.06900297715186314 0.10354960056504127 0.10501221118593104
0.4955516755580902 -1.8906422853469849 -1.0866838693618774 0.10781452861499978 0.04454058448554209 0.13301668454481938 0.1374403171282763
4.775461196899414 -1.2771190404891968 -1.9482206106185913 0.04906921573062124 0.039272420996129584 0.1737945359810077 0.1771514954137839
1.6145716905593872 -2.0052690505981445 -1.7581325769424438 0.11039762996186125 0.08487423851278122 0.13173579813428904 0.12963152040607243
4.1154913902282715 -1.7540258169174194 -1.8720139265060425 0.05452838131228119 0.05069126769356866 0.07795217240933139 0.13147028033470218
3.9475114345550537 -0.08482255041599274 -1.575373649597168 0.053173722817845936 0.023609883926197478 0.06491368207553283 0.14783146027434596
1.106842041015625 0.31942692399024963 -1.220024824142456 0.06552895569588027 0.03245856432986213 0.17891966357179803 0.1421444996159399
1.4736554622650146 -2.2716145515441895 -1.3681820631027222 0.11646790568755255 0.1023527653578672 0.12379922512674232 0.17646522879647744
0.7397966384887695 -1.1844269037246704 -1.3526452779769897 0.06964905087866594 0.05493354692908599 0.1272039275858982 0.1686510286862329
1.0671746730804443 -2.0178513526916504 -1.3648672103881836 0.0976926243754904 0.03414322368645574 0.10424784184883346 0.12044653042024137
4.119538307189941 -2.746957540512085 -2.0554966926574707 0.09653708835510724 0.06021489560932307 0.12996956030128543 0.1340575622039355
1.5655572414398193 0.21895459294319153 -1.2158845663070679 0.09449212548976826 0.0504509939218926 0.10188793075911934 0.1674840576845008
0.8235859274864197 -1.242342233657837 -1.4552178382873535 0.10852795274509185 0.022796697896371964 0.17539695620585144 0.13556480007048963
1.059675693511963 -1.4717451333999634 -1.7369062900543213 0.10276096609697108 0.039399718604674394 0.12609995462583432 0.1314847711598565
1.2270969152450562 -0.137045755982399 -1.1824278831481934 0.11073756908132107 0.09013785400357685 0.16704875635218963 0.11529326156090683
2.1302990913391113 -2.268768072128296 -1.7540857791900635 0.0443829367833973 0.035546841691061884 0.0481376350626399 0.049149255096187776
0.7633081674575806 0.41628578305244446 -1.419279932975769 0.03250085163724092 0.02382032678052652 0.05066057537801992 0.05079868948913515
4.12095832824707 0.39953359961509705 -1.8234220743179321 0.043399494113850114 0.034865915992247844 0.08029348931349059 0.0757985933718801
0.44075214862823486 0.874196469783783 -1.2866034507751465 0.09859444153296923 0.0542612493051831 0.12799731308316817 0.1612924762163192
2.8292739391326904 0.5145828127861023 -1.810793161392212 0.11774291230182148 0.09949735772016377 0.14602005562411524 0.17196310858027736
3.4547905921936035 -2.308037281036377 -1.6487637758255005 0.059752757469731264 0.028660466563829347 0.12476637812336877 0.17944202615136873
4.300697326660156 -1.8716869354248047 -1.9632041454315186 0.0977185522942737 0.07045571095492474 0.13407511143677645 0.14918146300545865
2.334977626800537 -1.8927637338638306 -1.8847745656967163 0.05681199179313603 0.0458102054105593 0.08037164237080137 0.07913829921703389
2.147820472717285 0.9317097663879395 -1.7976869344711304 0.037634089264879975 0.02168423044997139 0.1289116610543335 0.1789632661089724
0.55140620470047 -0.5035498142242432 -1.4296847581863403 0.07639891959427822 0.07290710167326837 0.08631875597681972 0.08940828965159728
3.240530252456665 -2.5371086597442627 -1.482577919960022 0.07577622676615006 0.06076127887785504 0.11073267745316048 0.16638915267862334
5.024204730987549 -1.3185182809829712 -2.2800981998443604 0.03748074198086874 0.02668056405357777 0.11922837151319354 0.16519754913706286
0.4825155436992645 0.3718818426132202 -1.4483848810195923 0.08794994225672009 0.06769022642810303 0.14450910963968458 0.11205860467447287
5.1565752029418945 -0.11121153086423874 -2.0646684169769287 0.04121470499195033 0.023701869909521917 0.143056804230549 0.08154968920540388
4.289161682128906 -0.05753198638558388 -1.7823508977890015 0.05368856053949346 0.02524029335351659 0.11270919454644278 0.08203827778883352
0.3807685375213623 1.2210476398468018 -1.3707231283187866 0.07036170800817143 0.04775520202823026 0.09114298156892235 0.15409390301167647
2.1807210445404053 0.52375328540802 -1.2486296892166138 0.10083430587167908 0.04150731646591968 0.10883753313666468 0.1572183779175389
-0.18001359701156616 -1.0186944007873535 -1.0856645107269287 0.1168498596689018 0.06114331123715916 0.12097249296769433 0.1579722697629734
3.743497610092163 -2.3346283435821533 -2.078162908554077 0.08415628120922616 0.05243785610778259 0.12656242908584409 0.13179222526033826
2.0300073623657227 0.5681033730506897 -1.5684176683425903 0.08156846800011042 0.05147673535551732 0.16370653605000612 0.16680441221976652
2.2942724227905273 0.35543161630630493 -1.6770341396331787 0.06651779174283697 0.045127297552292445 0.17160225689191894 0.07414714385886909
0.3107903301715851 -0.7598935961723328 -1.2841333150863647 0.0452510436088391 0.02853367111916752 0.15127806431200766 0.06465371060164456
4.215953826904297 -2.271449565887451 -2.118014335632324 0.06561351478046634 0.045787795206778004 0.14912276998917573 0.09876316995446968
-0.07435858994722366 -1.2182838916778564 -1.3101098537445068 0.05634361723981824 0.05191210143756597 0.11615223615652007 0.09225841556785827
3.2116549015045166 -2.5387802124023438 -1.566681981086731 0.08871359193722125 0.04357156447736839 0.16314692563686023 0.1434650511907197
4.36411190032959 -2.5941057205200195 -1.6521724462509155 0.0712408042007521 0.04696880025662584 0.15622895201217124 0.07675816989418599
2.911600112915039 0.21165932714939117 -1.5339977741241455 0.11707468883840223 0.06308977030091266 0.17343975468434447 0.11790754662196747
4.823444366455078 -1.2637062072753906 -1.7785671949386597 0.08307676733367006 0.08230122039102283 0.1750181774039285 0.16026110312291905
5.1071343421936035 0.17876648902893066 -2.117687225341797 0.09459638687833208 0.0852245010813609 0.15602757510950377 0.09752314288310754
1.2096748352050781 -0.6086101531982422 -1.6037431955337524 0.1017027761633824 0.042071378851012024 0.17062312970437873 0.1542712056091706
3.310558795928955 0.010346231050789356 -1.9716973304748535 0.04125077119779143 0.037308748178217166 0.0711704614679816 0.08462817522815466
2.1124918460845947 -1.7645416259765625 -1.7020303010940552 0.07056378369594074 0.056999397242758806 0.07755922673847045 0.14301206734300698
0.9674012660980225 -0.9552133083343506 -1.628636360168457 0.11333974978819433 0.07937194868303381 0.11404982938503183 0.14758536772203523
-0.19569586217403412 -1.9670006036758423 -1.3591598272323608 0.05031614641755279 0.041588364426764876 0.09160639398017442 0.09378649012170444
2.782095193862915 0.5507491230964661 -1.6861997842788696 0.0988279082140092 0.06891356408563881 0.11624090115439878 0.14068628029088318
4.20938777923584 0.5778616070747375 -1.9358803033828735 0.0873075205437581 0.03904369873653916 0.12112968133453292 0.0910235531484602
0.11489984393119812 -1.5587434768676758 -0.9673166275024414 0.0858071521536514 0.05915959891927482 0.09893182796026352 0.15962391205890952
5.080749988555908 -0.9595444798469543 -1.8984434604644775 0.056864677912103215 0.04159692208311479 0.12103289602484779 0.07695172774964397
0.7710622549057007 0.8212471008300781 -1.1780800819396973 0.08019673205119401 0.03315995731939316 0.16097973202185484 0.1596090340690146
3.819754123687744 0.5779261589050293 -1.5145255327224731 0.038951466401097416 0.029646938367664744 0.055409210213539783 0.14599447208712227
0.9133461713790894 -0.7233400344848633 -1.416996955871582 0.10819991008142184 0.07452732183962812 0.11035454972117865 0.14838962109488962
5.200259208679199 0.13729563355445862 -2.1546754837036133 0.049797216768409536 0.024053668163189657 0.11248699321264322 0.10977258478972343
4.060708999633789 -1.8279967308044434 -1.9066472053527832 0.1190664286051674 0.0799371650206851 0.13383885845918772 0.1776154167839456
0.657367467880249 1.0545542240142822 -1.5459868907928467 0.08117409784771025 0.028220383739071424 0.10755963714877884 0.10209844004051162
0.6183468699455261 -0.3389938771724701 -1.374030590057373 0.10544349874307728 0.025037740299264085 0.11370463705946532 0.11806434285579727
3.1054482460021973 0.14486542344093323 -1.8817027807235718 0.06957148614974404 0.029124584264253198 0.1727466681962846 0.1681931136090356
1.3351975679397583 -0.9406363368034363 -1.5392658710479736 0.07019239884160514 0.021372995133106063 0.17676319921536576 0.0891805940152962
3.6652705669403076 -0.04046643525362015 -1.9915066957473755 0.062096968985766776 0.0428533867996653 0.16212107633601014 0.154600695523899
4.758743762969971 -1.3017520904541016 -2.0287625789642334 0.06236994129142278 0.027372519940619802 0.12429311483525876 0.10960143084312252
4.574552059173584 -2.838383436203003 -1.952531337738037 0.06552546382562216 0.03995500756975645 0.07519589715186992 0.06761080286875282
0.40273645520210266 -2.096973419189453 -1.2774324417114258 0.1066721633329529 0.07638904608184141 0.11011056571586039 0.16061937227676248
-0.06895215809345245 -1.1414082050323486 -1.1180609464645386 0.08085764185646696 0.05147753412477492 0.10957538853246594 0.09725678893996964
1.2169222831726074 -2.130918025970459 -1.594731330871582 0.07208136036152218 0.025888788664466804 0.11360880060159469 0.11840337298175199
5.2648186683654785 0.20383718609809875 -2.1404716968536377 0.1057279366179525 0.09589967754204329 0.13363379256234967 0.12012128217987954
1.8164424896240234 -0.26966825127601624 -1.4431360960006714 0.10050803303480123 0.07861659120236406 0.13158210656594366 0.13770044247733493
4.622310638427734 -0.6545639038085938 -1.8609557151794434 0.053108218682101735 0.0412164376631515 0.07788476648775919 0.10710703432350913
0.641303300857544 -0.36915716528892517 -1.0980627536773682 0.0509131286323581 0.02283364236110806 0.14858029335994666 0.14485503171443623
0.3720090985298157 0.17558084428310394 -1.4333152770996094 0.10594980588650878 0.029079644508436284 0.17716303421355542 0.12363592609634025
4.818791389465332 -0.2653829753398895 -1.6905999183654785 0.0573672994519276 0.022279066254716814 0.06047217213828582 0.09319603354203612
1.401387333869934 -0.10757642239332199 -1.2059059143066406 0.07481765065625268 0.060307290068659675 0.10837545869497245 0.09544761840448496
4.293211936950684 0.19732652604579926 -1.9925568103790283 0.1168835707772508 0.08535317719884523 0.11714084590965092 0.16715518807880794
4.110630035400391 -0.755703866481781 -1.7823899984359741 0.034762100093966616 0.020954744866843494 0.07952637878994823 0.12729976936858167
2.1982250213623047 -2.178694725036621 -1.456081509590149 0.08686905410865134 0.025671428849795147 0.1222029578838 0.17121678319124456
1.4471772909164429 1.0253087282180786 -1.6277647018432617 0.11210700688798032 0.10970789694481345 0.15630783008984367 0.1361622579353204
4.8809614181518555 -0.030132967978715897 -1.8927606344223022 0.036720058203884985 0.020056505425001397 0.06662805142677167 0.1583207089751023
2.039185047149658 -2.1103250980377197 -1.3420119285583496 0.04252746988251925 0.02910903056971556 0.16578649076818053 0.16583966002635273
1.8817838430404663 -2.149657964706421 -1.3516836166381836 0.06646139835629816 0.05708374353719396 0.11834266895537958 0.16219176155737802
4.680612564086914 -1.7287492752075195 -1.7340296506881714 0.08417550324366282 0.06929602886734965 0.0902128432822772 0.10642838612551021
1.893470048904419 -2.0451464653015137 -1.5923577547073364 0.05848485853423725 0.04663377711778968 0.14444748172409055 0.08917275545010098
2.082581043243408 -2.4478960037231445 -1.5174764394760132 0.10408415578770776 0.042376209541491974 0.13892268679234013 0.15556565738823594
4.555091381072998 -2.441286325454712 -1.8201014995574951 0.07533450737519258 0.021003435918248648 0.1580175083224442 0.14714278855065327
-0.06587616354227066 -1.7934963703155518 -1.4096659421920776 0.08372018109135487 0.025242065203675536 0.14110941660151938 0.10184626710545067
2.214268207550049 0.3382735550403595 -1.4255666732788086 0.08985374030046495 0.04861418715514873 0.11748804974565244 0.17646923879534557
0.593106746673584 -1.4884142875671387 -1.5198649168014526 0.07388553189292679 0.028577085804092975 0.1581115347152134 0.12165004138338738
4.8067779541015625 -0.35778558254241943 -2.157960891723633 0.04765067703200016 0.03669093847938347 0.0961562721989637 0.08438920446129983
1.7280319929122925 -2.3432602882385254 -1.807893991470337 0.06210164986623336 0.029956470012202616 0.15106905125240652 0.1472116981520622
2.0406816005706787 0.16947248578071594 -1.5253041982650757 0.11141774483060948 0.09051749208338224 0.15378246237324666 0.17414245387445582
4.982115745544434 -0.35562390089035034 -1.8902134895324707 0.05660390495366901 0.05382727810041374 0.12659121151753566 0.161129873519608
3.078158378601074 -2.080719470977783 -1.8093839883804321 0.0567703149483378 0.047192634957133855 0.1110225521776518 0.15911964469764844
4.251297473907471 -2.102480888366699 -1.6183829307556152 0.11000911997365452 0.0650127950698466 0.16034768054587029 0.116765669986435
-0.14762446284294128 -1.1609952449798584 -1.0021566152572632 0.035269183075379865 0.02593543053234685 0.05705622693694744 0.16282384328948346
1.196912169456482 0.4951514005661011 -1.357932209968567 0.06578450954865385 0.0571932053778981 0.12590140430466393 0.08742415278931635
3.878349542617798 -0.07232126593589783 -1.755445122718811 0.059281127881880405 0.05400919314832037 0.1172142469343056 0.14737088473436855
0.5627798438072205 -1.3699889183044434 -1.6208906173706055 0.10190570782320857 0.09250515878028225 0.12382856829094019 0.16436819479614131
0.6627528667449951 -1.841583251953125 -1.4455095529556274 0.08787886393126404 0.03525680546905753 0.16309328567832077 0.08857652578914647
4.136915683746338 -0.5699291825294495 -1.5412439107894897 0.10016279377314477 0.0312919192682396 0.10993916169275285 0.13282119012703428
1.6033172607421875 -2.227959156036377 -1.6348307132720947 0.10798802715845257 0.03793906857997698 0.11895349596789345 0.17919110301047242
0.4437629282474518 -0.9510896801948547 -1.0104752779006958 0.11919098486756488 0.11491072839434983 0.12204174685522444 0.17674536753848968
2.234527349472046 -1.8254367113113403 -1.830896258354187 0.11576782881532713 0.047198030324290714 0.1478571339390446 0.1443657414672984
1.8777871131896973 0.4111810028553009 -1.5123682022094727 0.09425371773381307 0.05421590107974804 0.0963670407311629 0.13605812027531022
0.6768004894256592 1.1820861101150513 -1.2007508277893066 0.040776260237835565 0.03491608055415962 0.06855249404780606 0.14558666471219
4.4312849044799805 -0.013169492594897747 -1.8220185041427612 0.07888012696235822 0.0672297042781052 0.08631709387191622 0.1302266144611207
3.738029956817627 -2.447798490524292 -1.9135032892227173 0.038045336188700485 0.02001171644424784 0.06889358136163179 0.15002306257682607
4.431633949279785 -2.9006218910217285 -1.9583162069320679 0.0452234428078686 0.03826136808529983 0.08074327619687044 0.1566961046176096
1.173841118812561 -0.5163840055465698 -1.510628581047058 0.05650836949356957 0.02995553581106221 0.09361152128577853 0.1463712729399486
2.2996246814727783 -1.778253197669983 -1.8103126287460327 0.11724097022377165 0.05784038152415953 0.15789721394796274 0.13600340223843826
4.644030570983887 -0.5508710145950317 -1.8157180547714233 0.11861728954341319 0.09791263037570608 0.13976016414344733 0.1693285926495832
2.349928140640259 0.7632512450218201 -1.283056616783142 0.09481968991571395 0.04427669425298621 0.11783138474596491 0.1513444057343453
0.5905402898788452 -0.44935402274131775 -1.1272752285003662 0.09585765866862636 0.058880663770933706 0.1546427896844441 0.1625525434214921
1.5195119380950928 -1.0493719577789307 -1.7131752967834473 0.0983913447933775 0.09470030754072768 0.10365691070870652 0.16420323817506047
5.086296558380127 0.2096337229013443 -2.1119420528411865 0.044424768548256624 0.024653497176320184 0.09952187794724335 0.12465811128691542
1.5664187669754028 -1.8854390382766724 -1.7605443000793457 0.10246236409693527 0.09800584307642986 0.15250433575484718 0.1297448710072714
0.022001534700393677 -1.2848581075668335 -1.1265325546264648 0.04178333509077405 0.024716003966035238 0.10618106301469463 0.05706037290358367
1.041031837463379 0.10979235172271729 -1.1959930658340454 0.046306052034945276 0.03892370849351681 0.1726848906390674 0.10433404247685465
0.4203440546989441 -0.3889234960079193 -1.5041080713272095 0.08245937327602137 0.025632795986234188 0.15984987738450673 0.08584399513300774
4.7862067222595215 -0.7575348019599915 -1.9315156936645508 0.11361587799394733 0.09726873822154525 0.15143752270388589 0.17831948229421285
-0.040933918207883835 -1.568586826324463 -1.2671914100646973 0.10689219849623922 0.034265641600806675 0.1085610911496193 0.12135092224621669
1.8924068212509155 -1.697871446609497 -1.773858666419983 0.11547744808656749 0.07492014171022483 0.1764678575485552 0.1279240552681426
4.5022711753845215 0.2931446433067322 -1.7009003162384033 0.06248825220699068 0.05083726038261524 0.14242852455074606 0.08084774834281709
0.46898365020751953 -0.6598552465438843 -1.2184371948242188 0.06802857975850463 0.0351839437340046 0.08928049102627719 0.15687256201205912
1.9310190677642822 -1.9548728466033936 -1.3416930437088013 0.04842767288393726 0.03692479448929868 0.1314419536392219 0.10660454339569075
4.336642265319824 -1.6237657070159912 -2.0475120544433594 0.08362765949850866 0.026844629725302813 0.15801039263117064 0.14079011407195643
2.9670281410217285 0.1896553784608841 -1.4621926546096802 0.07639837541217848 0.05368056411112174 0.11543460965146324 0.08891900262800102
4.611353397369385 0.5426903963088989 -1.8842355012893677 0.03488892100134066 0.021042979998964886 0.13878058692642065 0.059204997093881016
4.944344997406006 -1.1944972276687622 -1.8745722770690918 0.09190675189597465 0.06633593145895948 0.15796829655231853 0.15946529332544165
5.082348823547363 -0.4736875295639038 -1.8011102676391602 0.0992302202903324 0.05856088706546608 0.12696744435142412 0.16279955844682226
4.0899338722229 -2.6131184101104736 -1.7191389799118042 0.11788016708115769 0.026761905539991613 0.1486475962991011 0.12517552953314515
1.4206024408340454 0.107874795794487 -1.5290926694869995 0.042653246796519335 0.029581028437967866 0.07920321000359483 0.10435780234209528
0.34893798828125 -0.651248574256897 -1.3855693340301514 0.07214681324117198 0.03926441726219202 0.11198691497030631 0.1616216744009577
0.9696388840675354 0.43463265895843506 -1.4017131328582764 0.11622141313648984 0.022493113292706462 0.13047441376592295 0.15892037990649807
4.964882850646973 0.43031880259513855 -2.000807523727417 0.11362867201657148 0.03140089344800377 0.14596851570730035 0.1416452043281636
1.0592341423034668 0.823654294013977 -1.5685653686523438 0.050760330661182865 0.050491145556852496 0.15346604651920023 0.16319788740782243
4.711145401000977 -2.2392032146453857 -1.8499971628189087 0.10763419171951254 0.08681576794038351 0.12643536951570453 0.13332858745352905
-0.25014209747314453 -1.906604290008545 -0.965952455997467 0.10676482221608322 0.02152724130783678 0.17494747411429706 0.11187393464437878
4.606439113616943 -1.6647380590438843 -1.8603392839431763 0.10310915634209197 0.0566095511940906 0.14598015329248093 0.13974105941346948
0.6378183960914612 -0.04989774897694588 -1.1778675317764282 0.08501801647340348 0.05859649978817358 0.08861212676556035 0.13749111142302928
4.289380073547363 -1.761137843132019 -1.8496099710464478 0.08284341164425241 0.035514669765546666 0.12704326254821627 0.09821997809205617
4.608250617980957 -1.4253727197647095 -1.9876329898834229 0.05455300037883905 0.03775774143679233 0.14764074664655366 0.13561403464008684
3.878692626953125 0.5523988604545593 -1.9529783725738525 0.05846392054634572 0.02509788436691401 0.09638757034395747 0.10305129205276078
1.4000964164733887 0.0810270607471466 -1.1120723485946655 0.08513859042026914 0.07179835005676546 0.08530666925440097 0.10989425832340911
2.876190185546875 -2.2093286514282227 -1.9518874883651733 0.04004119594307281 0.02358909416202789 0.07088325028710507 0.13034848952442454
3.2816274166107178 -2.3555338382720947 -1.7876653671264648 0.03435897125121787 0.023671980013534908 0.04887520093682566 0.15038689978222008
1.3486855030059814 -1.446813941001892 -1.297010064125061 0.09312148046297501 0.05324609670089028 0.11578177100599715 0.11434505400015132
4.529865741729736 -2.5670061111450195 -1.6802479028701782 0.07356423577280868 0.05571122031878077 0.11554776421991864 0.14419134121808325
4.0428080558776855 -0.47266462445259094 -2.02134370803833 0.09123451586128689 0.07423715671078938 0.15963339661870732 0.15625571129893562
3.002150297164917 -2.3628454208374023 -1.6276583671569824 0.04855830653980723 0.027528410016270405 0.14094356460299484 0.14038859916001017
1.9604172706604004 -0.10938766598701477 -1.7509819269180298 0.062398949956150335 0.053463429183627634 0.07499862168766264 0.14205347042913394
0.2768074870109558 0.614460289478302 -0.9404407739639282 0.1177793658055059 0.06057362399951344 0.1271160331984339 0.17671023393360713
4.090910911560059 0.04792967438697815 -1.5563040971755981 0.10294054563709358 0.07732665321290451 0.11011104142469497 0.165806998326051
4.494883060455322 0.09763962030410767 -2.037097454071045 0.041573218629387954 0.038822983997832204 0.04880750858528557 0.11189234201737087
0.7127906084060669 0.6526498198509216 -1.120741605758667 0.0849150335945668 0.0431451014981941 0.09209619887943207 0.16097473890451375
4.935342788696289 -0.8126275539398193 -1.8023228645324707 0.08682656825699653 0.025024749244283398 0.11095476866948642 0.11142376072825314
3.1271660327911377 -2.6057779788970947 -1.8200150728225708 0.09364073586054458 0.047361819750575934 0.10905208630771093 0.17286587178322177
0.877734899520874 -1.6180499792099 -1.4878696203231812 0.06408979273137133 0.024629678759757877 0.10960253250310446 0.07875018938895849
0.9127830266952515 -1.5210849046707153 -1.3989791870117188 0.06167636931108493 0.040029731907931125 0.08748297468209547 0.1251333622532331
0.9121152758598328 -1.8843311071395874 -1.2713571786880493 0.09773244723876981 0.05551913149206006 0.15409101257960547 0.1504234324151139
2.1488494873046875 0.2824021279811859 -1.3978534936904907 0.03708510156807551 0.022954700449964345 0.06002625444224835 0.08028271716380408
0.894223690032959 -2.2030832767486572 -1.3051520586013794 0.09736240225061872 0.09519044560173538 0.10972974580360005 0.12359373765028896
1.5202453136444092 -1.5278055667877197 -1.31013822555542 0.10013055929803663 0.07702618106783293 0.1631069159179209 0.1505097252503021
3.2353553771972656 0.5834904909133911 -1.8149923086166382 0.10006741320549029 0.04921489584686245 0.1704254528356819 0.15666060421509848
3.261720895767212 -2.5335400104522705 -1.597019910812378 0.09615484113724337 0.027068387704309707 0.13676984568025213 0.16765879455976695
2.2028276920318604 -1.8566150665283203 -1.7161372900009155 0.033019269409894414 0.031402117822139676 0.12354934196619988 0.1759862833445505
3.482452392578125 -0.012812590226531029 -1.599003791809082 0.10906590369191696 0.09619374238860184 0.17731655071227187 0.165078281407453
3.3829076290130615 0.5873297452926636 -2.0091137886047363 0.10007639492798652 0.029672368194480915 0.17996617571117726 0.1642011991005785
1.2150827646255493 0.7195846438407898 -1.0960934162139893 0.03906958497360213 0.024624641876446557 0.15484789937140167 0.15193544821061575
4.684347152709961 -2.1705081462860107 -2.253270387649536 0.08860423800523459 0.08848984490248026 0.13094734911480954 0.16313491370142658
0.9271593689918518 0.6018835306167603 -1.2049217224121094 0.038758745973872105 0.03407859422578059 0.11277653835545982 0.13577101273886732
4.103092193603516 -2.7629852294921875 -1.7503769397735596 0.06790866732147703 0.029871742621092056 0.14789550404995522 0.07471087991882619
1.6246167421340942 -2.0954151153564453 -1.2773350477218628 0.06124552724999459 0.032830316233480455 0.11364973083317144 0.06943931747611687
4.325530052185059 0.5323311686515808 -1.6117576360702515 0.044424275906473645 0.027757287426233828 0.084328865139152 0.10163171669513898
4.08966064453125 -1.6560848951339722 -1.9719417095184326 0.09166226261408336 0.08017376066357129 0.15912709548283194 0.09727486204462298
0.42999616265296936 -1.0925827026367188 -1.0430368185043335 0.0718277922992511 0.06713543068284468 0.1202615933533657 0.0760609632128051
1.5873438119888306 0.4366701543331146 -1.2889691591262817 0.09499660262720615 0.06852915991599004 0.17775468706645456 0.16764939005936225
4.623668193817139 -2.513214349746704 -1.8772560358047485 0.07976842002226435 0.027444498037727527 0.1179591877323382 0.11306292804956179
4.412813186645508 -2.6748433113098145 -1.9025577306747437 0.10195460988718998 0.04716491443658945 0.15792463376616858 0.17619089202974697
1.1130740642547607 -0.8973126411437988 -1.1561723947525024 0.10225950854655667 0.04256431962085851 0.1054582943972925 0.1024870478391874
4.970381736755371 -1.6448105573654175 -2.0395829677581787 0.08705010130159872 0.04217772070939131 0.14266263459212 0.11426509317875093
5.0455427169799805 -0.8999686241149902 -1.9303797483444214 0.09627659144939085 0.08405428832406228 0.10186432859079218 0.1300761264118565
3.6550183296203613 -2.402678966522217 -1.7910808324813843 0.11380088681343815 0.10561757210810867 0.1528156763313071 0.11984435158995584
0.621120035648346 -1.9798370599746704 -1.2141200304031372 0.07218299297907999 0.03623522550620831 0.09494281675086316 0.08292229606144623
4.634281158447266 -0.6774646043777466 -1.94731605052948 0.11701717516988394 0.07080764775234714 0.12062558176484028 0.16450354766964856
2.527881145477295 -1.857874870300293 -1.5110827684402466 0.09171398967053127 0.022535376980385782 0.16996235780641553 0.14364492298951087
1.0161381959915161 -0.33205556869506836 -1.6154650449752808 0.11882345648783103 0.08336524193776501 0.12624979324845353 0.1544070384857844
2.2403371334075928 0.7271445393562317 -1.6877485513687134 0.0997838091274548 0.028004210703455157 0.16282022544543695 0.16160998630294626
3.5920605659484863 0.004860485438257456 -1.5736680030822754 0.03958778636146405 0.02031532717991297 0.1298164486675055 0.15120196749366852
1.1086924076080322 -0.06419641524553299 -1.1461181640625 0.06680535438655234 0.06488804553627182 0.0982469775137288 0.17711076848344282
3.0675435066223145 -2.2709851264953613 -1.801033616065979 0.03324647612286392 0.029214250359252437 0.15062586089070726 0.14850641194726263
3.401176691055298 0.1946566104888916 -1.7996273040771484 0.039845337964122526 0.035216228100593876 0.05401658327617144 0.059503807375286724
0.742060661315918 -1.8546597957611084 -1.5834698677062988 0.042280258309140666 0.028149329921093175 0.09169237581698803 0.1339931209732392
1.8167803287506104 -2.2825567722320557 -1.7071045637130737 0.03456097824805341 0.029370421092201306 0.1124582916462771 0.051628546516268824
3.8688066005706787 -1.6756278276443481 -1.9914131164550781 0.0588602994041139 0.049567084151325144 0.08242208592875971 0.09336614102441265
0.6912018060684204 1.1863617897033691 -1.1811518669128418 0.0853889247382339 0.04455550176704255 0.1737225113489433 0.17047551227770608
0.6169818043708801 -0.6461383104324341 -1.2269049882888794 0.03438977639144776 0.0291070181308066 0.08632278580486238 0.07689246642190439
2.898792266845703 -2.055800437927246 -1.7841646671295166 0.06241747638468423 0.037358362978273635 0.1200843796942939 0.17256110485960774
0.5795814990997314 -1.352346420288086 -1.1938843727111816 0.09064224754904585 0.040615891958981507 0.1421708647478883 0.12009758332621889
0.8794412612915039 0.16825388371944427 -1.1815356016159058 0.04668568519385767 0.030694548047771053 0.10874363550833348 0.16441684940849208
2.1955673694610596 -1.8961994647979736 -1.5831749439239502 0.05319814253645945 0.051998281817199773 0.08555521894950036 0.1775769888275427
4.184947967529297 0.10714185982942581 -1.9155428409576416 0.0497958737535427 0.027728428908045444 0.13398366788156293 0.10181190583510394
5.292096138000488 -0.11423859745264053 -2.230808734893799 0.03653553852877163 0.02422853183146222 0.10300072443862905 0.0660823000115407
0.7250196933746338 -0.6183834671974182 -1.5990790128707886 0.07293914520516226 0.06550741783078703 0.11510883602329323 0.09951633457190977
1.5007559061050415 1.0290251970291138 -1.4094566106796265 0.056579207076542855 0.03156691387903429 0.06457135886248239 0.11436047414333872
1.1631685495376587 -2.0626368522644043 -1.3701425790786743 0.08131458841365924 0.07226056774717665 0.17564388873970505 0.09578378966379125
3.5010876655578613 -2.719190835952759 -1.5825272798538208 0.05977692414002336 0.03284278335857227 0.13699465532785565 0.1350427956706909
3.397091865539551 -2.4907166957855225 -2.0304901599884033 0.08732380441316379 0.07890981303843071 0.14510697259739636 0.17419760111546664
2.2336695194244385 -1.778640866279602 -1.686539888381958 0.11991054193310977 0.0731746624675013 0.15871662202693276 0.13137000981066327
1.6078757047653198 -1.3320544958114624 -1.7500059604644775 0.1100657407859515 0.037444505336023975 0.11488390530229237 0.1381029341576631
4.5788164138793945 0.09711586683988571 -1.7764701843261719 0.09495864526553197 0.04603865810064407 0.14921904474710512 0.11441521382785977
0.49206236004829407 -1.1294790506362915 -1.271666169166565 0.07348940349455198 0.06476219772986229 0.1303238722380738 0.07687629524556992
1.863495111465454 -1.8599871397018433 -1.8291133642196655 0.09419150616908387 0.035218812659479515 0.15271887005890566 0.16508861460697344
0.8595447540283203 0.5638135671615601 -1.0445477962493896 0.040713720758399866 0.0331016260096546 0.10742265443858376 0.1629810717600534
3.3431930541992188 0.19695016741752625 -1.5714247226715088 0.11038252509851613 0.08126656951769441 0.13496492987460718 0.15981330570053673
3.405683994293213 -2.452826738357544 -1.9477423429489136 0.11838872659091618 0.11273733642513682 0.1555586088372566 0.14986622189397653
1.02141273021698 -1.3971738815307617 -1.6270318031311035 0.056846956952260136 0.03842095318680701 0.07241352415687538 0.08079900754262753
1.4336336851119995 0.15117962658405304 -1.1642248630523682 0.08833134710074556 0.024011904337840957 0.1075618139700647 0.15652562047994886
1.9265331029891968 0.38126271963119507 -1.5819919109344482 0.08790127096607406 0.030725752422467736 0.09000949392572644 0.1542767298821684
1.3723444938659668 -1.4690502882003784 -1.598629117012024 0.09947070369839797 0.026862847924401478 0.13408497717024234 0.14257718273026504
3.963780164718628 0.28878235816955566 -1.6227229833602905 0.09953643580434501 0.03459896571613409 0.13192580570312462 0.13448842764647628
4.526212692260742 0.03914766013622284 -1.940256118774414 0.0771844458755126 0.07177669812134543 0.08098863881001492 0.13981019407750556
2.117995023727417 -1.786071538925171 -1.8523106575012207 0.06739127012309076 0.05804822080401746 0.17865224947740324 0.12220723256087246
3.195866823196411 0.6719727516174316 -1.613067626953125 0.08615689411062355 0.07074159459717481 0.13520820978126533 0.1214711122338541
0.6048166751861572 1.1668155193328857 -1.5320605039596558 0.10084891631283091 0.08286396123556468 0.17167075859929803 0.11628639525974603
3.481555938720703 -2.665891408920288 -1.6781549453735352 0.06992081220264015 0.02225249674565469 0.10070957378723802 0.16060696879582953
4.7429890632629395 -1.4334408044815063 -1.9013338088989258 0.11611857165189093 0.10077213303106783 0.15867345783373568 0.16251410118800774
4.167402744293213 -0.710433840751648 -2.0768539905548096 0.09718791482916048 0.025659128149462578 0.12041594052258187 0.12177585295712169
1.7952569723129272 -0.016359705477952957 -1.6180814504623413 0.07509712894136553 0.06255632885180659 0.16829480398695373 0.12297443381938887
1.394329309463501 -1.1239659786224365 -1.3350234031677246 0.07122878964755064 0.03894376619139763 0.1191742623774321 0.13515730993634775
0.4353165626525879 0.6994345188140869 -1.382381796836853 0.04333484098433529 0.03382016984237238 0.13799057737256915 0.10186235436832573
2.3523664474487305 0.5178377032279968 -1.3365638256072998 0.034450064594182525 0.022111677269580514 0.16374209052513522 0.1361158963725087
0.1269202083349228 -1.6570980548858643 -1.1292493343353271 0.07654444469907419 0.06603339178824812 0.10209885109678471 0.10994033983148324
4.448504447937012 -2.2350194454193115 -1.6939491033554077 0.057675277240277927 0.03214022061372404 0.1256639115375707 0.17357021253884738
0.36418041586875916 -1.410813808441162 -1.1514514684677124 0.03551186058074197 0.03248565079376839 0.13912106630918408 0.1518933436590862
2.078535795211792 0.8663751482963562 -1.5641978979110718 0.0592420636774179 0.022552305462654864 0.11852369279687505 0.11654240495400424
4.876452445983887 -1.6741529703140259 -2.151773691177368 0.10509581183364883 0.10353648655926077 0.15039636770440679 0.10695885229107728
5.0297465324401855 -0.8592038154602051 -1.7499920129776 0.037855003262050976 0.029886204680465545 0.0561093279466428 0.08657507680658388
5.15197229385376 0.36199891567230225 -1.6970397233963013 0.04295432854230264 0.03845211954303569 0.12646068495766585 0.103631510339001
4.27100944519043 0.10660441964864731 -1.9692425727844238 0.06270560134590777 0.04753870418111143 0.06958324985225534 0.16004461673013004
2.058926820755005 0.5412960648536682 -1.540178894996643 0.09925676316337902 0.06149534577090453 0.1650777110829953 0.1129647289700405
1.1664984226226807 -1.81553053855896 -1.1994233131408691 0.07088218196655162 0.027383053674930435 0.16737096377667682 0.11928107044834466
4.208779811859131 -0.8082298040390015 -1.8339860439300537 0.034187717476201064 0.021237062169431935 0.1249870504235426 0.05548808104159045
2.0272042751312256 0.24989600479602814 -1.5676534175872803 0.08762834850897502 0.04412805284274861 0.08850547932384262 0.16792348795573647
2.377690076828003 0.8457226157188416 -1.3883577585220337 0.08877825985773516 0.06152382235563844 0.1493703697857217 0.16790112511371347
0.2914896011352539 -1.015961766242981 -1.1160989999771118 0.1127078438036118 0.04177743335001691 0.1373100716774372 0.17275192223862706
2.58746600151062 0.8526397943496704 -1.7354967594146729 0.09024802546568837 0.03341760232845143 0.154829242970385 0.1320594732290995
1.3809044361114502 -1.9424535036087036 -1.6235742568969727 0.06661820937241403 0.04075101128946439 0.08762410655492425 0.09240603499662522
0.6659006476402283 1.1717673540115356 -1.5261684656143188 0.06821186128260802 0.06603605489635202 0.09812605523636997 0.1592681125289872
2.666003942489624 -1.9343135356903076 -1.7190285921096802 0.10145589733085483 0.04942858155744038 0.11310618584448875 0.15730841093670123
2.892493724822998 -2.5868520736694336 -1.9912699460983276 0.05254483941026934 0.04808701687126137 0.06553687635022185 0.11549407208965258
4.810564041137695 -2.550607681274414 -1.9515646696090698 0.08357602080777052 0.05061572684585168 0.111007991045578 0.10027464468179358
3.1003758907318115 0.44896507263183594 -1.8926984071731567 0.1119599720649043 0.03269358949056222 0.1601601697705477 0.13056182646463388
2.525750160217285 -2.1840219497680664 -1.7577177286148071 0.08180595799093807 0.06878983795525322 0.09390042646124414 0.1541111237486239
4.739023208618164 -1.2522916793823242 -1.7242470979690552 0.09475070051795154 0.041007401012634746 0.17965430759827583 0.1776885166453141
4.30430793762207 -2.062504768371582 -1.7652312517166138 0.07236622591984401 0.070768515080421 0.11959379437013415 0.07586760056607421
0.2984895408153534 0.30080530047416687 -1.501238465309143 0.10561250337087444 0.02770636119507297 0.12739347550332444 0.1297943369286279
4.4663872718811035 -2.461625576019287 -2.1174156665802 0.053570431406401636 0.0525282774624979 0.07612178014501976 0.10838695761192792
4.108330249786377 -0.729458212852478 -1.9313868284225464 0.03513933293632999 0.025770500122190405 0.10715570753970899 0.04862556753548427
4.059869766235352 -0.12265359610319138 -2.0312654972076416 0.04785921088039127 0.03180376764556106 0.08920653886761612 0.1385395210885481
0.4468149244785309 1.049595832824707 -1.1470606327056885 0.11844882937117512 0.11433199972699566 0.1439277664236067 0.14835808346338136
0.6880173683166504 1.0210351943969727 -1.2422863245010376 0.07559075429946449 0.05488145235992309 0.10250566627930446 0.14144912100684948
3.6070621013641357 -2.590848922729492 -1.9257011413574219 0.0654459882289194 0.029840025150205084 0.1637774305839243 0.1702783579866455
4.476135730743408 -0.6477541923522949 -2.078657388687134 0.07345471489110267 0.05859760791360237 0.1230828606401372 0.08993754831650073
5.095914363861084 -1.0886459350585938 -2.235496759414673 0.07377099072185589 0.06403368467020179 0.10035848998506762 0.15199370091080236
1.234971046447754 -1.5099546909332275 -1.2854678630828857 0.09456095296547433 0.06037299098283368 0.10205098443177457 0.13392422077470406
0.854992151260376 -1.6687300205230713 -1.707113265991211 0.11381709268781696 0.062449884764746943 0.13814879214461678 0.14333622513383068
4.424665927886963 0.628542959690094 -1.9755449295043945 0.08961384642338993 0.06188293743086516 0.15069790566862312 0.09508245748834909
0.5013326406478882 0.049922455102205276 -1.1722220182418823 0.08464272427238242 0.02832357524143568 0.16795199107333297 0.10913847478573224
-0.2172756940126419 -1.076920986175537 -1.2526538372039795 0.10170930599446548 0.08065160416804418 0.1130516249806653 0.1021283869581089
2.767185926437378 0.7221344113349915 -1.840835690498352 0.06753324288384593 0.06343458612734852 0.1372571185854818 0.10464016099651713
4.765169620513916 -0.9878779649734497 -1.9888774156570435 0.04970096271169717 0.030068619521477772 0.17336851763230593 0.05032727244860316
2.0554065704345703 0.7891132235527039 -1.7523117065429688 0.07698095468628749 0.046160314610956536 0.10198263423971775 0.17031849221427786
4.992501735687256 -1.1226937770843506 -1.7987546920776367 0.09876293229685695 0.07134338492228147 0.11371535016406738 0.12995139461136873
4.6951422691345215 -2.097463607788086 -2.0045154094696045 0.10562231829794153 0.02725006737463941 0.14543650014465412 0.173224677306699
4.301732063293457 0.11109712719917297 -2.0070948600769043 0.11567988222571643 0.11154433481250663 0.1778140622587564 0.13205100217509394
2.6271376609802246 0.7816917896270752 -1.4630937576293945 0.06946307637560573 0.024356609923028277 0.07525702726256327 0.1347315956879142
1.1132144927978516 -2.0648369789123535 -1.2179399728775024 0.08295108564273773 0.07785993565309485 0.12563580241637057 0.12774874929632768
1.1481353044509888 -1.2130845785140991 -1.6241739988327026 0.0917754430024028 0.039142448426438756 0.12333474914530779 0.14466733701089735
-0.17966130375862122 -0.9917182326316833 -0.9741306900978088 0.05236793344025337 0.04317574244408369 0.0781920811708333 0.10915293503762158
0.3523752987384796 -1.5289905071258545 -1.0976862907409668 0.08653054354843515 0.07525660579601437 0.1573066680348027 0.1629696590150122
0.5743639469146729 0.7539491057395935 -1.0482546091079712 0.08704041407116964 0.05212558939691854 0.15077814273088094 0.10709114109014847
1.1708177328109741 -0.7070687413215637 -1.1266261339187622 0.07259124459560312 0.05245612977023412 0.11866587968115164 0.11668506792817593
0.9429706931114197 -2.066391944885254 -1.2595384120941162 0.07077385056849572 0.03359582223020108 0.1485634489211718 0.142377795707685
0.9412932395935059 0.9831825494766235 -1.151124358177185 0.03806477362420802 0.024013542371617545 0.08150113717134683 0.0917003034071367
2.4845731258392334 -1.826612114906311 -1.5613563060760498 0.06858993162817655 0.032128225971726015 0.17317048472123403 0.11489645216648775
1.9888319969177246 -2.242231845855713 -1.5748627185821533 0.0811680575700559 0.04203348405098637 0.14769386764566997 0.12077253428116286
4.360966205596924 0.6341121792793274 -1.5658769607543945 0.05189131725065106 0.029976039843465748 0.14733286975401275 0.12820861171257691
4.17867374420166 0.5429519414901733 -1.7765344381332397 0.06361575207877306 0.0558866765819392 0.06528015392767951 0.1485479884563645
-0.04671195149421692 -1.7621252536773682 -1.5425050258636475 0.0700180042795744 0.03684691381634757 0.15966633559981191 0.14301098744264518
0.650824785232544 -1.1618545055389404 -1.1940703392028809 0.07816793460237029 0.034199166822412135 0.144055393525033 0.16799384502036657
1.110743761062622 -1.1667497158050537 -1.213365912437439 0.11670533947977653 0.03574794270829447 0.13123597730298237 0.15370982734889452
0.8368580937385559 -0.25264373421669006 -1.5626449584960938 0.05538387315915858 0.051267347190007 0.12500149648312134 0.0833778761743165
2.5460205078125 0.1070760190486908 -1.7904751300811768 0.043241462742329866 0.027324719020906704 0.17582065454156515 0.11209132412560613
0.6430469751358032 0.7901638150215149 -1.3546403646469116 0.08308976101843708 0.02210182047142442 0.11168476433996816 0.12406518970190028
2.3771185874938965 -2.4031496047973633 -1.7180079221725464 0.05842056284402325 0.04880359204708276 0.15034476603890068 0.1624008444966151
4.592893123626709 -0.9445047378540039 -2.241764545440674 0.05453155841281361 0.04645584965493882 0.07097241700913894 0.12234943902286838
2.6789181232452393 -2.2971901893615723 -1.624267816543579 0.113571321531141 0.05939751006888208 0.15485929876231486 0.17040439863585982
2.885265350341797 0.32336553931236267 -1.596969723701477 0.10000408737380917 0.05614877444938256 0.1789588888202775 0.13797088698784293
4.949560642242432 0.3940356969833374 -2.2122786045074463 0.07862684080191495 0.06296067545068988 0.0951105687409064 0.12135508845706294
1.7744919061660767 -1.7815501689910889 -1.8546110391616821 0.10852940122986514 0.10802043626296745 0.15591634032937163 0.11133418845486687
1.3091089725494385 -1.4719749689102173 -1.4338464736938477 0.08078976255397338 0.0416249327753425 0.1445065816787845 0.17634025323089195
0.9144361615180969 -2.191307783126831 -1.2535609006881714 0.10251770900523784 0.04654373075268667 0.1753870065073393 0.14693029887518455
0.6046819686889648 0.27327412366867065 -1.548073649406433 0.0336523077405002 0.026781232732029696 0.0933803484356501 0.05964265486823582
4.1485490798950195 -2.3688368797302246 -1.8584610223770142 0.05883377733444163 0.02390321017291484 0.08596172382888537 0.11038474586043581
0.10015600174665451 -1.803821325302124 -1.015188455581665 0.09746998985423015 0.07177738149172606 0.11222872710136711 0.11091118342610393
5.094536304473877 -0.10198437422513962 -1.7369400262832642 0.08977531569947259 0.05164404136377426 0.09855674349243299 0.17507027671838302
2.8505780696868896 0.6292619109153748 -1.728515386581421 0.09326872730444885 0.07822645941165869 0.12791790325332641 0.15569694326449293
4.14734411239624 -2.13564395904541 -2.023146152496338 0.08525834640329313 0.06365568285495085 0.13134319007842052 0.1747508209427091
1.7472641468048096 -0.14474613964557648 -1.6698081493377686 0.08332031667748378 0.06401628958926582 0.13801153392113116 0.17714436320166943
