0 1.427 -0.4169 0.0915999 -0 0.707107 -0 0.707107
1 1.4242 -0.4159 0.0918 0.000386285 0.707105 -0.000780146 0.707106
2 1.4213 -0.4151 0.0921 0.000984872 0.707103 -0.00139866 0.707106
3 1.4185 -0.4139 0.0922 0.00164123 0.7071 -0.00232602 0.707106
4 1.4155 -0.4131 0.0926 0.00231594 0.707096 -0.00273876 0.707106
5 1.4124 -0.4122 0.0930001 0.00305213 0.707092 -0.00310515 0.707106
6 1.4093 -0.4112 0.0934 0.00356446 0.707086 -0.0038557 0.707106
7 1.4064 -0.4101 0.0937001 0.0031499 0.707089 -0.00364976 0.707106
8 1.4031 -0.4091 0.0941 0.00384144 0.707084 -0.00408453 0.707106
9 1.4 -0.4079 0.0944999 0.00403208 0.707077 -0.00475736 0.707105
10 1.3967 -0.4069 0.0949 0.00432303 0.707076 -0.00494401 0.707106
11 1.3935 -0.406 0.0954 0.00409105 0.707079 -0.00483336 0.707107
12 1.3903 -0.4048 0.0958 0.00361247 0.707077 -0.00542404 0.707107
13 1.3871 -0.4038 0.0962 0.00354764 0.707075 -0.00549005 0.707106
14 1.3838 -0.4028 0.0968 0.0028527 0.707082 -0.00517434 0.707106
15 1.3803 -0.4017 0.0971 0.00236264 0.707084 -0.00507321 0.707107
16 1.3771 -0.4006 0.0975 0.00231616 0.707083 -0.00515782 0.707106
17 1.3737 -0.3997 0.098 0.00106408 0.70709 -0.00480023 0.707107
18 1.3703 -0.3986 0.0982 0.00108917 0.707088 -0.00477701 0.707106
19 1.3671 -0.3974 0.0986 0.000683471 0.707087 -0.0050965 0.707106
20 1.3638 -0.3964 0.0989 -0.000384528 0.707085 -0.00536561 0.707106
21 1.3605 -0.3953 0.0992 -0.00118234 0.707079 -0.00611961 0.707107
22 1.3571 -0.3942 0.0994999 -0.00160552 0.707067 -0.00720594 0.707106
23 1.3538 -0.3929 0.0996 -0.00261529 0.707049 -0.0085886 0.707106
24 1.3506 -0.3917 0.0998 -0.00286267 0.707036 -0.00947947 0.707106
25 1.3472 -0.3905 0.1002 -0.00384458 0.707016 -0.0107435 0.707107
26 1.3439 -0.3893 0.1003 -0.00403768 0.706994 -0.0118607 0.707105
27 1.3406 -0.3881 0.1004 -0.00468148 0.706973 -0.0129156 0.707107
28 1.3373 -0.3867 0.1004 -0.00489417 0.706943 -0.014331 0.707106
29 1.3341 -0.3853 0.1004 -0.00548389 0.706914 -0.0155781 0.707107
30 1.3307 -0.3841 0.1004 -0.00610302 0.706879 -0.0168058 0.707106
31 1.3273 -0.3826 0.1004 -0.00624424 0.706837 -0.0184974 0.707106
32 1.3241 -0.381 0.1002 -0.00708841 0.706781 -0.0202337 0.707106
33 1.3207 -0.3796 0.1001 -0.00864844 0.706687 -0.0228006 0.707107
34 1.3175 -0.378 0.1 -0.0100476 0.706598 -0.0248506 0.707106
35 1.3142 -0.3765 0.0998 -0.0113145 0.706488 -0.0273198 0.707107
36 1.3106 -0.3748 0.0994 -0.0129413 0.706331 -0.0304666 0.707106
37 1.3071 -0.373 0.0991 -0.0146323 0.706162 -0.033461 0.707106
38 1.3037 -0.3713 0.0986 -0.0165243 0.705968 -0.0365293 0.707106
39 1.3003 -0.3694 0.0979 -0.0186726 0.705755 -0.0394878 0.707106
40 1.2965 -0.3675 0.0973001 -0.0205241 0.70556 -0.0419772 0.707106
41 1.2932 -0.3655 0.0965 -0.0232661 0.7054 -0.0432217 0.707106
42 1.2897 -0.3635 0.0957 -0.025731 0.705242 -0.0443828 0.707106
43 1.286 -0.3616 0.0948 -0.0278829 0.705105 -0.0452653 0.707106
44 1.2824 -0.3595 0.0939 -0.0304377 0.704963 -0.0458099 0.707106
45 1.2787 -0.3574 0.0929 -0.0326817 0.704849 -0.0460308 0.707106
46 1.2749 -0.3554 0.092 -0.0349136 0.704724 -0.0463015 0.707106
47 1.2711 -0.3532 0.091 -0.0366388 0.704605 -0.0467702 0.707106
48 1.2672 -0.3511 0.0899 -0.0386015 0.704491 -0.0469093 0.707106
49 1.2635 -0.349 0.0889 -0.0400571 0.704431 -0.0465986 0.707106
50 1.2596 -0.3468 0.0878 -0.041009 0.704401 -0.0462225 0.707106
51 1.2558 -0.3449 0.0868 -0.0425615 0.704302 -0.0463283 0.707106
52 1.2519 -0.3426 0.0857 -0.0435832 0.704267 -0.0459252 0.707106
53 1.2481 -0.3407 0.0847 -0.0451736 0.704167 -0.0459074 0.707106
54 1.2443 -0.3387 0.0836999 -0.0468253 0.704081 -0.0455452 0.707106
55 1.2406 -0.3368 0.0827 -0.048356 0.703974 -0.0456332 0.707106
56 1.2366 -0.3347 0.0816 -0.0495357 0.703875 -0.045897 0.707106
57 1.2328 -0.3327 0.0805 -0.0505303 0.703811 -0.0457738 0.707106
58 1.2292 -0.331 0.0795 -0.051523 0.703734 -0.0458386 0.707106
59 1.2254 -0.329 0.0785 -0.0514316 0.703749 -0.0457495 0.707107
60 1.2215 -0.3269 0.0775 -0.0519889 0.703698 -0.0458825 0.707106
61 1.218 -0.325 0.0766 -0.0517845 0.703755 -0.0452125 0.707106
62 1.2142 -0.3232 0.0756 -0.0523145 0.70366 -0.0460988 0.707106
63 1.2106 -0.3212 0.0745 -0.0519008 0.703636 -0.0469464 0.707106
64 1.2072 -0.3193 0.0734 -0.0525432 0.703443 -0.0490483 0.707106
65 1.2036 -0.3173 0.0725 -0.0535416 0.703152 -0.0520355 0.707106
66 1.2001 -0.3154 0.0714999 -0.0541175 0.702857 -0.0553456 0.707106
67 1.1967 -0.3136 0.0705 -0.0542602 0.702549 -0.0589828 0.707106
68 1.1933 -0.3114 0.0696 -0.0553511 0.702153 -0.0625799 0.707106
69 1.1899 -0.3093 0.0687 -0.0558966 0.701803 -0.0659152 0.707106
70 1.1866 -0.3073 0.0677 -0.0563628 0.70148 -0.068908 0.707106
71 1.1834 -0.305 0.0668 -0.0574923 0.701098 -0.0717875 0.707106
72 1.1801 -0.303 0.0659 -0.0584312 0.700787 -0.0740289 0.707106
73 1.1769 -0.3008 0.0652 -0.0605408 0.700335 -0.076572 0.707106
74 1.1737 -0.299 0.0642 -0.0627289 0.699848 -0.0792278 0.707106
75 1.1706 -0.2969 0.0635999 -0.0649834 0.699433 -0.0810487 0.707106
76 1.1676 -0.2946 0.0628999 -0.0679455 0.698893 -0.083246 0.707106
77 1.1645 -0.2925 0.0622 -0.0712509 0.69841 -0.0845358 0.707106
78 1.1614 -0.2905 0.0616 -0.0745724 0.697845 -0.0863071 0.707106
79 1.1584 -0.2884 0.061 -0.077303 0.697415 -0.0873775 0.707106
80 1.1554 -0.2861 0.0604 -0.0808032 0.696855 -0.0886622 0.707106
81 1.1524 -0.2841 0.0598 -0.0848059 0.696158 -0.0904021 0.707106
82 1.1494 -0.2819 0.0592999 -0.0884717 0.695553 -0.0915326 0.707106
83 1.1465 -0.2796 0.0585999 -0.0925586 0.694829 -0.0929745 0.707106
84 1.1434 -0.2774 0.058 -0.0957872 0.694194 -0.0944287 0.707106
85 1.1405 -0.2752 0.0573 -0.0995782 0.693513 -0.0955023 0.707106
86 1.1376 -0.273 0.0566 -0.103207 0.692931 -0.0958765 0.707106
87 1.1346 -0.2708 0.056 -0.106436 0.692322 -0.0967443 0.707106
88 1.1316 -0.2685 0.0552 -0.109933 0.691715 -0.0971802 0.707106
89 1.1287 -0.2661 0.0545 -0.112469 0.691293 -0.0972673 0.707106
90 1.1256 -0.264 0.0538 -0.115171 0.690806 -0.0975762 0.707106
91 1.1225 -0.2613 0.053 -0.118194 0.690309 -0.0974695 0.707107
92 1.1194 -0.2591 0.0523 -0.119924 0.689969 -0.0977833 0.707106
93 1.1163 -0.2567 0.0513999 -0.123327 0.689364 -0.0978064 0.707106
94 1.1133 -0.254 0.0505 -0.126461 0.688773 -0.0979662 0.707106
95 1.1102 -0.2516 0.0496 -0.129296 0.688186 -0.0983964 0.707106
96 1.1072 -0.249 0.0486 -0.132302 0.687542 -0.0989037 0.707106
97 1.1042 -0.2463 0.0474 -0.135667 0.686702 -0.10017 0.707106
98 1.1011 -0.2437 0.0462 -0.13869 0.685845 -0.101903 0.707105
99 1.0982 -0.2412 0.0448999 -0.141932 0.68484 -0.104154 0.707106
100 1.0952 -0.2385 0.0434999 -0.145048 0.683831 -0.106474 0.707106
101 1.0924 -0.2357 0.0421 -0.148564 0.682885 -0.107681 0.707106
102 1.0895 -0.2328 0.0405999 -0.151991 0.681858 -0.109395 0.707106
103 1.0865 -0.2302 0.0391999 -0.153835 0.681173 -0.111066 0.707106
104 1.0835 -0.2275 0.0377001 -0.156572 0.680293 -0.112635 0.707106
105 1.0806 -0.2247 0.0362 -0.15948 0.679446 -0.113644 0.707107
106 1.0778 -0.2217 0.0347 -0.161521 0.678728 -0.115055 0.707106
107 1.075 -0.2189 0.0332 -0.16391 0.67789 -0.116599 0.707107
108 1.0723 -0.2157 0.0317 -0.166389 0.677054 -0.11795 0.707106
109 1.0694 -0.2129 0.0301 -0.167754 0.676161 -0.121078 0.707107
110 1.0668 -0.2099 0.0285 -0.169767 0.675236 -0.123437 0.707105
111 1.064 -0.2067 0.0267 -0.171104 0.674205 -0.127161 0.707106
112 1.0612 -0.2036 0.025 -0.172375 0.673189 -0.130767 0.707107
113 1.0586 -0.2004 0.0233001 -0.173626 0.672186 -0.134244 0.707105
114 1.0559 -0.1973 0.0215 -0.174814 0.671232 -0.137414 0.707107
115 1.0534 -0.1941 0.0199 -0.175791 0.670298 -0.140695 0.707107
116 1.0509 -0.1908 0.018 -0.176645 0.669432 -0.143723 0.707106
117 1.0482 -0.1879 0.0164 -0.177178 0.668464 -0.147537 0.707105
118 1.0459 -0.1846 0.0145 -0.177995 0.667394 -0.15134 0.707106
119 1.0435 -0.1812 0.0125 -0.178678 0.666185 -0.155789 0.707106
120 1.041 -0.1781 0.011 -0.178841 0.664867 -0.161149 0.707106
121 1.0389 -0.1747 0.00909996 -0.180213 0.663295 -0.166026 0.707106
122 1.0367 -0.1715 0.00740004 -0.180987 0.661769 -0.171191 0.707106
123 1.0345 -0.168 0.00580001 -0.182225 0.66017 -0.175978 0.707106
124 1.0324 -0.1647 0.00419998 -0.183003 0.658439 -0.181557 0.707107
125 1.0302 -0.1613 0.00240004 -0.184018 0.656663 -0.186891 0.707107
126 1.0281 -0.158 0.000800014 -0.184001 0.654815 -0.193287 0.707106
127 1.0263 -0.1544 -0.00059998 -0.185693 0.652611 -0.199042 0.707106
128 1.0242 -0.1509 -0.00199997 -0.187271 0.650408 -0.204698 0.707105
129 1.0223 -0.1472 -0.00339997 -0.18927 0.647996 -0.210424 0.707106
130 1.0203 -0.1436 -0.00440001 -0.191592 0.645466 -0.216031 0.707105
131 1.0185 -0.14 -0.00549996 -0.194649 0.642558 -0.221879 0.707106
132 1.0166 -0.1364 -0.00650001 -0.19812 0.63951 -0.227541 0.707106
133 1.0149 -0.1327 -0.00750005 -0.202246 0.636118 -0.233342 0.707106
134 1.0131 -0.1291 -0.00829995 -0.206725 0.632289 -0.239745 0.707106
135 1.0112 -0.1256 -0.00899994 -0.212211 0.628081 -0.245929 0.707106
136 1.0092 -0.1221 -0.00960004 -0.216881 0.624127 -0.251835 0.707107
137 1.0074 -0.1185 -0.00999999 -0.223754 0.61988 -0.256284 0.707106
138 1.0056 -0.115 -0.0101 -0.230153 0.615855 -0.260278 0.707107
139 1.0038 -0.1113 -0.0104001 -0.238101 0.611507 -0.263384 0.707106
140 1.0019 -0.1077 -0.0104001 -0.245469 0.607284 -0.266362 0.707106
141 1.0001 -0.1039 -0.0104001 -0.252952 0.60325 -0.268531 0.707105
142 0.9981 -0.1004 -0.0105 -0.260233 0.599142 -0.270762 0.707105
143 0.9961 -0.0966 -0.0104001 -0.266413 0.595172 -0.2735 0.707105
144 0.9941 -0.0929 -0.0104001 -0.272391 0.591298 -0.275994 0.707106
145 0.9921 -0.089 -0.0103 -0.277691 0.587847 -0.278066 0.707106
146 0.9899 -0.0854 -0.00999999 -0.280908 0.585157 -0.280501 0.707106
147 0.9878 -0.0814 -0.00979996 -0.28432 0.582798 -0.281977 0.707106
148 0.9856 -0.0775 -0.00950003 -0.286712 0.580948 -0.283368 0.707106
149 0.9832 -0.0735 -0.00880003 -0.28783 0.579789 -0.284577 0.707108
150 0.9807 -0.0695 -0.00829995 -0.288385 0.578896 -0.285863 0.707106
151 0.9783 -0.0652 -0.00759995 -0.288738 0.578432 -0.286424 0.707107
152 0.9757 -0.0611 -0.00680006 -0.287735 0.578483 -0.287352 0.707106
153 0.973 -0.0569 -0.00600004 -0.285205 0.579414 -0.287979 0.707107
154 0.9704 -0.0527 -0.005 -0.283104 0.58036 -0.288147 0.707106
155 0.9676 -0.0484 -0.00390005 -0.280063 0.581881 -0.288047 0.707107
156 0.9647 -0.0442 -0.00269997 -0.276653 0.583455 -0.288176 0.707106
157 0.9619 -0.0401 -0.00139999 -0.27321 0.585114 -0.288092 0.707106
158 0.959 -0.036 0.00030005 -0.27086 0.58616 -0.288182 0.707106
159 0.956 -0.0321 0.00179994 -0.268664 0.587025 -0.288477 0.707106
160 0.9531 -0.0281 0.0036 -0.267458 0.587172 -0.289293 0.707107
161 0.95 -0.0243 0.00559998 -0.265917 0.587499 -0.290061 0.707106
162 0.9471 -0.0205 0.00750005 -0.266028 0.587072 -0.290826 0.707106
163 0.9441 -0.0168 0.00950003 -0.266603 0.586484 -0.291478 0.707106
164 0.9409 -0.013 0.0116 -0.267704 0.585718 -0.291983 0.707107
165 0.9379 -0.0094 0.0137 -0.269295 0.585036 -0.291907 0.707106
166 0.9348 -0.0057 0.0159 -0.270772 0.584086 -0.292459 0.707106
167 0.9315 -0.0021 0.018 -0.272752 0.58282 -0.293133 0.707106
168 0.9284 0.0015 0.0202 -0.274668 0.581565 -0.293829 0.707106
169 0.9252 0.0052 0.0222 -0.276377 0.580428 -0.294479 0.707106
170 0.922 0.0088 0.0244 -0.278479 0.579142 -0.295029 0.707106
171 0.9186 0.0125 0.0264 -0.280302 0.577766 -0.296018 0.707105
172 0.9154 0.0161 0.0285 -0.282143 0.576393 -0.296923 0.707106
173 0.9121 0.0199 0.0304 -0.283272 0.575402 -0.297758 0.707107
174 0.9086 0.0236 0.0325 -0.284257 0.574252 -0.299053 0.707106
175 0.9052 0.0274 0.0344 -0.284927 0.573572 -0.299714 0.707106
176 0.9015 0.031 0.0364 -0.284725 0.57304 -0.300935 0.707106
177 0.8981 0.0349 0.0381 -0.285046 0.573128 -0.300453 0.707106
178 0.8944 0.0387 0.04 -0.284311 0.573558 -0.300325 0.707106
179 0.8908 0.0426 0.0419 -0.283571 0.574139 -0.299925 0.707106
180 0.8872 0.0464 0.0436 -0.281624 0.575195 -0.29974 0.707106
181 0.8837 0.0503 0.0453 -0.279635 0.576117 -0.299812 0.707106
182 0.8798 0.0541 0.0470001 -0.276465 0.577394 -0.300293 0.707106
183 0.876 0.0578 0.0486 -0.272989 0.579015 -0.300372 0.707106
184 0.8723 0.0616 0.0504 -0.26999 0.581302 -0.298641 0.707106
185 0.8685 0.0656 0.0523 -0.2674 0.583708 -0.296275 0.707106
186 0.8648 0.0693 0.0542001 -0.264446 0.586502 -0.293403 0.707106
187 0.8611 0.0732 0.056 -0.261882 0.589051 -0.290577 0.707106
188 0.8573 0.0768 0.0577 -0.25848 0.591562 -0.288504 0.707106
189 0.8536 0.0804 0.0595 -0.255823 0.59369 -0.286506 0.707106
190 0.85 0.0841 0.0611 -0.253217 0.595217 -0.285649 0.707106
191 0.8461 0.0877 0.0628 -0.249801 0.597012 -0.284903 0.707106
192 0.8424 0.0911 0.0647 -0.246912 0.598965 -0.28333 0.707106
193 0.8387 0.0946 0.0666 -0.244633 0.601085 -0.280798 0.707106
194 0.8351 0.098 0.0685 -0.24288 0.603165 -0.277837 0.707107
195 0.8315 0.1013 0.0704 -0.240993 0.605233 -0.27497 0.707107
196 0.8279 0.1045 0.0723 -0.239209 0.607125 -0.272344 0.707107
197 0.8243 0.1076 0.0742 -0.237513 0.608974 -0.269705 0.707106
198 0.8207 0.1108 0.0761 -0.236257 0.610872 -0.266499 0.707106
199 0.8172 0.1139 0.0779999 -0.234799 0.612781 -0.263377 0.707106
200 0.8137 0.1171 0.0801001 -0.234072 0.615063 -0.258669 0.707106
201 0.8102 0.12 0.0821 -0.233439 0.617734 -0.252799 0.707106
202 0.8067 0.123 0.0843 -0.233485 0.620364 -0.246224 0.707107
203 0.8032 0.1259 0.0864 -0.233005 0.623423 -0.238851 0.707106
204 0.8 0.1287 0.0885 -0.232038 0.626698 -0.231118 0.707105
205 0.7967 0.1314 0.0907 -0.230972 0.629458 -0.224567 0.707107
206 0.7935 0.1342 0.0928 -0.229404 0.632548 -0.217372 0.707107
207 0.7901 0.1368 0.095 -0.228053 0.635146 -0.21113 0.707107
208 0.787 0.1396 0.0972 -0.227172 0.637752 -0.204107 0.707107
209 0.7837 0.1421 0.0993 -0.225393 0.640187 -0.19839 0.707106
210 0.7805 0.1449 0.1013 -0.223838 0.642479 -0.192661 0.707106
211 0.7773 0.1476 0.1031 -0.222558 0.644485 -0.187355 0.707107
212 0.7744 0.1501 0.1049 -0.220877 0.646331 -0.182929 0.707107
213 0.7713 0.1527 0.1065 -0.219331 0.648122 -0.178419 0.707106
214 0.7682 0.155 0.1081 -0.21731 0.649785 -0.174818 0.707105
215 0.7651 0.1576 0.11 -0.216184 0.651136 -0.17114 0.707105
216 0.7619 0.1602 0.1119 -0.215007 0.652513 -0.167328 0.707106
217 0.7587 0.1626 0.1138 -0.214687 0.653593 -0.163474 0.707106
218 0.7554 0.165 0.1158 -0.214279 0.654787 -0.159197 0.707105
219 0.752 0.1675 0.1181 -0.213006 0.656371 -0.154283 0.707106
220 0.7487 0.1698 0.1202 -0.211013 0.658271 -0.148841 0.707106
221 0.7456 0.1722 0.1223 -0.208938 0.660274 -0.142777 0.707105
222 0.742 0.1746 0.1246 -0.204928 0.662491 -0.13825 0.707105
223 0.7386 0.1768 0.1265 -0.20095 0.664577 -0.134025 0.707104
224 0.7352 0.1791 0.1284 -0.196458 0.666851 -0.129293 0.707105
225 0.7319 0.1813 0.1302 -0.192957 0.668796 -0.124414 0.707106
226 0.7285 0.1834 0.1319 -0.188986 0.670852 -0.119333 0.707106
227 0.725 0.1855 0.1338 -0.184314 0.672934 -0.114848 0.707106
228 0.7216 0.1875 0.1355 -0.179875 0.674905 -0.110213 0.707106
229 0.7182 0.1895 0.1371 -0.175072 0.676813 -0.106138 0.707108
230 0.7145 0.1914 0.1387 -0.169564 0.678674 -0.103206 0.707105
231 0.7112 0.1933 0.1402 -0.162828 0.680746 -0.100365 0.707106
232 0.7078 0.1952 0.1415 -0.156829 0.682509 -0.0978995 0.707106
233 0.7044 0.197 0.1429 -0.151997 0.683983 -0.0951788 0.707107
234 0.7012 0.1987 0.1441 -0.146284 0.685688 -0.0918427 0.707105
235 0.6981 0.2005 0.1453 -0.142491 0.686907 -0.0886508 0.707105
236 0.695 0.2021 0.1465 -0.140344 0.687718 -0.0857053 0.707106
237 0.692 0.2039 0.1478 -0.139301 0.688181 -0.0836659 0.707106
238 0.689 0.2055 0.1488 -0.13764 0.688783 -0.0814433 0.707106
239 0.686 0.2072 0.1497 -0.137201 0.688949 -0.0808003 0.707105
240 0.6832 0.2089 0.1505 -0.136882 0.68906 -0.0803693 0.707106
241 0.6805 0.2106 0.1511 -0.137273 0.688972 -0.0804463 0.707106
242 0.6778 0.2126 0.1515 -0.138538 0.68868 -0.0807874 0.707106
243 0.6752 0.2146 0.1518 -0.14022 0.688253 -0.0815113 0.707106
244 0.6726 0.2165 0.152 -0.142502 0.687804 -0.0813424 0.707106
245 0.6702 0.2185 0.152 -0.144937 0.68729 -0.0813941 0.707106
246 0.6675 0.2206 0.1519 -0.147418 0.686746 -0.0815188 0.707106
247 0.6654 0.2227 0.1516 -0.14958 0.686296 -0.0813967 0.707105
248 0.6632 0.2248 0.1512 -0.152093 0.685679 -0.0818942 0.707107
249 0.6609 0.2269 0.1506 -0.154741 0.684977 -0.082808 0.707107
250 0.6587 0.2293 0.15 -0.157321 0.684235 -0.0841132 0.707105
251 0.6566 0.2315 0.1493 -0.16092 0.683129 -0.086269 0.707105
252 0.6548 0.2338 0.1483 -0.16522 0.681817 -0.088494 0.707105
253 0.6528 0.2361 0.1474 -0.169368 0.680424 -0.0913239 0.707105
254 0.6511 0.2386 0.1461 -0.174341 0.678735 -0.094464 0.707106
255 0.6492 0.241 0.1449 -0.177944 0.67735 -0.0976408 0.707106
256 0.6475 0.2437 0.1434 -0.183259 0.675447 -0.100925 0.707106
257 0.646 0.2462 0.1419 -0.187476 0.673835 -0.103916 0.707106
258 0.6445 0.2489 0.1402 -0.192301 0.672007 -0.106878 0.707107
259 0.643 0.2516 0.1385 -0.196382 0.670352 -0.109846 0.707105
260 0.6414 0.2543 0.1367 -0.201104 0.668178 -0.114429 0.707106
261 0.6403 0.2573 0.1349 -0.206893 0.665688 -0.118517 0.707108
262 0.6389 0.2603 0.1329 -0.212017 0.663289 -0.122877 0.707105
263 0.6375 0.2632 0.1311 -0.216529 0.660969 -0.127444 0.707104
264 0.6362 0.2662 0.1292 -0.220881 0.65861 -0.132069 0.707106
265 0.635 0.2693 0.1273 -0.224807 0.656359 -0.136586 0.707106
266 0.6338 0.2723 0.1255 -0.229146 0.653974 -0.140749 0.707106
267 0.6327 0.2755 0.1236 -0.233238 0.651704 -0.144519 0.707105
268 0.6317 0.2787 0.1217 -0.237387 0.649463 -0.147781 0.707107
269 0.6306 0.282 0.1198 -0.241934 0.647008 -0.151126 0.707108
270 0.6295 0.2853 0.1178 -0.246526 0.644444 -0.154646 0.707106
271 0.6286 0.2888 0.1157 -0.250999 0.641721 -0.158738 0.707105
272 0.6277 0.2923 0.1136 -0.255093 0.63906 -0.162883 0.707106
273 0.6266 0.2958 0.1115 -0.258584 0.636523 -0.167279 0.707104
274 0.6259 0.2996 0.1091 -0.262051 0.634111 -0.170995 0.707105
275 0.625 0.3032 0.1069 -0.263903 0.632049 -0.175694 0.707106
276 0.6242 0.3073 0.1049 -0.267488 0.629587 -0.179057 0.707108
277 0.6231 0.3109 0.1028 -0.269112 0.627721 -0.18316 0.707105
278 0.6222 0.3149 0.1007 -0.271375 0.625764 -0.186462 0.707107
279 0.6216 0.3189 0.0987 -0.274653 0.623473 -0.189324 0.707107
280 0.6209 0.323 0.0966001 -0.277302 0.621125 -0.193159 0.707105
281 0.6199 0.3268 0.0947 -0.27809 0.618935 -0.19898 0.707104
282 0.6195 0.3309 0.0927 -0.280943 0.616004 -0.203971 0.707107
283 0.6187 0.335 0.0905 -0.282068 0.613478 -0.209976 0.707104
284 0.618 0.3392 0.0886 -0.282713 0.611301 -0.215377 0.707105
285 0.6172 0.3433 0.0867 -0.283115 0.608873 -0.221618 0.707107
286 0.6167 0.3476 0.085 -0.284025 0.606891 -0.225866 0.707106
287 0.616 0.352 0.0834 -0.284669 0.605172 -0.229618 0.707107
288 0.6153 0.3564 0.0819 -0.285311 0.603558 -0.233059 0.707106
289 0.6149 0.3607 0.0803 -0.285272 0.602215 -0.236553 0.707106
290 0.6143 0.3651 0.0788 -0.284764 0.600951 -0.240365 0.707105
291 0.6137 0.3696 0.0775 -0.283504 0.599973 -0.244245 0.707106
292 0.6131 0.374 0.0762 -0.281167 0.599369 -0.248405 0.707105
293 0.6127 0.3785 0.075 -0.279059 0.599067 -0.251497 0.707105
294 0.6123 0.3831 0.0738 -0.277719 0.598662 -0.253926 0.707106
295 0.6117 0.3876 0.0728 -0.275322 0.598633 -0.256561 0.707108
296 0.6114 0.3923 0.0719 -0.273913 0.598362 -0.258706 0.707107
297 0.6109 0.3967 0.071 -0.271161 0.598354 -0.261632 0.707105
298 0.6109 0.4013 0.0700001 -0.270365 0.597245 -0.264939 0.707107
299 0.611 0.4059 0.0691 -0.270145 0.595561 -0.268942 0.707106
300 0.6111 0.4102 0.068 -0.270719 0.59331 -0.273314 0.707105
301 0.6111 0.4147 0.0673 -0.27035 0.590746 -0.279165 0.707106
302 0.6113 0.419 0.0666 -0.272132 0.587545 -0.284122 0.707107
303 0.6116 0.4234 0.0659 -0.274017 0.584343 -0.2889 0.707106
304 0.6118 0.4279 0.0655 -0.274694 0.581806 -0.293331 0.707106
305 0.6123 0.432 0.0651 -0.276244 0.57837 -0.298624 0.707106
306 0.6125 0.4364 0.0648 -0.276495 0.575222 -0.304423 0.707106
307 0.6136 0.4408 0.0641 -0.280629 0.570967 -0.308602 0.707107
308 0.6141 0.4451 0.0635999 -0.281749 0.567282 -0.314336 0.707106
309 0.6148 0.4497 0.0633 -0.28306 0.563478 -0.319947 0.707106
310 0.6155 0.454 0.0627 -0.284025 0.559926 -0.325278 0.707106
311 0.6162 0.4585 0.0623 -0.28551 0.556342 -0.330109 0.707106
312 0.6169 0.4629 0.0619 -0.285527 0.553539 -0.334769 0.707106
313 0.6175 0.4674 0.0616 -0.285822 0.550796 -0.339019 0.707106
314 0.6183 0.4717 0.0612 -0.286424 0.548459 -0.342293 0.707106
315 0.6192 0.4762 0.0609 -0.286649 0.546225 -0.345621 0.707106
316 0.6204 0.4807 0.0607001 -0.288243 0.544003 -0.347807 0.707106
317 0.6209 0.4851 0.0605 -0.288036 0.543122 -0.349364 0.707106
318 0.6219 0.4896 0.0603 -0.288756 0.541874 -0.350692 0.707106
319 0.6225 0.4939 0.0603 -0.289137 0.540741 -0.352142 0.707106
320 0.6233 0.4983 0.0601 -0.289362 0.53989 -0.35323 0.707106
321 0.624 0.5026 0.0601 -0.28832 0.539605 -0.354519 0.707106
322 0.6246 0.507 0.0599999 -0.288126 0.539269 -0.355208 0.707106
323 0.6254 0.5111 0.0599 -0.287615 0.539018 -0.356003 0.707106
324 0.6259 0.5155 0.0599999 -0.286044 0.539287 -0.356846 0.707106
325 0.6264 0.5195 0.0599 -0.283642 0.540823 -0.356432 0.707106
326 0.6267 0.5236 0.0602 -0.282034 0.541992 -0.355961 0.707106
327 0.6273 0.5276 0.0601 -0.282479 0.542987 -0.354089 0.707106
328 0.6276 0.5314 0.0603 -0.281444 0.54445 -0.352654 0.707106
329 0.6278 0.5351 0.0605 -0.279924 0.546309 -0.350998 0.707106
330 0.6281 0.5388 0.0604 -0.278445 0.548174 -0.349234 0.707106
331 0.6284 0.5423 0.0603 -0.277682 0.549458 -0.347843 0.707106
332 0.6285 0.5457 0.0602 -0.276395 0.550846 -0.346659 0.707106
333 0.6289 0.549 0.0601 -0.275626 0.552016 -0.345421 0.707106
334 0.6287 0.5523 0.0602 -0.274662 0.553412 -0.343938 0.707106
335 0.629 0.5556 0.0602 -0.276285 0.553866 -0.341912 0.707106
336 0.6292 0.5588 0.0601 -0.277382 0.555197 -0.338842 0.707106
337 0.6292 0.5618 0.0601 -0.277769 0.55648 -0.336408 0.707106
338 0.6295 0.5648 0.0602 -0.278272 0.558069 -0.333331 0.707106
339 0.6294 0.5677 0.0604 -0.278236 0.559124 -0.331609 0.707106
340 0.6297 0.5706 0.0603 -0.280665 0.560131 -0.327822 0.707106
341 0.6298 0.5734 0.0605 -0.281963 0.561157 -0.324952 0.707106
342 0.6299 0.5761 0.0606 -0.283142 0.562435 -0.321737 0.707106
343 0.6297 0.5787 0.061 -0.283625 0.563855 -0.318787 0.707106
344 0.6303 0.5815 0.0611 -0.285808 0.565225 -0.314364 0.707107
345 0.6303 0.5843 0.0612 -0.286111 0.567095 -0.310716 0.707106
346 0.6304 0.5871 0.0613 -0.285635 0.569194 -0.307305 0.707106
347 0.6307 0.5897 0.0614001 -0.2856 0.571225 -0.303546 0.707106
348 0.6308 0.5923 0.0616 -0.28535 0.573058 -0.300307 0.707106
349 0.6308 0.5949 0.062 -0.284817 0.575238 -0.296627 0.707106
350 0.6311 0.5975 0.0622 -0.285127 0.577314 -0.292251 0.707106
351 0.6314 0.6001 0.0624 -0.285884 0.579474 -0.287186 0.707106
352 0.6317 0.6026 0.0627 -0.285702 0.581579 -0.283114 0.707105
353 0.632 0.6052 0.063 -0.285184 0.583849 -0.278896 0.707107
354 0.6323 0.6076 0.0631 -0.282987 0.586253 -0.276103 0.707105
355 0.6326 0.61 0.0631 -0.281115 0.588083 -0.274085 0.707107
356 0.6329 0.6125 0.063 -0.278746 0.59015 -0.272065 0.707106
357 0.6332 0.615 0.0631 -0.276134 0.592312 -0.270031 0.707106
358 0.6335 0.6176 0.0628999 -0.274414 0.594284 -0.267445 0.707106
359 0.6338 0.6201 0.0628999 -0.272191 0.596399 -0.264988 0.707106
360 0.634 0.6226 0.063 -0.269025 0.599191 -0.261917 0.707105
361 0.6342 0.6252 0.0628999 -0.265765 0.602058 -0.258639 0.707106
362 0.6345 0.628 0.0626 -0.262374 0.604926 -0.255391 0.707106
363 0.6348 0.6308 0.0625 -0.258565 0.60776 -0.252516 0.707107
364 0.6348 0.6334 0.0623 -0.254951 0.610249 -0.250188 0.707106
365 0.6351 0.636 0.0621001 -0.252502 0.612429 -0.247331 0.707106
366 0.6354 0.6386 0.0619 -0.250808 0.61411 -0.244867 0.707107
367 0.6356 0.6413 0.0618 -0.250789 0.615379 -0.241684 0.707106
368 0.636 0.6439 0.0618 -0.251427 0.616101 -0.239154 0.707107
369 0.6357 0.6464 0.0617 -0.250138 0.617361 -0.237255 0.707107
370 0.6357 0.6493 0.0616 -0.249447 0.618754 -0.234343 0.707106
371 0.6357 0.6524 0.0614001 -0.247512 0.620795 -0.230981 0.707106
372 0.6354 0.6551 0.0613 -0.243616 0.623455 -0.227925 0.707107
373 0.6353 0.6579 0.061 -0.239532 0.626098 -0.225017 0.707105
374 0.6349 0.6609 0.0605 -0.235003 0.62874 -0.222384 0.707107
375 0.6345 0.6638 0.0602 -0.231043 0.631259 -0.219397 0.707105
376 0.6339 0.6666 0.0599 -0.225991 0.634203 -0.21614 0.707105
377 0.6333 0.6695 0.0597 -0.221417 0.637007 -0.212597 0.707106
378 0.6325 0.6723 0.0597 -0.21665 0.639743 -0.209247 0.707107
379 0.6317 0.675 0.0597 -0.210158 0.643102 -0.20555 0.707106
380 0.6308 0.678 0.0595 -0.203117 0.646651 -0.201458 0.707106
381 0.6299 0.6809 0.0594 -0.194816 0.65051 -0.197187 0.707106
382 0.629 0.6837 0.0592999 -0.186946 0.653979 -0.193286 0.707107
383 0.6282 0.6863 0.0592 -0.179878 0.657208 -0.18899 0.707107
384 0.6271 0.689 0.0592999 -0.172716 0.660162 -0.18536 0.707105
385 0.6261 0.6915 0.0594 -0.166628 0.663094 -0.180384 0.707107
386 0.6249 0.6939 0.0596 -0.16214 0.665486 -0.17561 0.707106
387 0.6242 0.6963 0.0599 -0.15838 0.667725 -0.170469 0.707106
388 0.6232 0.6987 0.0603 -0.154192 0.669792 -0.16614 0.707106
389 0.622 0.7009 0.0608 -0.148476 0.671779 -0.163307 0.707106
390 0.6214 0.7034 0.0609 -0.145064 0.673493 -0.159255 0.707106
391 0.6205 0.7055 0.0612 -0.140375 0.675185 -0.156265 0.707106
392 0.6198 0.7079 0.0613 -0.135748 0.676709 -0.153737 0.707106
393 0.6189 0.7101 0.0615 -0.13158 0.678018 -0.151582 0.707106
394 0.6182 0.7123 0.0616 -0.126808 0.679586 -0.148598 0.707106
395 0.6172 0.7145 0.062 -0.121654 0.681114 -0.145884 0.707106
396 0.6165 0.7167 0.0622 -0.118163 0.682289 -0.143241 0.707106
397 0.6157 0.7192 0.0622 -0.11401 0.683689 -0.139891 0.707106
398 0.6148 0.7214 0.0626 -0.109264 0.685168 -0.1364 0.707106
399 0.6142 0.7238 0.0628 -0.10438 0.686671 -0.132617 0.707106
400 0.6135 0.726 0.0628999 -0.100122 0.687835 -0.129833 0.707106
401 0.613 0.7284 0.063 -0.0954382 0.689188 -0.126144 0.707106
402 0.6123 0.7305 0.0631 -0.0917864 0.6902 -0.123281 0.707106
403 0.6116 0.7328 0.0631 -0.0879676 0.691264 -0.120059 0.707106
404 0.611 0.7353 0.0631 -0.084352 0.692187 -0.117308 0.707106
405 0.6104 0.7375 0.0633 -0.0807853 0.693053 -0.114672 0.707106
406 0.61 0.7398 0.0633 -0.0769791 0.693891 -0.112203 0.707106
407 0.6094 0.7421 0.0633 -0.0729514 0.694723 -0.109715 0.707106
408 0.6089 0.7444 0.0634 -0.069308 0.695432 -0.107564 0.707106
409 0.6084 0.7468 0.0634 -0.066669 0.696126 -0.104698 0.707106
410 0.6077 0.749 0.0634 -0.063471 0.696858 -0.101777 0.707106
411 0.6068 0.7509 0.0632 -0.060187 0.697467 -0.099581 0.707106
412 0.6068 0.7531 0.0632 -0.0606913 0.69772 -0.0974771 0.707106
413 0.606 0.7551 0.0635 -0.0582015 0.698188 -0.0956324 0.707106
414 0.6055 0.7575 0.0635999 -0.0570631 0.698586 -0.0933758 0.707106
415 0.6049 0.7596 0.0635 -0.0547998 0.699006 -0.0915791 0.707106
416 0.6045 0.7617 0.0634 -0.0524603 0.699428 -0.0897076 0.707106
417 0.6038 0.7639 0.0632 -0.0494316 0.699788 -0.0886166 0.707106
418 0.6035 0.7661 0.063 -0.0468957 0.70004 -0.0879984 0.707106
419 0.6029 0.7683 0.0628 -0.0436982 0.70028 -0.0877348 0.707106
420 0.6023 0.7707 0.0625 -0.0401131 0.700544 -0.0873414 0.707106
421 0.6018 0.7727 0.0623 -0.0362738 0.700745 -0.0874006 0.707106
422 0.6017 0.7749 0.0617 -0.0331804 0.701068 -0.086031 0.707106
423 0.6011 0.7772 0.0613 -0.0288019 0.701319 -0.0855633 0.707106
424 0.6007 0.7795 0.0608 -0.0244622 0.7015 -0.0854324 0.707106
425 0.5999 0.7818 0.0603 -0.0195566 0.70179 -0.0843018 0.707106
426 0.5995 0.7841 0.0599 -0.0149237 0.701891 -0.0844059 0.707106
427 0.5991 0.7859 0.0595 -0.00979474 0.702126 -0.0832001 0.707106
428 0.5987 0.7875 0.059 -0.00493561 0.702214 -0.0828823 0.707106
429 0.5983 0.7892 0.0587 -0.000556006 0.702218 -0.0829933 0.707106
430 0.5977 0.7911 0.0582 0.00328562 0.702228 -0.0828464 0.707106
431 0.5972 0.7932 0.0577 0.0067602 0.702135 -0.0834173 0.707106
432 0.5966 0.7954 0.0573 0.011376 0.702169 -0.0826295 0.707106
433 0.5958 0.7976 0.0568 0.0159897 0.702118 -0.0822971 0.707106
434 0.5955 0.7998 0.0561 0.0205893 0.702156 -0.0809384 0.707106
435 0.595 0.8018 0.0555 0.0256238 0.70221 -0.0790134 0.707106
436 0.5945 0.8039 0.0548 0.0299797 0.702308 -0.0765683 0.707106
437 0.594 0.8056 0.0542001 0.0334868 0.702485 -0.0734329 0.707106
438 0.5934 0.8075 0.0535001 0.0370384 0.70257 -0.0708699 0.707106
439 0.5929 0.8093 0.0528001 0.0407249 0.702748 -0.0669686 0.707106
440 0.5923 0.8112 0.0520999 0.044479 0.702858 -0.0633359 0.707106
441 0.5917 0.8131 0.0513999 0.0488239 0.702864 -0.059979 0.707107
442 0.5911 0.8148 0.0506001 0.0535442 0.702824 -0.0563122 0.707107
443 0.5904 0.8165 0.0497 0.0572935 0.702784 -0.0530139 0.707106
444 0.5898 0.8185 0.0487 0.06145 0.702641 -0.0501749 0.707105
445 0.5891 0.8201 0.0479 0.0652127 0.702536 -0.0467921 0.707106
446 0.5884 0.8219 0.0469 0.0688607 0.702375 -0.0438822 0.707106
447 0.5877 0.8235 0.0459 0.0720454 0.702304 -0.0397065 0.707106
448 0.5871 0.8253 0.0448 0.0764473 0.702048 -0.0357996 0.707105
449 0.5864 0.8267 0.0438 0.07936 0.701937 -0.0313719 0.707106
450 0.5859 0.8282 0.0427999 0.0833353 0.701627 -0.0277976 0.707106
451 0.5853 0.8297 0.0417 0.0860307 0.701425 -0.0244936 0.707106
452 0.5846 0.8312 0.0408 0.0887455 0.701194 -0.0212378 0.707107
453 0.5837 0.8327 0.0397 0.0909593 0.700989 -0.0184684 0.707107
454 0.5834 0.8341 0.0386 0.0937308 0.700704 -0.0151243 0.707107
455 0.5827 0.8355 0.0376 0.0964337 0.700385 -0.0126713 0.707106
456 0.5823 0.8369 0.0365 0.0990112 0.700081 -0.0090671 0.707106
457 0.5817 0.8382 0.0355 0.102218 0.69965 -0.00655792 0.707108
458 0.5812 0.8393 0.0344 0.106375 0.699049 -0.00360546 0.707106
459 0.5808 0.8406 0.0334001 0.110937 0.698349 -0.0011723 0.707107
460 0.5802 0.8418 0.0324 0.115404 0.697623 0.00103408 0.707105
461 0.5797 0.8429 0.0314 0.119988 0.696846 0.00293921 0.707107
462 0.5794 0.8442 0.0305001 0.124474 0.696051 0.00442573 0.707107
463 0.579 0.8452 0.0298001 0.128666 0.695277 0.00572686 0.707105
464 0.5786 0.846 0.029 0.132849 0.694474 0.00743621 0.707106
465 0.5784 0.847 0.0281 0.138917 0.693262 0.00948844 0.707107
466 0.5781 0.8482 0.0274 0.144634 0.692065 0.0111685 0.707106
467 0.5778 0.849 0.0266 0.150586 0.690757 0.0134065 0.707107
468 0.5776 0.8499 0.0259 0.157233 0.689234 0.0153104 0.707106
469 0.5774 0.8507 0.0252 0.163794 0.687668 0.0167918 0.707106
470 0.5771 0.8515 0.0246 0.171523 0.685703 0.0196474 0.707104
471 0.577 0.852 0.0238 0.179529 0.683565 0.0225975 0.707107
472 0.5768 0.8528 0.0232 0.188037 0.681221 0.0241312 0.707107
473 0.5767 0.8536 0.0226001 0.196909 0.67864 0.0260278 0.707107
474 0.5767 0.8542 0.022 0.204616 0.67628 0.0279281 0.707107
475 0.5767 0.8551 0.0211999 0.212924 0.67363 0.0297478 0.707106
476 0.5769 0.8556 0.0207 0.218805 0.671645 0.0318075 0.707105
477 0.577 0.8563 0.0201 0.225051 0.669531 0.0327272 0.707104
478 0.5776 0.8568 0.0194 0.230811 0.667582 0.0324877 0.707105
479 0.578 0.8574 0.0188 0.236647 0.665564 0.0320208 0.707107
480 0.5783 0.8578 0.0184 0.241376 0.663846 0.0323008 0.707106
481 0.5787 0.8584 0.018 0.245744 0.662184 0.033459 0.707106
482 0.5792 0.8588 0.0176001 0.249959 0.660523 0.0350729 0.707106
483 0.5797 0.8591 0.0172 0.253414 0.65909 0.0370806 0.707105
484 0.5802 0.8594 0.0168999 0.256192 0.657845 0.040045 0.707106
485 0.5805 0.8596 0.0165 0.258963 0.656536 0.0435016 0.707105
486 0.581 0.8597 0.0161999 0.261595 0.655242 0.047212 0.707107
487 0.5814 0.8599 0.0158 0.264579 0.65376 0.0508721 0.707105
488 0.5815 0.86 0.0161 0.266694 0.65246 0.0563066 0.707106
489 0.5818 0.86 0.0161 0.269343 0.650894 0.0615892 0.707107
490 0.5821 0.8601 0.0159 0.272041 0.649288 0.066402 0.707105
491 0.5824 0.8603 0.0158 0.274266 0.647902 0.0707057 0.707106
492 0.5829 0.8602 0.0157 0.276111 0.646352 0.0773677 0.707105
493 0.5832 0.8602 0.0156 0.277724 0.644962 0.0829303 0.707103
494 0.5835 0.8602 0.0156 0.279333 0.643584 0.0881138 0.707105
495 0.5839 0.86 0.0156 0.280505 0.64233 0.0934443 0.707107
496 0.5842 0.86 0.0156 0.281821 0.641029 0.0982634 0.707106
497 0.5845 0.8597 0.0157 0.282086 0.640093 0.103451 0.707105
498 0.585 0.8597 0.0157 0.282888 0.639007 0.107859 0.707104
499 0.5857 0.8595 0.0159 0.283386 0.638011 0.112391 0.707106
500 0.5862 0.8594 0.0158 0.284812 0.636929 0.114863 0.707104
501 0.5865 0.8592 0.016 0.285228 0.636128 0.118208 0.707103
502 0.5871 0.8589 0.0163 0.286071 0.635255 0.120937 0.70711
503 0.5877 0.8584 0.0165 0.287192 0.634551 0.121895 0.707104
504 0.5883 0.8579 0.0168 0.288525 0.633667 0.123378 0.707107
505 0.5891 0.8577 0.0172 0.289935 0.632962 0.123646 0.707104
506 0.5899 0.8572 0.0175 0.291756 0.632049 0.124097 0.707109
507 0.5906 0.8571 0.0178 0.294594 0.630789 0.123827 0.70711
508 0.5914 0.8567 0.0181 0.296075 0.630121 0.123689 0.70711
509 0.5921 0.8564 0.0184 0.297314 0.629527 0.123727 0.707109
510 0.5931 0.8559 0.0188 0.297851 0.629147 0.124315 0.707105
511 0.5938 0.8556 0.0189 0.299738 0.628366 0.123706 0.707104
512 0.5947 0.8551 0.0192 0.301467 0.627465 0.124165 0.70711
513 0.5955 0.8547 0.0194 0.304417 0.625941 0.124598 0.707105
514 0.5964 0.8545 0.0196 0.307786 0.624044 0.125815 0.707104
515 0.5971 0.8544 0.02 0.311675 0.621811 0.127279 0.707104
516 0.5979 0.8543 0.0201 0.315737 0.619182 0.130087 0.707106
517 0.5986 0.854 0.0203 0.318435 0.617279 0.132595 0.707111
518 0.5996 0.8539 0.0204999 0.321737 0.614805 0.136039 0.707109
519 0.6003 0.854 0.0208 0.325134 0.612722 0.137304 0.707104
520 0.6014 0.8537 0.0207 0.32832 0.610305 0.140414 0.707102
521 0.6022 0.8537 0.0208 0.332052 0.607852 0.14234 0.707107
522 0.6032 0.8538 0.0208 0.335533 0.605322 0.144919 0.707106
523 0.6042 0.8539 0.0208 0.338513 0.602927 0.147881 0.707101
524 0.6053 0.8538 0.0208 0.340871 0.600762 0.151301 0.707106
525 0.6064 0.8538 0.0207 0.342448 0.599146 0.154132 0.707107
526 0.6075 0.8538 0.0206 0.344299 0.597625 0.155878 0.707105
527 0.6086 0.8539 0.0206 0.346627 0.596001 0.156944 0.707106
528 0.6099 0.8538 0.0204999 0.348792 0.59463 0.15735 0.707107
529 0.6111 0.8537 0.0204 0.351423 0.592799 0.158435 0.707109
530 0.6122 0.8536 0.0203 0.35385 0.591116 0.159283 0.707106
531 0.6135 0.8538 0.0201 0.35735 0.589235 0.15847 0.707109
532 0.6147 0.8538 0.02 0.359959 0.587631 0.158461 0.707104
533 0.6158 0.8537 0.02 0.362142 0.586227 0.158707 0.707106
534 0.617 0.8536 0.0201 0.363816 0.585073 0.159174 0.707108
535 0.6183 0.8534 0.0201 0.365433 0.584059 0.159113 0.707102
536 0.6194 0.8534 0.0201 0.367633 0.58286 0.158483 0.707106
537 0.6205 0.8534 0.0202 0.369328 0.581543 0.159389 0.707107
538 0.6217 0.8534 0.0202 0.370885 0.580059 0.161159 0.707106
539 0.6227 0.8533 0.0202 0.372799 0.578472 0.162435 0.707105
540 0.6238 0.8532 0.0203 0.375102 0.576343 0.164722 0.707108
541 0.6246 0.8531 0.0203 0.377623 0.574119 0.166716 0.707108
542 0.6255 0.8532 0.0202 0.380919 0.57133 0.168778 0.707107
543 0.6263 0.853 0.0202 0.383495 0.568775 0.17159 0.70711
544 0.6268 0.8531 0.0202 0.386908 0.566017 0.172996 0.707107
545 0.6275 0.8529 0.0202 0.390337 0.562936 0.175337 0.707107
546 0.6281 0.8529 0.0202 0.393802 0.559426 0.178755 0.707104
547 0.6285 0.8528 0.0202 0.396921 0.55611 0.182194 0.707106
548 0.629 0.8528 0.0202 0.399693 0.55304 0.185466 0.707107
549 0.6294 0.8527 0.0201 0.402148 0.550374 0.187991 0.707101
550 0.6298 0.8527 0.02 0.404081 0.548305 0.18992 0.707104
551 0.6303 0.8526 0.02 0.405327 0.546913 0.191345 0.70711
552 0.6307 0.8527 0.0199 0.405977 0.545899 0.19279 0.707105
553 0.6312 0.8529 0.0197999 0.406396 0.545269 0.193746 0.707109
554 0.6316 0.8531 0.0197001 0.406044 0.54503 0.195054 0.707101
555 0.632 0.8532 0.0195 0.405436 0.54492 0.196712 0.707109
556 0.6324 0.8533 0.0195 0.404262 0.545384 0.19779 0.707104
557 0.6329 0.8533 0.0193 0.403053 0.545653 0.199464 0.707101
558 0.6334 0.8534 0.0190001 0.401975 0.546042 0.200591 0.707102
559 0.6338 0.8535 0.0188 0.400897 0.546584 0.201332 0.707108
560 0.6343 0.8535 0.0187 0.399483 0.547207 0.20243 0.707107
561 0.6347 0.8535 0.0187 0.398159 0.548001 0.202845 0.707102
562 0.6352 0.8535 0.0186 0.396901 0.548871 0.203044 0.707111
563 0.6357 0.8534 0.0185 0.395188 0.550021 0.203273 0.707111
564 0.636 0.8532 0.0187 0.393189 0.551619 0.202802 0.707109
565 0.6366 0.8531 0.0187 0.391011 0.553479 0.201914 0.707106
566 0.6371 0.8531 0.0187 0.388763 0.555579 0.200507 0.707108
567 0.6377 0.8528 0.0187 0.386559 0.557421 0.199615 0.707105
568 0.6384 0.8526 0.0187 0.384774 0.558736 0.199368 0.707102
569 0.6391 0.8522 0.0187 0.383653 0.559579 0.199209 0.707107
570 0.6397 0.8519 0.0187 0.383083 0.559656 0.200089 0.707107
571 0.6403 0.8515 0.0189 0.382627 0.559838 0.200404 0.707102
572 0.641 0.8511 0.0193 0.381527 0.56046 0.200782 0.707104
573 0.6418 0.8507 0.0195 0.379658 0.561551 0.201266 0.707103
574 0.6425 0.8504 0.0197001 0.377847 0.563076 0.200373 0.707099
575 0.6433 0.8499 0.0199 0.376144 0.564627 0.1993 0.707109
576 0.644 0.8494 0.0201 0.374606 0.565874 0.198645 0.707107
577 0.6447 0.8491 0.0204 0.373821 0.566789 0.197549 0.707111
578 0.6455 0.8487 0.0206 0.373055 0.567509 0.19683 0.7071
579 0.6462 0.8483 0.0206 0.372831 0.568326 0.194993 0.707112
580 0.647 0.8481 0.0207 0.372147 0.569375 0.1932 0.707109
581 0.6479 0.8478 0.0208 0.371039 0.571255 0.18973 0.707106
582 0.6487 0.8476 0.0208 0.369463 0.573149 0.187052 0.707104
583 0.6496 0.8474 0.0209 0.367765 0.575483 0.183239 0.707109
584 0.6505 0.8473 0.021 0.365628 0.578204 0.178843 0.707103
585 0.6513 0.8472 0.0209 0.362956 0.581235 0.174409 0.707104
586 0.6524 0.8472 0.0209 0.359873 0.584136 0.17107 0.707103
587 0.6533 0.8471 0.0208 0.355879 0.587675 0.167296 0.707107
588 0.6543 0.8471 0.0207 0.35172 0.591301 0.16325 0.707105
589 0.6555 0.8471 0.0204 0.347035 0.595522 0.157866 0.707107
590 0.6568 0.8471 0.0201 0.34263 0.599453 0.152492 0.707105
591 0.658 0.847 0.0197999 0.33813 0.603417 0.146887 0.707112
592 0.6592 0.8469 0.0196 0.332929 0.607476 0.14187 0.707105
593 0.6605 0.8468 0.0192 0.328279 0.611318 0.136062 0.707104
594 0.6617 0.8468 0.0188 0.323655 0.615076 0.130143 0.707109
595 0.6629 0.8466 0.0184 0.318582 0.618704 0.125364 0.707108
596 0.6644 0.8464 0.018 0.314296 0.622036 0.119501 0.707104
597 0.6657 0.8462 0.0176001 0.309244 0.625702 0.113467 0.707109
598 0.6672 0.8458 0.0171 0.304911 0.628977 0.106898 0.707109
599 0.6687 0.8456 0.0167 0.299905 0.63245 0.100367 0.707109
600 0.67 0.8455 0.016 0.294118 0.636351 0.092454 0.707105
601 0.6715 0.8454 0.0153 0.288135 0.640048 0.0855063 0.707105
602 0.673 0.845 0.0148 0.282022 0.643594 0.0791051 0.707108
603 0.6742 0.8448 0.0143 0.276063 0.647007 0.0719655 0.707108
604 0.6757 0.8442 0.0138 0.269883 0.650217 0.0661403 0.707105
605 0.6772 0.8437 0.0132 0.263438 0.6535 0.0594853 0.707106
606 0.6784 0.8432 0.0127 0.256232 0.656896 0.0531818 0.707105
607 0.6798 0.8426 0.0121 0.249574 0.659888 0.0474781 0.707105
608 0.6809 0.842 0.0115 0.243403 0.662555 0.0420706 0.707105
609 0.6821 0.8413 0.0109 0.237288 0.665089 0.0368229 0.707108
610 0.6834 0.8406 0.0102 0.231381 0.667381 0.0326005 0.707106
611 0.6842 0.8398 0.00960004 0.225635 0.669532 0.0284536 0.707105
612 0.6852 0.839 0.00899994 0.218998 0.671921 0.023625 0.707105
613 0.6861 0.8379 0.00849998 0.212833 0.674002 0.0205007 0.707105
614 0.6874 0.8371 0.0079 0.205946 0.676269 0.0156873 0.707106
615 0.6879 0.8364 0.00740004 0.198082 0.678714 0.0101098 0.707104
616 0.6891 0.8351 0.00709999 0.191324 0.680688 0.00752785 0.707106
617 0.69 0.8342 0.00660002 0.18263 0.683105 0.0026111 0.707104
618 0.6911 0.8331 0.00619996 0.174329 0.685278 -0.00219261 0.707107
619 0.6921 0.832 0.00590003 0.164591 0.687648 -0.00720937 0.707107
620 0.6933 0.8309 0.00569999 0.154266 0.689958 -0.0125298 0.707106
621 0.6944 0.8297 0.00530005 0.142541 0.692344 -0.0184044 0.707105
622 0.6956 0.8282 0.005 0.130101 0.694596 -0.0246857 0.707107
623 0.6963 0.8269 0.00460005 0.117138 0.69657 -0.0327234 0.707107
624 0.6974 0.8252 0.0043 0.104315 0.698209 -0.0402952 0.707107
625 0.6987 0.8234 0.00390005 0.0919949 0.6995 -0.0472962 0.707107
626 0.6996 0.8218 0.0036 0.0804108 0.700432 -0.0541202 0.707107
627 0.7001 0.8202 0.00329995 0.0685384 0.70115 -0.0607424 0.707106
628 0.7013 0.8181 0.0029 0.0581894 0.701654 -0.0655292 0.707106
629 0.7018 0.8163 0.00269997 0.0477966 0.701939 -0.0706751 0.707106
630 0.7022 0.8146 0.00240004 0.0364323 0.70202 -0.0764175 0.707106
631 0.7028 0.8124 0.00230002 0.0256 0.701959 -0.0812223 0.707106
632 0.7026 0.8102 0.00250006 0.0158254 0.701382 -0.0883868 0.707107
633 0.7032 0.808 0.00250006 0.0055672 0.700977 -0.0927324 0.707106
634 0.7037 0.8057 0.00259995 -0.00484772 0.700372 -0.0972339 0.707106
635 0.7049 0.8042 0.00230002 -0.0189657 0.699353 -0.102687 0.707106
636 0.7052 0.8017 0.00240004 -0.0285257 0.698361 -0.10713 0.707106
637 0.7057 0.7989 0.00250006 -0.0370682 0.697364 -0.110943 0.707106
638 0.7061 0.7965 0.00250006 -0.0478233 0.695962 -0.11553 0.707106
639 0.7065 0.7941 0.00240004 -0.0579562 0.694271 -0.120941 0.707106
640 0.7072 0.7915 0.00230002 -0.0675312 0.692348 -0.12686 0.707106
641 0.7075 0.789 0.00240004 -0.0774525 0.689834 -0.134645 0.707106
642 0.708 0.7864 0.00240004 -0.0873855 0.687119 -0.142236 0.707106
643 0.7084 0.7837 0.00259995 -0.0968355 0.684134 -0.150271 0.707106
644 0.7089 0.7811 0.00269997 -0.106102 0.681012 -0.157994 0.707106
645 0.7093 0.7782 0.00300002 -0.115106 0.677936 -0.164781 0.707106
646 0.7096 0.7755 0.00310004 -0.124708 0.674799 -0.170571 0.707106
647 0.7103 0.7725 0.00339997 -0.13337 0.67161 -0.176494 0.707106
648 0.7106 0.7695 0.0036 -0.141612 0.668381 -0.182237 0.707106
649 0.7109 0.7666 0.00390005 -0.150334 0.664824 -0.188171 0.707106
650 0.7113 0.7636 0.0043 -0.158403 0.661312 -0.193847 0.707106
651 0.7116 0.7603 0.00450003 -0.166067 0.657535 -0.200175 0.707106
652 0.7119 0.7573 0.00489998 -0.173224 0.653731 -0.206469 0.707106
653 0.7124 0.7541 0.00530005 -0.180019 0.649655 -0.213407 0.707106
654 0.7122 0.7508 0.00569999 -0.185287 0.645812 -0.220449 0.707106
655 0.7125 0.7475 0.00590003 -0.191146 0.641802 -0.227051 0.707106
656 0.713 0.7441 0.00650001 -0.197153 0.637748 -0.233251 0.707106
657 0.7129 0.7405 0.00680006 -0.202654 0.633621 -0.239693 0.707106
658 0.7132 0.737 0.00730002 -0.20937 0.629248 -0.245374 0.707106
659 0.7137 0.7335 0.00769997 -0.215951 0.625054 -0.250342 0.707106
660 0.7136 0.7298 0.00820005 -0.221732 0.620607 -0.256289 0.707106
661 0.7141 0.7261 0.00849998 -0.228364 0.61553 -0.262612 0.707107
662 0.7143 0.7223 0.00890005 -0.234022 0.610623 -0.269034 0.707106
663 0.7143 0.7185 0.00919998 -0.239273 0.605592 -0.275696 0.707106
664 0.7146 0.7145 0.00950003 -0.245195 0.599952 -0.282735 0.707106
665 0.7148 0.7106 0.00979996 -0.250607 0.594741 -0.288933 0.707106
666 0.7147 0.7066 0.0102 -0.255222 0.589671 -0.295214 0.707106
667 0.7146 0.7026 0.0105 -0.259186 0.585273 -0.300474 0.707106
668 0.7147 0.6985 0.0109 -0.263781 0.581293 -0.304165 0.707106
669 0.7148 0.6945 0.0113 -0.268258 0.577405 -0.307639 0.707106
670 0.7147 0.6903 0.0116 -0.271896 0.573772 -0.311214 0.707106
671 0.7147 0.686 0.012 -0.27638 0.569973 -0.31425 0.707106
672 0.715 0.6815 0.0122 -0.281039 0.565545 -0.318088 0.707106
673 0.7152 0.6771 0.0125 -0.285377 0.56074 -0.3227 0.707106
674 0.7153 0.6725 0.0125999 -0.289229 0.555734 -0.327863 0.707106
675 0.7155 0.6679 0.0128 -0.294022 0.549826 -0.333545 0.707106
676 0.7155 0.6631 0.0131 -0.297957 0.544414 -0.338876 0.707106
677 0.7158 0.6585 0.0132999 -0.302552 0.539436 -0.34272 0.707106
678 0.7159 0.6537 0.0136 -0.30638 0.534302 -0.347351 0.707106
679 0.7162 0.649 0.0138 -0.310509 0.529312 -0.351293 0.707106
680 0.7165 0.6442 0.0141 -0.314866 0.524449 -0.354686 0.707106
681 0.7168 0.6393 0.0140001 -0.318695 0.519409 -0.35868 0.707106
682 0.717 0.6344 0.0142 -0.321571 0.515055 -0.362382 0.707107
683 0.7174 0.6292 0.0142 -0.32543 0.510665 -0.365121 0.707106
684 0.7176 0.624 0.0145 -0.328113 0.506468 -0.368537 0.707106
685 0.718 0.619 0.0147001 -0.332547 0.5022 -0.370409 0.707106
686 0.7184 0.6137 0.0151 -0.33453 0.497716 -0.374628 0.707105
687 0.719 0.6083 0.0153 -0.338134 0.49354 -0.37693 0.707106
688 0.7194 0.6029 0.0154001 -0.340976 0.489425 -0.37975 0.707107
689 0.7197 0.5974 0.0156 -0.345182 0.484532 -0.382192 0.707106
690 0.7203 0.5919 0.0157 -0.348636 0.479825 -0.38502 0.707107
691 0.721 0.5862 0.016 -0.352394 0.476313 -0.385943 0.707107
692 0.7214 0.5802 0.0165 -0.354317 0.472733 -0.388598 0.707107
693 0.7221 0.5745 0.0167 -0.358043 0.468936 -0.389762 0.707107
694 0.7226 0.5687 0.0168999 -0.360777 0.465512 -0.391316 0.707106
695 0.7232 0.5626 0.0171 -0.364245 0.461651 -0.392689 0.707106
696 0.7237 0.5566 0.0177 -0.367799 0.45725 -0.394532 0.707107
697 0.7246 0.5504 0.018 -0.372524 0.453218 -0.394733 0.707106
698 0.7253 0.5441 0.0185 -0.378272 0.448786 -0.394314 0.707105
699 0.7261 0.5378 0.0190001 -0.384506 0.444766 -0.392858 0.707106
700 0.7269 0.5314 0.0195 -0.390125 0.441287 -0.391262 0.707107
701 0.7278 0.5251 0.0197999 -0.396029 0.437909 -0.389107 0.707106
702 0.7286 0.5186 0.0202 -0.400759 0.435196 -0.387279 0.707106
703 0.7295 0.5121 0.0204 -0.404792 0.433006 -0.385547 0.707106
704 0.7305 0.5056 0.0208 -0.407753 0.431278 -0.384354 0.707106
705 0.7313 0.4989 0.0209 -0.410219 0.429664 -0.383546 0.707106
706 0.7322 0.4924 0.0211 -0.411025 0.42826 -0.38426 0.707106
707 0.7332 0.4858 0.0209 -0.412031 0.427478 -0.384048 0.707106
708 0.7341 0.4791 0.0208 -0.412428 0.427313 -0.383834 0.707106
709 0.7351 0.4724 0.0204999 -0.41178 0.427612 -0.384161 0.707106
710 0.7359 0.4657 0.0202 -0.410266 0.428224 -0.385086 0.707106
711 0.7369 0.4589 0.02 -0.409043 0.428814 -0.385753 0.707106
712 0.7379 0.4521 0.0196 -0.407111 0.42991 -0.386587 0.707106
713 0.7388 0.4452 0.0193 -0.404755 0.430593 -0.388288 0.707106
714 0.7396 0.438 0.0190001 -0.401901 0.43189 -0.389789 0.707106
715 0.7404 0.4311 0.0187 -0.400838 0.432261 -0.390481 0.707106
716 0.7413 0.424 0.0186 -0.398738 0.432948 -0.391893 0.707106
717 0.7421 0.4168 0.0183001 -0.398079 0.433487 -0.391962 0.707106
718 0.743 0.4095 0.018 -0.396921 0.434782 -0.391673 0.707106
719 0.7435 0.4023 0.0179 -0.395584 0.434718 -0.393097 0.707106
720 0.7441 0.3952 0.0178 -0.394635 0.434987 -0.393741 0.707106
721 0.7448 0.3879 0.0176001 -0.393709 0.435477 -0.394132 0.707106
722 0.7455 0.3807 0.0175 -0.393764 0.436176 -0.393314 0.707106
723 0.7461 0.3735 0.0173 -0.393886 0.437022 -0.392274 0.707106
724 0.7465 0.3661 0.0173 -0.393131 0.437611 -0.392376 0.707106
725 0.747 0.359 0.0172 -0.393182 0.43831 -0.391523 0.707106
726 0.7476 0.3518 0.0171 -0.393132 0.438926 -0.390862 0.707106
727 0.748 0.3445 0.017 -0.39273 0.439525 -0.390597 0.707106
728 0.7484 0.3373 0.0168999 -0.392385 0.440158 -0.390266 0.707106
729 0.7488 0.3303 0.0168999 -0.391609 0.441405 -0.389616 0.707106
730 0.7494 0.3233 0.0168999 -0.392079 0.442264 -0.388207 0.707106
731 0.7498 0.3162 0.017 -0.391574 0.44303 -0.387837 0.707106
732 0.7502 0.3091 0.0168999 -0.391015 0.444007 -0.387238 0.707106
733 0.751 0.3022 0.0167 -0.391908 0.444237 -0.386103 0.707106
734 0.7514 0.2953 0.0166 -0.391102 0.445274 -0.385703 0.707106
735 0.7518 0.2885 0.0163 -0.390497 0.446217 -0.385233 0.707106
736 0.7523 0.2818 0.0161999 -0.389959 0.446907 -0.384986 0.707106
737 0.753 0.2749 0.0159 -0.389368 0.447936 -0.384378 0.707106
738 0.7538 0.2683 0.0157 -0.388925 0.448184 -0.384508 0.707106
739 0.7545 0.2615 0.0154001 -0.388236 0.447841 -0.385612 0.707106
740 0.7551 0.2547 0.0151 -0.388459 0.447167 -0.386204 0.707106
741 0.756 0.2481 0.0149 -0.388668 0.445972 -0.387376 0.707106
742 0.7567 0.2416 0.0148 -0.389033 0.445006 -0.388092 0.707106
743 0.7575 0.2352 0.0145 -0.389976 0.444185 -0.388068 0.707106
744 0.7584 0.2288 0.0144 -0.390843 0.443894 -0.387532 0.707106
745 0.7593 0.2225 0.0144 -0.391993 0.443778 -0.386546 0.707106
746 0.7602 0.2162 0.0144 -0.392828 0.444077 -0.385361 0.707106
747 0.7611 0.2099 0.0143 -0.393764 0.444581 -0.383816 0.707106
748 0.7622 0.2036 0.0143 -0.394727 0.44435 -0.383088 0.707106
749 0.7634 0.1977 0.0141 -0.395524 0.444037 -0.382613 0.707106
750 0.7645 0.1915 0.0139 -0.3951 0.443948 -0.383154 0.707106
751 0.7656 0.1854 0.0138 -0.394023 0.44374 -0.384496 0.707106
752 0.7668 0.1795 0.0135 -0.392789 0.44397 -0.385504 0.707106
753 0.768 0.1736 0.0134 -0.391408 0.444223 -0.38663 0.707106
754 0.7693 0.1677 0.0132999 -0.389564 0.444898 -0.38767 0.707106
755 0.7705 0.1619 0.0132999 -0.387976 0.445653 -0.388429 0.707106
756 0.7718 0.1562 0.0134 -0.387196 0.446569 -0.388147 0.707106
757 0.7731 0.1506 0.0135 -0.385835 0.447977 -0.38785 0.707107
758 0.7746 0.1449 0.0137 -0.385382 0.449492 -0.386567 0.707106
759 0.7758 0.1392 0.0140001 -0.383779 0.451586 -0.385744 0.707106
760 0.7772 0.1337 0.0142 -0.382521 0.4537 -0.384493 0.707106
761 0.7786 0.1281 0.0145 -0.380669 0.456075 -0.383517 0.707106
762 0.7802 0.1225 0.0148 -0.37952 0.457833 -0.382561 0.707106
763 0.7816 0.117 0.0151 -0.377522 0.459508 -0.38249 0.707107
764 0.783 0.1114 0.0154001 -0.375641 0.461103 -0.382468 0.707106
765 0.7844 0.1058 0.0157 -0.37482 0.462014 -0.382156 0.707106
766 0.7859 0.1004 0.0161999 -0.374064 0.463679 -0.380868 0.707106
767 0.7873 0.0949 0.0166 -0.372269 0.465932 -0.379864 0.707107
768 0.7889 0.0894 0.017 -0.371635 0.468551 -0.377311 0.707106
769 0.7905 0.0839 0.0174 -0.37032 0.47172 -0.374579 0.707107
770 0.792 0.0784 0.0178 -0.368471 0.474295 -0.373174 0.707106
771 0.7936 0.0727 0.018 -0.367241 0.476099 -0.372116 0.707106
772 0.7954 0.0673 0.0183001 -0.367289 0.47736 -0.37043 0.707106
773 0.797 0.0616 0.0185 -0.365452 0.478608 -0.37062 0.707107
774 0.7987 0.056 0.0187 -0.365043 0.479105 -0.370391 0.707106
775 0.8004 0.0503 0.0188 -0.363882 0.479854 -0.370556 0.707107
776 0.8021 0.0446 0.0190001 -0.362482 0.481177 -0.370258 0.707106
777 0.8038 0.039 0.0191 -0.360906 0.482192 -0.370445 0.707106
778 0.8058 0.0335 0.0191 -0.360227 0.483695 -0.369157 0.707106
779 0.8076 0.0277 0.0192 -0.359101 0.484769 -0.368856 0.707106
780 0.8094 0.0219 0.0193 -0.358228 0.485491 -0.368773 0.707106
781 0.8113 0.0162 0.0193 -0.356791 0.486498 -0.368822 0.707106
782 0.8133 0.0106 0.0193 -0.356957 0.487625 -0.367172 0.707106
783 0.8151 0.0049 0.0194 -0.355585 0.489426 -0.366086 0.707106
784 0.817 -0.0008 0.0194 -0.355024 0.491497 -0.36387 0.707106
785 0.8188 -0.0064 0.0197001 -0.35431 0.493782 -0.361453 0.707106
786 0.8208 -0.0121 0.0197001 -0.354368 0.496353 -0.357827 0.707107
787 0.8228 -0.0179 0.0197999 -0.354154 0.498996 -0.354336 0.707107
788 0.8249 -0.0235 0.0197999 -0.355153 0.501266 -0.350127 0.707106
789 0.8269 -0.0291 0.0202 -0.355591 0.503577 -0.346332 0.707107
790 0.8288 -0.0347 0.0203 -0.35592 0.506306 -0.341978 0.707107
791 0.831 -0.0404 0.0206 -0.355934 0.509373 -0.337431 0.707106
792 0.8331 -0.0462 0.0211 -0.355779 0.512215 -0.333246 0.707106
793 0.8354 -0.0516 0.0211999 -0.35661 0.515789 -0.326771 0.707107
794 0.8377 -0.0571 0.0215 -0.35621 0.519215 -0.321742 0.707107
795 0.8401 -0.0626 0.0219001 -0.356118 0.522323 -0.31676 0.707108
796 0.8426 -0.0681 0.0221 -0.354607 0.525534 -0.31317 0.707105
797 0.8453 -0.0735 0.0224 -0.353858 0.528066 -0.309715 0.707107
798 0.8478 -0.0789 0.0226001 -0.352189 0.530641 -0.307194 0.707107
799 0.8507 -0.0843 0.0228 -0.350945 0.533286 -0.304068 0.707105
800 0.8534 -0.0898 0.0232 -0.34855 0.536123 -0.301774 0.707108
801 0.8563 -0.0951 0.0235 -0.346155 0.539177 -0.299106 0.707106
802 0.8594 -0.1004 0.0237 -0.34471 0.542082 -0.295536 0.707104
803 0.8623 -0.1057 0.0240999 -0.341153 0.545513 -0.293308 0.707106
804 0.8655 -0.1109 0.0245 -0.33796 0.548699 -0.291057 0.707106
805 0.8684 -0.1162 0.0249 -0.333168 0.552276 -0.289794 0.707107
806 0.8718 -0.1214 0.0251 -0.329903 0.555669 -0.28701 0.707108
807 0.875 -0.1265 0.0256 -0.325099 0.559434 -0.285191 0.707107
808 0.8783 -0.1315 0.0259 -0.32106 0.562782 -0.283184 0.707106
809 0.8817 -0.1366 0.0265 -0.316702 0.566751 -0.280151 0.707107
810 0.885 -0.1416 0.027 -0.3125 0.569884 -0.278505 0.707107
811 0.8885 -0.1468 0.0276 -0.308101 0.573849 -0.275278 0.707105
812 0.8921 -0.1516 0.0282 -0.304135 0.57718 -0.272729 0.707104
813 0.8957 -0.1567 0.0288 -0.299799 0.580462 -0.270523 0.707106
814 0.8996 -0.1615 0.0294 -0.296128 0.583601 -0.267809 0.707105
815 0.9031 -0.1664 0.0301 -0.291427 0.58701 -0.26549 0.707107
816 0.9067 -0.1713 0.0308 -0.286243 0.590748 -0.26281 0.707108
817 0.9105 -0.1759 0.0315 -0.282542 0.594468 -0.258392 0.707107
818 0.9141 -0.1806 0.0324 -0.278402 0.598438 -0.253687 0.707107
819 0.9176 -0.1853 0.0333 -0.274191 0.602771 -0.247989 0.707104
820 0.9212 -0.1901 0.0342 -0.269893 0.607313 -0.241524 0.707105
821 0.9248 -0.1946 0.0351 -0.265421 0.611675 -0.23541 0.707104
822 0.9284 -0.1992 0.036 -0.260085 0.616399 -0.22892 0.707107
823 0.932 -0.2038 0.0368 -0.254271 0.62083 -0.223395 0.707108
824 0.9356 -0.2084 0.0375 -0.247919 0.624944 -0.21903 0.707107
825 0.9394 -0.2128 0.0383 -0.242376 0.628682 -0.2145 0.707106
826 0.9429 -0.2175 0.039 -0.236853 0.632112 -0.210565 0.707105
827 0.9464 -0.2222 0.0398999 -0.231111 0.635061 -0.208038 0.707107
828 0.9502 -0.2264 0.0407 -0.226639 0.637955 -0.204094 0.707105
829 0.9538 -0.2309 0.0416 -0.222659 0.640726 -0.199716 0.707107
830 0.9575 -0.2354 0.0425 -0.219304 0.643355 -0.194919 0.707107
831 0.9612 -0.2398 0.0433 -0.216098 0.645932 -0.189931 0.707106
832 0.9651 -0.2442 0.0441999 -0.213992 0.648233 -0.184385 0.707106
833 0.9691 -0.2485 0.0452 -0.212908 0.650194 -0.178639 0.707107
834 0.9731 -0.2529 0.046 -0.211666 0.651966 -0.173588 0.707107
835 0.977 -0.2573 0.0470001 -0.211082 0.653315 -0.169155 0.707108
836 0.9811 -0.2616 0.0479 -0.21117 0.654189 -0.165663 0.707106
837 0.9852 -0.2658 0.0487 -0.211577 0.654829 -0.162575 0.707107
838 0.9893 -0.2701 0.0495 -0.211918 0.655357 -0.159981 0.707107
839 0.9932 -0.2744 0.0504 -0.212103 0.655871 -0.157641 0.707105
840 0.9974 -0.2785 0.0511 -0.212317 0.656416 -0.155029 0.707107
841 1.0014 -0.2827 0.052 -0.212026 0.657166 -0.152237 0.707106
842 1.0055 -0.2867 0.0527 -0.211487 0.658079 -0.149026 0.707105
843 1.0097 -0.2909 0.0534 -0.21052 0.659013 -0.146226 0.707106
844 1.0137 -0.2949 0.0541 -0.209195 0.659883 -0.144197 0.707105
845 1.0179 -0.299 0.0546 -0.207097 0.66097 -0.14224 0.707105
846 1.0219 -0.3028 0.0552 -0.204025 0.662211 -0.140903 0.707105
847 1.026 -0.3065 0.0555 -0.19956 0.663956 -0.139075 0.707105
848 1.0301 -0.3104 0.0559 -0.194638 0.665736 -0.137511 0.707106
849 1.0342 -0.314 0.0562 -0.18824 0.667944 -0.135689 0.707107
850 1.0383 -0.3175 0.0563 -0.181014 0.670195 -0.134433 0.707106
851 1.0424 -0.3209 0.0563999 -0.172914 0.672532 -0.133421 0.707106
852 1.0463 -0.3245 0.0563 -0.164907 0.674849 -0.131854 0.707106
853 1.0504 -0.328 0.0565 -0.157315 0.676972 -0.130234 0.707106
854 1.0545 -0.3315 0.0563999 -0.150131 0.679007 -0.128101 0.707106
855 1.0584 -0.3351 0.0565 -0.143239 0.680889 -0.125982 0.707106
856 1.0626 -0.3384 0.0563999 -0.136537 0.682999 -0.121932 0.707106
857 1.0668 -0.3418 0.0563 -0.130274 0.684993 -0.117527 0.707106
858 1.0709 -0.345 0.0561 -0.123579 0.68689 -0.113611 0.707106
859 1.0752 -0.3483 0.0559 -0.116898 0.688798 -0.10903 0.707107
860 1.0794 -0.3516 0.0555 -0.110354 0.690553 -0.104667 0.707107
861 1.0837 -0.3548 0.0552 -0.103983 0.692087 -0.100994 0.707106
862 1.0877 -0.3576 0.0549999 -0.0971367 0.693425 -0.0986142 0.707106
863 1.0922 -0.3606 0.0546 -0.0908722 0.694829 -0.0946228 0.707106
864 1.0966 -0.3638 0.0543 -0.0849025 0.696145 -0.0904069 0.707106
865 1.1011 -0.3667 0.0539 -0.0784052 0.697447 -0.0861365 0.707106
866 1.1055 -0.3697 0.0537 -0.0731258 0.698404 -0.0829627 0.707106
867 1.1099 -0.3724 0.0531 -0.0687185 0.699191 -0.0800474 0.707106
868 1.1145 -0.3754 0.0527 -0.0637573 0.700014 -0.076906 0.707106
869 1.1192 -0.3784 0.0523 -0.0593426 0.700619 -0.0748969 0.707106
870 1.1238 -0.3814 0.0520999 -0.0559089 0.701151 -0.0725305 0.707106
871 1.1284 -0.3843 0.0519 -0.0528172 0.70164 -0.0700758 0.707106
872 1.133 -0.3872 0.0517 -0.049731 0.702108 -0.0676054 0.707106
873 1.1377 -0.3902 0.0513999 -0.0475049 0.702574 -0.0642667 0.707106
874 1.1424 -0.3932 0.0511 -0.0445569 0.703089 -0.0606461 0.707106
875 1.1471 -0.396 0.0506999 -0.0418053 0.70361 -0.0564204 0.707106
876 1.1517 -0.3992 0.0503 -0.0390188 0.704052 -0.052778 0.707106
877 1.1563 -0.4022 0.05 -0.0365732 0.704495 -0.0484509 0.707106
878 1.161 -0.4053 0.0498 -0.0340031 0.704909 -0.0440995 0.707106
879 1.1655 -0.4083 0.0498 -0.0318669 0.705301 -0.0391574 0.707106
880 1.1702 -0.4118 0.0501 -0.0300234 0.705622 -0.0345499 0.707106
881 1.1748 -0.4151 0.0503 -0.0279579 0.705919 -0.0299163 0.707106
882 1.1793 -0.4186 0.0508 -0.0264422 0.706156 -0.0253886 0.707106
883 1.1838 -0.4222 0.0513999 -0.0232485 0.706415 -0.0209042 0.707107
884 1.1884 -0.4256 0.0519 -0.0204695 0.706605 -0.0170382 0.707106
885 1.1928 -0.429 0.0525 -0.0168772 0.706772 -0.0136801 0.707106
886 1.1974 -0.4327 0.053 -0.0120188 0.706925 -0.0105213 0.707106
887 1.2018 -0.4361 0.0536 -0.00729736 0.707019 -0.00832959 0.707106
888 1.2063 -0.4396 0.0543 -0.00203756 0.707082 -0.0056083 0.707107
889 1.2108 -0.4434 0.0551 0.00366056 0.707089 -0.00311539 0.707106
890 1.2151 -0.4469 0.0559 0.00935875 0.707044 -0.000883974 0.707107
891 1.2199 -0.4501 0.0565 0.0159925 0.706921 0.00183239 0.707105
892 1.2243 -0.4536 0.0571001 0.0230152 0.706717 0.00429021 0.707105
893 1.2287 -0.4569 0.0575 0.0313346 0.706385 0.00618258 0.707107
894 1.233 -0.4601 0.058 0.0393238 0.705971 0.00748878 0.707105
895 1.2376 -0.4632 0.0585001 0.0471746 0.705476 0.00880755 0.707106
896 1.242 -0.4664 0.059 0.0539677 0.704975 0.00989021 0.707107
897 1.2464 -0.4696 0.0596 0.0606158 0.70442 0.0108912 0.707107
898 1.251 -0.4729 0.0604 0.0661296 0.703883 0.0131771 0.707106
899 1.2555 -0.4763 0.0612 0.0701177 0.703439 0.0159665 0.707106
900 1.26 -0.4795 0.0621001 0.0743388 0.702917 0.0194229 0.707104
901 1.2646 -0.4825 0.0628999 0.0787262 0.702323 0.0233012 0.707106
902 1.2692 -0.4856 0.0639 0.0821775 0.70179 0.0271969 0.707108
903 1.2735 -0.4876 0.0652 0.0866452 0.701136 0.0299902 0.707106
904 1.2781 -0.4906 0.0661 0.0896728 0.700604 0.0333453 0.707107
905 1.2825 -0.4935 0.0673 0.0923527 0.700102 0.0364771 0.707109
906 1.287 -0.4965 0.0687 0.0946896 0.699627 0.0393975 0.707105
907 1.2914 -0.4994 0.0700001 0.0961783 0.699259 0.0422817 0.707107
908 1.2957 -0.502 0.0714999 0.0978941 0.698845 0.0450586 0.707105
909 1.2999 -0.505 0.0728 0.0990696 0.698471 0.0481696 0.707105
910 1.3041 -0.5079 0.0746 0.099501 0.698179 0.0514026 0.707105
911 1.3085 -0.5102 0.0762 0.099333 0.697868 0.0558035 0.707108
912 1.3126 -0.5127 0.0779001 0.0986123 0.697659 0.0595369 0.707105
913 1.3168 -0.5149 0.0798 0.0974109 0.697566 0.062563 0.707108
914 1.3209 -0.5176 0.0817 0.0960312 0.697534 0.0650056 0.707108
915 1.3249 -0.5196 0.0836999 0.0945095 0.69769 0.0655462 0.707106
916 1.3287 -0.5221 0.0856 0.0942548 0.697688 0.0659251 0.707106
917 1.3326 -0.5239 0.0878 0.093482 0.697839 0.0654611 0.707109
918 1.3366 -0.526 0.0899 0.0927732 0.698053 0.0641583 0.707108
919 1.3403 -0.5281 0.092 0.0933554 0.698032 0.0635162 0.707106
920 1.344 -0.5297 0.0941 0.0945022 0.698039 0.0617334 0.707107
921 1.3478 -0.5318 0.0962 0.0950148 0.698036 0.0609328 0.707104
922 1.3515 -0.5337 0.0982 0.0965914 0.697945 0.0595313 0.707107
923 1.3551 -0.5354 0.1 0.0988899 0.697746 0.0580382 0.707105
924 1.3588 -0.537 0.1019 0.10196 0.697435 0.0564576 0.707106
925 1.3624 -0.5386 0.1037 0.105808 0.696938 0.0555069 0.707106
926 1.3658 -0.5401 0.1054 0.110108 0.696414 0.0537066 0.707107
927 1.3693 -0.5416 0.1071 0.114886 0.695776 0.051931 0.707107
928 1.373 -0.543 0.1087 0.119757 0.695081 0.0501627 0.707104
929 1.3764 -0.5443 0.1103 0.125182 0.694247 0.0484619 0.707105
930 1.3799 -0.5456 0.1117 0.129936 0.69349 0.0467777 0.707107
931 1.3835 -0.5465 0.1131 0.135445 0.692522 0.0454324 0.707105
932 1.3871 -0.5476 0.1143 0.141137 0.69145 0.0444091 0.707104
933 1.3908 -0.5485 0.1154 0.146569 0.690375 0.0435909 0.707108
934 1.3945 -0.5493 0.1164 0.151631 0.689289 0.0434206 0.707105
935 1.3981 -0.5499 0.1173 0.157331 0.688079 0.0423595 0.707107
936 1.4017 -0.5504 0.1182 0.16298 0.686861 0.0406936 0.707104
937 1.4055 -0.5508 0.1189 0.167788 0.685803 0.0390049 0.707107
938 1.4092 -0.5513 0.1198 0.173188 0.684543 0.0374753 0.707105
939 1.413 -0.5518 0.1205 0.176881 0.683651 0.0364691 0.707104
940 1.4172 -0.5516 0.1211 0.181506 0.682549 0.0343729 0.707106
941 1.4212 -0.5517 0.1217 0.185036 0.681556 0.035161 0.707103
942 1.4256 -0.5518 0.1223 0.187967 0.680722 0.0357733 0.707103
943 1.4296 -0.5517 0.1227 0.190893 0.679973 0.0345912 0.707107
944 1.434 -0.5513 0.1232 0.193647 0.679181 0.0347872 0.707105
945 1.4381 -0.551 0.1235 0.19648 0.678392 0.0343441 0.707106
946 1.4425 -0.5506 0.124 0.200262 0.677334 0.0332895 0.707104
947 1.4471 -0.5497 0.1243 0.20368 0.676295 0.0336709 0.707104
948 1.4516 -0.5493 0.1246 0.207306 0.675212 0.0333096 0.707105
949 1.4562 -0.5484 0.125 0.210725 0.674224 0.0317566 0.707102
950 1.4607 -0.5476 0.1254 0.214159 0.673218 0.0301899 0.707106
951 1.4652 -0.5469 0.1257 0.217177 0.672378 0.0272639 0.707108
952 1.47 -0.5456 0.1263 0.220746 0.671323 0.0243353 0.707105
953 1.4745 -0.5449 0.1267 0.223211 0.670639 0.020359 0.707104
954 1.4791 -0.5441 0.1272 0.226169 0.669734 0.0174167 0.707106
955 1.4836 -0.5433 0.1275 0.228977 0.668841 0.0148688 0.707107
956 1.4883 -0.5424 0.1279 0.232244 0.667766 0.0124423 0.707108
957 1.493 -0.5415 0.1282 0.234983 0.666841 0.0103843 0.707107
958 1.4975 -0.5406 0.1287 0.23789 0.665837 0.00819958 0.707106
959 1.502 -0.5394 0.1292 0.240866 0.664784 0.00617067 0.707103
960 1.5065 -0.5385 0.1296 0.243843 0.663713 0.00482795 0.707106
961 1.511 -0.5373 0.1301 0.247096 0.662521 0.00250842 0.707105
962 1.5153 -0.5363 0.1308 0.250509 0.661239 5.5225e-07 0.707103
963 1.5199 -0.5351 0.1313 0.253368 0.660151 -0.00210739 0.707106
964 1.5242 -0.5338 0.132 0.256839 0.658783 -0.00555831 0.707104
965 1.5284 -0.5329 0.1327 0.260418 0.65735 -0.00860571 0.707107
966 1.5327 -0.5318 0.1335 0.263479 0.656062 -0.0126644 0.707106
967 1.5368 -0.5307 0.1342 0.266687 0.654713 -0.0148735 0.707104
968 1.5409 -0.5295 0.1352 0.269334 0.653565 -0.0176497 0.707106
969 1.5451 -0.5284 0.1362 0.271385 0.652658 -0.0196215 0.707106
970 1.5492 -0.5273 0.1372 0.273464 0.651724 -0.0218416 0.707108
971 1.5533 -0.5259 0.1383 0.275847 0.650648 -0.0236802 0.707105
972 1.5572 -0.5249 0.1395 0.278014 0.649664 -0.0253518 0.707106
973 1.5611 -0.5237 0.1407 0.280135 0.648653 -0.0277971 0.707106
974 1.565 -0.5224 0.1421 0.282412 0.647542 -0.0306462 0.707108
975 1.5687 -0.5213 0.1435 0.284398 0.646499 -0.0338699 0.707104
976 1.5725 -0.5203 0.145 0.286588 0.645379 -0.0366839 0.707104
977 1.576 -0.5196 0.1465 0.288298 0.644419 -0.0400339 0.707105
978 1.5796 -0.5187 0.1482 0.289605 0.6436 -0.043593 0.707104
979 1.5831 -0.5179 0.1498 0.291075 0.642709 -0.0468497 0.707105
980 1.5867 -0.5171 0.1516 0.292507 0.641858 -0.0494894 0.707104
981 1.5901 -0.5165 0.1533 0.293899 0.641072 -0.0514819 0.707106
982 1.5937 -0.5159 0.1549 0.295302 0.640388 -0.0519003 0.707105
983 1.5971 -0.5153 0.1565 0.296765 0.63966 -0.0524985 0.707104
984 1.6004 -0.5145 0.1582 0.298191 0.638925 -0.0533682 0.707104
985 1.6038 -0.5139 0.1598 0.299035 0.638533 -0.0533953 0.707106
986 1.6071 -0.5133 0.1614 0.299928 0.638058 -0.0541457 0.707108
987 1.6104 -0.5128 0.163 0.300441 0.637759 -0.0548016 0.707107
988 1.6137 -0.5123 0.1647 0.300333 0.637711 -0.0558662 0.707106
989 1.617 -0.512 0.1662 0.30049 0.637487 -0.0576687 0.707109
990 1.6202 -0.5116 0.1679 0.300247 0.6374 -0.059683 0.707103
991 1.6234 -0.511 0.1695 0.30039 0.637077 -0.0624103 0.707105
992 1.6264 -0.5108 0.1711 0.299834 0.637091 -0.064949 0.707107
993 1.6298 -0.5102 0.1727 0.299616 0.637027 -0.0665038 0.707105
994 1.6328 -0.5095 0.1743 0.299176 0.637009 -0.0685942 0.707104
995 1.6358 -0.5091 0.1758 0.298673 0.637061 -0.0703793 0.707108
996 1.6389 -0.5083 0.1775 0.298084 0.637053 -0.0728258 0.707105
997 1.6419 -0.5079 0.1789 0.296904 0.637371 -0.0748592 0.707106
998 1.645 -0.5073 0.1803 0.296466 0.637354 -0.0767685 0.707108
999 1.6481 -0.507 0.1817 0.295717 0.637378 -0.0793711 0.707106
