0.559809212685 -0.266196906567 0.534790217876 0.559809212685 0.733803093433 0.534790217876 0.032 0 0 0 0.128 0.128 0.128
0.564809212685 -0.266196906567 0.534790217876 0.564809212685 0.733803093433 0.534790217876 0.032 0 0 0 0.128 0.128 0.128
0.569809212685 -0.266196906567 0.534790217876 0.569809212685 0.733803093433 0.534790217876 0.032 0 0 0 0.128 0.128 0.128
0.574809212685 -0.266196906567 0.534790217876 0.574809212685 0.733803093433 0.534790217876 0.032 0 0 0 0.128 0.128 0.128
0.579809212685 -0.266196906567 0.534790217876 0.579809212685 0.733803093433 0.534790217876 0.032 0 0 0 0.128 0.128 0.128
0.584809212685 -0.266196906567 0.534790217876 0.584809212685 0.733803093433 0.534790217876 0.032 0 0 0 0.128 0.128 0.128
0.589809212685 -0.266196906567 0.534790217876 0.589809212685 0.733803093433 0.534790217876 0.032 0 0 0 0.128 0.128 0.128
0.594809212685 -0.266196906567 0.534790217876 0.594809212685 0.733803093433 0.534790217876 0.032 0 0 0 0.128 0.128 0.128
0.599809212685 -0.266196906567 0.534790217876 0.599809212685 0.733803093433 0.534790217876 0.032 0 0 0 0.128 0.128 0.128
0.604809212685 -0.266196906567 0.534790217876 0.604809212685 0.733803093433 0.534790217876 0.032 0 0 0 0.128 0.128 0.128
0.609809212685 -0.266196906567 0.534790217876 0.609809212685 0.733803093433 0.534790217876 0.032 0 0 0 0.128 0.128 0.128
0.614809212685 -0.266196906567 0.534790217876 0.614809212685 0.733803093433 0.534790217876 0.032 0 0 0 0.128 0.128 0.128
0.619809212685 -0.266196906567 0.534790217876 0.619809212685 0.733803093433 0.534790217876 0.032 0 0 0 0.128 0.128 0.128
0.624809212685 -0.266196906567 0.534790217876 0.624809212685 0.733803093433 0.534790217876 0.032 0 0 0 0.128 0.128 0.128
0.629809212685 -0.266196906567 0.534790217876 0.629809212685 0.733803093433 0.534790217876 0.032 0 0 0 0.128 0.128 0.128
0.634809212685 -0.266196906567 0.534790217876 0.634809212685 0.733803093433 0.534790217876 0.032 0 0 0 0.128 0.128 0.128
0.639809212685 -0.266196906567 0.534790217876 0.639809212685 0.733803093433 0.534790217876 0.032 0 0 0 0.128 0.128 0.128
0.644809212685 -0.266196906567 0.534790217876 0.644809212685 0.733803093433 0.534790217876 0.032 0 0 0 0.128 0.128 0.128
0.649809212685 -0.266196906567 0.534790217876 0.649809212685 0.733803093433 0.534790217876 0.032 0 0 0 0.128 0.128 0.128
0.654809212685 -0.266196906567 0.534790217876 0.654809212685 0.733803093433 0.534790217876 0.032 0 0 0 0.128 0.128 0.128
0.659809212685 -0.266196906567 0.534790217876 0.659809212685 0.733803093433 0.534790217876 0.032 0 0 0 0.128 0.128 0.128
0.664809212685 -0.266196906567 0.534790217876 0.664809212685 0.733803093433 0.534790217876 0.032 0 0 0 0.128 0.128 0.128
0.669809212685 -0.266196906567 0.534790217876 0.669809212685 0.733803093433 0.534790217876 0.032 0 0 0 0.128 0.128 0.128
0.674809212685 -0.266196906567 0.534790217876 0.674809212685 0.733803093433 0.534790217876 0.032 0 0 0 0.128 0.128 0.128
0.679809212685 -0.266196906567 0.534790217876 0.679809212685 0.733803093433 0.534790217876 0.032 0 0 0 0.128 0.128 0.128
0.684809212685 -0.266196906567 0.534790217876 0.684809212685 0.733803093433 0.534790217876 0.032 0 0 0 0.128 0.128 0.128
0.689809212685 -0.266196906567 0.534790217876 0.689809212685 0.733803093433 0.534790217876 0.032 0 0 0 0.128 0.128 0.128
0.694809212685 -0.266196906567 0.534790217876 0.694809212685 0.733803093433 0.534790217876 0.032 0 0 0 0.128 0.128 0.128
0.699809212685 -0.266196906567 0.534790217876 0.699809212685 0.733803093433 0.534790217876 0.032 0 0 0 0.128 0.128 0.128
0.704809212685 -0.266196906567 0.534790217876 0.704809212685 0.733803093433 0.534790217876 0.032 0 0 0 0.128 0.128 0.128
0.709809212685 -0.266196906567 0.534790217876 0.709809212685 0.733803093433 0.534790217876 0.032 0 0 0 0.128 0.128 0.128
0.714809212685 -0.266196906567 0.534790217876 0.714809212685 0.733803093433 0.534790217876 0.032 0 0 0 0.128 0.128 0.128
0.719809212685 -0.266196906567 0.534790217876 0.719809212685 0.733803093433 0.534790217876 0.032 0 0 0 0.128 0.128 0.128
0.724809212685 -0.266196906567 0.534790217876 0.724809212685 0.733803093433 0.534790217876 0.032 0 0 0 0.128 0.128 0.128
0.729809212685 -0.266196906567 0.534790217876 0.729809212685 0.733803093433 0.534790217876 0.032 0 0 0 0.128 0.128 0.128
0.734809212685 -0.266196906567 0.534790217876 0.734809212685 0.733803093433 0.534790217876 0.032 0 0 0 0.128 0.128 0.128
0.739809212685 -0.266196906567 0.534790217876 0.739809212685 0.733803093433 0.534790217876 0.032 0 0 0 0.128 0.128 0.128
0.744809212685 -0.266196906567 0.534790217876 0.744809212685 0.733803093433 0.534790217876 0.032 0 0 0 0.128 0.128 0.128
0.749809212685 -0.266196906567 0.534790217876 0.749809212685 0.733803093433 0.534790217876 0.032 0 0 0 0.128 0.128 0.128
0.754809212685 -0.266196906567 0.534790217876 0.754809212685 0.733803093433 0.534790217876 0.032 0 0 0 0.128 0.128 0.128
0.759809212685 -0.266196906567 0.534790217876 0.759809212685 0.733803093433 0.534790217876 0.032 0 0 0 0.128 0.128 0.128
0.764809212685 -0.266196906567 0.534790217876 0.764809212685 0.733803093433 0.534790217876 0.032 0 0 0 0.128 0.128 0.128
0.769809212685 -0.266196906567 0.534790217876 0.769809212685 0.733803093433 0.534790217876 0.032 0 0 0 0.128 0.128 0.128
0.774809212685 -0.266196906567 0.534790217876 0.774809212685 0.733803093433 0.534790217876 0.032 0 0 0 0.128 0.128 0.128
0.779809212685 -0.266196906567 0.534790217876 0.779809212685 0.733803093433 0.534790217876 0.032 0 0 0 0.128 0.128 0.128
0.784809212685 -0.266196906567 0.534790217876 0.784809212685 0.733803093433 0.534790217876 0.032 0 0 0 0.128 0.128 0.128
0.789809212685 -0.266196906567 0.534790217876 0.789809212685 0.733803093433 0.534790217876 0.032 0 0 0 0.128 0.128 0.128
0.794809212685 -0.266196906567 0.534790217876 0.794809212685 0.733803093433 0.534790217876 0.032 0 0 0 0.128 0.128 0.128
0.799809212685 -0.266196906567 0.534790217876 0.799809212685 0.733803093433 0.534790217876 0.032 0 0 0 0.128 0.128 0.128
0.804809212685 -0.266196906567 0.534790217876 0.804809212685 0.733803093433 0.534790217876 0.032 0 0 0 0.128 0.128 0.128
0.809809212685 -0.266196906567 0.534790217876 0.809809212685 0.733803093433 0.534790217876 0.032 0 0 0 0.128 0.128 0.128
0.814809212685 -0.266196906567 0.534790217876 0.814809212685 0.733803093433 0.534790217876 0.032 0 0 0 0.128 0.128 0.128
0.819809212685 -0.266196906567 0.534790217876 0.819809212685 0.733803093433 0.534790217876 0.032 0 0 0 0.128 0.128 0.128
0.824809212685 -0.266196906567 0.534790217876 0.824809212685 0.733803093433 0.534790217876 0.032 0 0 0 0.128 0.128 0.128
0.829809212685 -0.266196906567 0.534790217876 0.829809212685 0.733803093433 0.534790217876 0.032 0 0 0 0.128 0.128 0.128
0.834809212685 -0.266196906567 0.534790217876 0.834809212685 0.733803093433 0.534790217876 0.032 0 0 0 0.128 0.128 0.128
0.839809212685 -0.266196906567 0.534790217876 0.839809212685 0.733803093433 0.534790217876 0.032 0 0 0 0.128 0.128 0.128
0.844809212685 -0.266196906567 0.534790217876 0.844809212685 0.733803093433 0.534790217876 0.032 0 0 0 0.128 0.128 0.128
0.849809212685 -0.266196906567 0.534790217876 0.849809212685 0.733803093433 0.534790217876 0.032 0 0 0 0.128 0.128 0.128
0.854809212685 -0.266196906567 0.534790217876 0.854809212685 0.733803093433 0.534790217876 0.032 0 0 0 0.128 0.128 0.128
0.859809212685 -0.266196906567 0.534790217876 0.859809212685 0.733803093433 0.534790217876 0.032 0 0 0 0.128 0.128 0.128
0.864809212685 -0.266196906567 0.534790217876 0.864809212685 0.733803093433 0.534790217876 0.032 0 0 0 0.128 0.128 0.128
0.869809212685 -0.266196906567 0.534790217876 0.869809212685 0.733803093433 0.534790217876 0.032 0 0 0 0.128 0.128 0.128
0.874809212685 -0.266196906567 0.534790217876 0.874809212685 0.733803093433 0.534790217876 0.032 0 0 0 0.128 0.128 0.128
0.879809212685 -0.266196906567 0.534790217876 0.879809212685 0.733803093433 0.534790217876 0.032 0 0 0 0.128 0.128 0.128
0.884809212685 -0.266196906567 0.534790217876 0.884809212685 0.733803093433 0.534790217876 0.032 0 0 0 0.128 0.128 0.128
0.889809212685 -0.266196906567 0.534790217876 0.889809212685 0.733803093433 0.534790217876 0.032 0 0 0 0.128 0.128 0.128
0.894809212685 -0.266196906567 0.534790217876 0.894809212685 0.733803093433 0.534790217876 0.032 0 0 0 0.128 0.128 0.128
0.899809212685 -0.266196906567 0.534790217876 0.899809212685 0.733803093433 0.534790217876 0.032 0 0 0 0.128 0.128 0.128
0.904809212685 -0.266196906567 0.534790217876 0.904809212685 0.733803093433 0.534790217876 0.032 0 0 0 0.128 0.128 0.128
0.909809212685 -0.266196906567 0.534790217876 0.909809212685 0.733803093433 0.534790217876 0.032 0 0 0 0.128 0.128 0.128
0.914809212685 -0.266196906567 0.534790217876 0.914809212685 0.733803093433 0.534790217876 0.032 0 0 0 0.128 0.128 0.128
0.919809212685 -0.266196906567 0.534790217876 0.919809212685 0.733803093433 0.534790217876 0.032 0 0 0 0.128 0.128 0.128
0.924809212685 -0.266196906567 0.534790217876 0.924809212685 0.733803093433 0.534790217876 0.032 0 0 0 0.128 0.128 0.128
0.929809212685 -0.266196906567 0.534790217876 0.929809212685 0.733803093433 0.534790217876 0.032 0 0 0 0.128 0.128 0.128
0.934809212685 -0.266196906567 0.534790217876 0.934809212685 0.733803093433 0.534790217876 0.032 0 0 0 0.128 0.128 0.128
0.939809212685 -0.266196906567 0.534790217876 0.939809212685 0.733803093433 0.534790217876 0.032 0 0 0 0.128 0.128 0.128
0.944809212685 -0.266196906567 0.534790217876 0.944809212685 0.733803093433 0.534790217876 0.032 0 0 0 0.128 0.128 0.128
0.949809212685 -0.266196906567 0.534790217876 0.949809212685 0.733803093433 0.534790217876 0.032 0 0 0 0.128 0.128 0.128
0.954809212685 -0.266196906567 0.534790217876 0.954809212685 0.733803093433 0.534790217876 0.032 0 0 0 0.128 0.128 0.128
0.959809212685 -0.266196906567 0.534790217876 0.959809212685 0.733803093433 0.534790217876 0.032 0 0 0 0.128 0.128 0.128
0.964809212685 -0.266196906567 0.534790217876 0.964809212685 0.733803093433 0.534790217876 0.032 0 0 0 0.128 0.128 0.128
0.969809212685 -0.266196906567 0.534790217876 0.969809212685 0.733803093433 0.534790217876 0.032 0 0 0 0.128 0.128 0.128
0.974809212685 -0.266196906567 0.534790217876 0.974809212685 0.733803093433 0.534790217876 0.032 0 0 0 0.128 0.128 0.128
0.979809212685 -0.266196906567 0.534790217876 0.979809212685 0.733803093433 0.534790217876 0.032 0 0 0 0.128 0.128 0.128
0.984809212685 -0.266196906567 0.534790217876 0.984809212685 0.733803093433 0.534790217876 0.032 0 0 0 0.128 0.128 0.128
0.989809212685 -0.266196906567 0.534790217876 0.989809212685 0.733803093433 0.534790217876 0.032 0 0 0 0.128 0.128 0.128
0.994809212685 -0.266196906567 0.534790217876 0.994809212685 0.733803093433 0.534790217876 0.032 0 0 0 0.128 0.128 0.128
0.999809212685 -0.266196906567 0.534790217876 0.999809212685 0.733803093433 0.534790217876 0.032 0 0 0 0.128 0.128 0.128
1.00480921268 -0.266196906567 0.534790217876 1.00480921268 0.733803093433 0.534790217876 0.032 0 0 0 0.128 0.128 0.128
1.00980921268 -0.266196906567 0.534790217876 1.00980921268 0.733803093433 0.534790217876 0.032 0 0 0 0.128 0.128 0.128
1.01480921268 -0.266196906567 0.534790217876 1.01480921268 0.733803093433 0.534790217876 0.032 0 0 0 0.128 0.128 0.128
1.01980921268 -0.266196906567 0.534790217876 1.01980921268 0.733803093433 0.534790217876 0.032 0 0 0 0.128 0.128 0.128
1.02480921268 -0.266196906567 0.534790217876 1.02480921268 0.733803093433 0.534790217876 0.032 0 0 0 0.128 0.128 0.128
1.02980921268 -0.266196906567 0.534790217876 1.02980921268 0.733803093433 0.534790217876 0.032 0 0 0 0.128 0.128 0.128
1.03480921268 -0.266196906567 0.534790217876 1.03480921268 0.733803093433 0.534790217876 0.032 0 0 0 0.128 0.128 0.128
1.03980921268 -0.266196906567 0.534790217876 1.03980921268 0.733803093433 0.534790217876 0.032 0 0 0 0.128 0.128 0.128
1.04480921268 -0.266196906567 0.534790217876 1.04480921268 0.733803093433 0.534790217876 0.032 0 0 0 0.128 0.128 0.128
1.04980921268 -0.266196906567 0.534790217876 1.04980921268 0.733803093433 0.534790217876 0.032 0 0 0 0.128 0.128 0.128
1.05480921268 -0.266196906567 0.534790217876 1.05480921268 0.733803093433 0.534790217876 0.032 0 0 0 0.128 0.128 0.128
1.05980921268 -0.266196906567 0.534790217876 1.05980921268 0.733803093433 0.534790217876 0.032 0 0 0 0.128 0.128 0.128
1.06480921268 -0.266196906567 0.534790217876 1.06480921268 0.733803093433 0.534790217876 0.032 0 0 0 0.128 0.128 0.128
1.06980921268 -0.266196906567 0.534790217876 1.06980921268 0.733803093433 0.534790217876 0.032 0 0 0 0.128 0.128 0.128
1.07480921268 -0.266196906567 0.534790217876 1.07480921268 0.733803093433 0.534790217876 0.032 0 0 0 0.128 0.128 0.128
1.07980921268 -0.266196906567 0.534790217876 1.07980921268 0.733803093433 0.534790217876 0.032 0 0 0 0.128 0.128 0.128
1.08480921268 -0.266196906567 0.534790217876 1.08480921268 0.733803093433 0.534790217876 0.032 0 0 0 0.128 0.128 0.128
1.08980921268 -0.266196906567 0.534790217876 1.08980921268 0.733803093433 0.534790217876 0.032 0 0 0 0.128 0.128 0.128
1.09480921268 -0.266196906567 0.534790217876 1.09480921268 0.733803093433 0.534790217876 0.032 0 0 0 0.128 0.128 0.128
1.09980921268 -0.266196906567 0.534790217876 1.09980921268 0.733803093433 0.534790217876 0.032 0 0 0 0.128 0.128 0.128
1.10480921268 -0.266196906567 0.534790217876 1.10480921268 0.733803093433 0.534790217876 0.032 0 0 0 0.128 0.128 0.128
1.10980921268 -0.266196906567 0.534790217876 1.10980921268 0.733803093433 0.534790217876 0.032 0 0 0 0.128 0.128 0.128
1.11480921268 -0.266196906567 0.534790217876 1.11480921268 0.733803093433 0.534790217876 0.032 0 0 0 0.128 0.128 0.128
1.11980921268 -0.266196906567 0.534790217876 1.11980921268 0.733803093433 0.534790217876 0.032 0 0 0 0.128 0.128 0.128
1.12480921268 -0.266196906567 0.534790217876 1.12480921268 0.733803093433 0.534790217876 0.032 0 0 0 0.128 0.128 0.128
1.12980921268 -0.266196906567 0.534790217876 1.12980921268 0.733803093433 0.534790217876 0.032 0 0 0 0.128 0.128 0.128
1.13480921268 -0.266196906567 0.534790217876 1.13480921268 0.733803093433 0.534790217876 0.032 0 0 0 0.128 0.128 0.128
1.13980921268 -0.266196906567 0.534790217876 1.13980921268 0.733803093433 0.534790217876 0.032 0 0 0 0.128 0.128 0.128
1.14480921268 -0.266196906567 0.534790217876 1.14480921268 0.733803093433 0.534790217876 0.032 0 0 0 0.128 0.128 0.128
1.14980921268 -0.266196906567 0.534790217876 1.14980921268 0.733803093433 0.534790217876 0.032 0 0 0 0.128 0.128 0.128
1.15480921268 -0.266196906567 0.534790217876 1.15480921268 0.733803093433 0.534790217876 0.032 0 0 0 0.128 0.128 0.128
1.15980921268 -0.266196906567 0.534790217876 1.15980921268 0.733803093433 0.534790217876 0.032 0 0 0 0.128 0.128 0.128
1.16480921268 -0.266196906567 0.534790217876 1.16480921268 0.733803093433 0.534790217876 0.032 0 0 0 0.128 0.128 0.128
1.16980921268 -0.266196906567 0.534790217876 1.16980921268 0.733803093433 0.534790217876 0.032 0 0 0 0.128 0.128 0.128
1.17480921268 -0.266196906567 0.534790217876 1.17480921268 0.733803093433 0.534790217876 0.032 0 0 0 0.128 0.128 0.128
1.17980921268 -0.266196906567 0.534790217876 1.17980921268 0.733803093433 0.534790217876 0.032 0 0 0 0.128 0.128 0.128
1.18480921268 -0.266196906567 0.534790217876 1.18480921268 0.733803093433 0.534790217876 0.032 0 0 0 0.128 0.128 0.128
1.18980921268 -0.266196906567 0.534790217876 1.18980921268 0.733803093433 0.534790217876 0.032 0 0 0 0.128 0.128 0.128
1.19480921268 -0.266196906567 0.534790217876 1.19480921268 0.733803093433 0.534790217876 0.032 0 0 0 0.128 0.128 0.128
1.19980921268 -0.266196906567 0.534790217876 1.19980921268 0.733803093433 0.534790217876 0.032 0 0 0 0.128 0.128 0.128
1.20480921268 -0.266196906567 0.534790217876 1.20480921268 0.733803093433 0.534790217876 0.032 0 0 0 0.128 0.128 0.128
1.20980921268 -0.266196906567 0.534790217876 1.20980921268 0.733803093433 0.534790217876 0.032 0 0 0 0.128 0.128 0.128
1.21480921268 -0.266196906567 0.534790217876 1.21480921268 0.733803093433 0.534790217876 0.032 0 0 0 0.128 0.128 0.128
1.21980921268 -0.266196906567 0.534790217876 1.21980921268 0.733803093433 0.534790217876 0.032 0 0 0 0.128 0.128 0.128
1.22480921268 -0.266196906567 0.534790217876 1.22480921268 0.733803093433 0.534790217876 0.032 0 0 0 0.128 0.128 0.128
1.22980921268 -0.266196906567 0.534790217876 1.22980921268 0.733803093433 0.534790217876 0.032 0 0 0 0.128 0.128 0.128
1.23480921268 -0.266196906567 0.534790217876 1.23480921268 0.733803093433 0.534790217876 0.032 0 0 0 0.128 0.128 0.128
1.23980921268 -0.266196906567 0.534790217876 1.23980921268 0.733803093433 0.534790217876 0.032 0 0 0 0.128 0.128 0.128
1.24480921268 -0.266196906567 0.534790217876 1.24480921268 0.733803093433 0.534790217876 0.032 0 0 0 0.128 0.128 0.128
1.24980921268 -0.266196906567 0.534790217876 1.24980921268 0.733803093433 0.534790217876 0.032 0 0 0 0.128 0.128 0.128
1.25480921268 -0.266196906567 0.534790217876 1.25480921268 0.733803093433 0.534790217876 0.032 0 0 0 0.128 0.128 0.128
1.25980921268 -0.266196906567 0.534790217876 1.25980921268 0.733803093433 0.534790217876 0.032 0 0 0 0.128 0.128 0.128
1.26480921268 -0.266196906567 0.534790217876 1.26480921268 0.733803093433 0.534790217876 0.032 0 0 0 0.128 0.128 0.128
1.26980921268 -0.266196906567 0.534790217876 1.26980921268 0.733803093433 0.534790217876 0.032 0 0 0 0.128 0.128 0.128
1.27480921268 -0.266196906567 0.534790217876 1.27480921268 0.733803093433 0.534790217876 0.032 0 0 0 0.128 0.128 0.128
1.27980921268 -0.266196906567 0.534790217876 1.27980921268 0.733803093433 0.534790217876 0.032 0 0 0 0.128 0.128 0.128
1.28480921268 -0.266196906567 0.534790217876 1.28480921268 0.733803093433 0.534790217876 0.032 0 0 0 0.128 0.128 0.128
1.28980921268 -0.266196906567 0.534790217876 1.28980921268 0.733803093433 0.534790217876 0.032 0 0 0 0.128 0.128 0.128
1.29480921268 -0.266196906567 0.534790217876 1.29480921268 0.733803093433 0.534790217876 0.032 0 0 0 0.128 0.128 0.128
1.29980921268 -0.266196906567 0.534790217876 1.29980921268 0.733803093433 0.534790217876 0.032 0 0 0 0.128 0.128 0.128
1.30480921268 -0.266196906567 0.534790217876 1.30480921268 0.733803093433 0.534790217876 0.032 0 0 0 0.128 0.128 0.128
1.30980921268 -0.266196906567 0.534790217876 1.30980921268 0.733803093433 0.534790217876 0.032 0 0 0 0.128 0.128 0.128
1.31480921268 -0.266196906567 0.534790217876 1.31480921268 0.733803093433 0.534790217876 0.032 0 0 0 0.128 0.128 0.128
1.31980921268 -0.266196906567 0.534790217876 1.31980921268 0.733803093433 0.534790217876 0.032 0 0 0 0.128 0.128 0.128
1.32480921268 -0.266196906567 0.534790217876 1.32480921268 0.733803093433 0.534790217876 0.032 0 0 0 0.128 0.128 0.128
1.32980921268 -0.266196906567 0.534790217876 1.32980921268 0.733803093433 0.534790217876 0.032 0 0 0 0.128 0.128 0.128
1.33480921268 -0.266196906567 0.534790217876 1.33480921268 0.733803093433 0.534790217876 0.032 0 0 0 0.128 0.128 0.128
1.33980921268 -0.266196906567 0.534790217876 1.33980921268 0.733803093433 0.534790217876 0.032 0 0 0 0.128 0.128 0.128
1.34480921268 -0.266196906567 0.534790217876 1.34480921268 0.733803093433 0.534790217876 0.032 0 0 0 0.128 0.128 0.128
1.34980921268 -0.266196906567 0.534790217876 1.34980921268 0.733803093433 0.534790217876 0.032 0 0 0 0.128 0.128 0.128
1.35480921268 -0.266196906567 0.534790217876 1.35480921268 0.733803093433 0.534790217876 0.032 0 0 0 0.128 0.128 0.128
1.35980921268 -0.266196906567 0.534790217876 1.35980921268 0.733803093433 0.534790217876 0.032 0 0 0 0.128 0.128 0.128
1.36480921268 -0.266196906567 0.534790217876 1.36480921268 0.733803093433 0.534790217876 0.032 0 0 0 0.128 0.128 0.128
1.36980921268 -0.266196906567 0.534790217876 1.36980921268 0.733803093433 0.534790217876 0.032 0 0 0 0.128 0.128 0.128
1.37480921268 -0.266196906567 0.534790217876 1.37480921268 0.733803093433 0.534790217876 0.032 0 0 0 0.128 0.128 0.128
1.37980921268 -0.266196906567 0.534790217876 1.37980921268 0.733803093433 0.534790217876 0.032 0 0 0 0.128 0.128 0.128
1.38480921268 -0.266196906567 0.534790217876 1.38480921268 0.733803093433 0.534790217876 0.032 0 0 0 0.128 0.128 0.128
1.38980921268 -0.266196906567 0.534790217876 1.38980921268 0.733803093433 0.534790217876 0.032 0 0 0 0.128 0.128 0.128
1.39480921268 -0.266196906567 0.534790217876 1.39480921268 0.733803093433 0.534790217876 0.032 0 0 0 0.128 0.128 0.128
1.39980921268 -0.266196906567 0.534790217876 1.39980921268 0.733803093433 0.534790217876 0.032 0 0 0 0.128 0.128 0.128
1.40480921268 -0.266196906567 0.534790217876 1.40480921268 0.733803093433 0.534790217876 0.032 0 0 0 0.128 0.128 0.128
1.40980921268 -0.266196906567 0.534790217876 1.40980921268 0.733803093433 0.534790217876 0.032 0 0 0 0.128 0.128 0.128
1.41480921268 -0.266196906567 0.534790217876 1.41480921268 0.733803093433 0.534790217876 0.032 0 0 0 0.128 0.128 0.128
1.41980921268 -0.266196906567 0.534790217876 1.41980921268 0.733803093433 0.534790217876 0.032 0 0 0 0.128 0.128 0.128
1.42480921268 -0.266196906567 0.534790217876 1.42480921268 0.733803093433 0.534790217876 0.032 0 0 0 0.128 0.128 0.128
1.42980921268 -0.266196906567 0.534790217876 1.42980921268 0.733803093433 0.534790217876 0.032 0 0 0 0.128 0.128 0.128
1.43480921268 -0.266196906567 0.534790217876 1.43480921268 0.733803093433 0.534790217876 0.032 0 0 0 0.128 0.128 0.128
1.43980921268 -0.266196906567 0.534790217876 1.43980921268 0.733803093433 0.534790217876 0.032 0 0 0 0.128 0.128 0.128
1.44480921268 -0.266196906567 0.534790217876 1.44480921268 0.733803093433 0.534790217876 0.032 0 0 0 0.128 0.128 0.128
1.44980921268 -0.266196906567 0.534790217876 1.44980921268 0.733803093433 0.534790217876 0.032 0 0 0 0.128 0.128 0.128
1.45480921268 -0.266196906567 0.534790217876 1.45480921268 0.733803093433 0.534790217876 0.032 0 0 0 0.128 0.128 0.128
1.45980921268 -0.266196906567 0.534790217876 1.45980921268 0.733803093433 0.534790217876 0.032 0 0 0 0.128 0.128 0.128
1.46480921268 -0.266196906567 0.534790217876 1.46480921268 0.733803093433 0.534790217876 0.032 0 0 0 0.128 0.128 0.128
1.46980921268 -0.266196906567 0.534790217876 1.46980921268 0.733803093433 0.534790217876 0.032 0 0 0 0.128 0.128 0.128
1.47480921268 -0.266196906567 0.534790217876 1.47480921268 0.733803093433 0.534790217876 0.032 0 0 0 0.128 0.128 0.128
1.47980921268 -0.266196906567 0.534790217876 1.47980921268 0.733803093433 0.534790217876 0.032 0 0 0 0.128 0.128 0.128
1.48480921268 -0.266196906567 0.534790217876 1.48480921268 0.733803093433 0.534790217876 0.032 0 0 0 0.128 0.128 0.128
1.48980921268 -0.266196906567 0.534790217876 1.48980921268 0.733803093433 0.534790217876 0.032 0 0 0 0.128 0.128 0.128
1.49480921268 -0.266196906567 0.534790217876 1.49480921268 0.733803093433 0.534790217876 0.032 0 0 0 0.128 0.128 0.128
1.49980921268 -0.266196906567 0.534790217876 1.49980921268 0.733803093433 0.534790217876 0.032 0 0 0 0.128 0.128 0.128
1.50480921268 -0.266196906567 0.534790217876 1.50480921268 0.733803093433 0.534790217876 0.032 0 0 0 0.128 0.128 0.128
1.50980921268 -0.266196906567 0.534790217876 1.50980921268 0.733803093433 0.534790217876 0.032 0 0 0 0.128 0.128 0.128
1.51480921268 -0.266196906567 0.534790217876 1.51480921268 0.733803093433 0.534790217876 0.032 0 0 0 0.128 0.128 0.128
1.51980921268 -0.266196906567 0.534790217876 1.51980921268 0.733803093433 0.534790217876 0.032 0 0 0 0.128 0.128 0.128
1.52480921268 -0.266196906567 0.534790217876 1.52480921268 0.733803093433 0.534790217876 0.032 0 0 0 0.128 0.128 0.128
1.52980921268 -0.266196906567 0.534790217876 1.52980921268 0.733803093433 0.534790217876 0.032 0 0 0 0.128 0.128 0.128
1.53480921268 -0.266196906567 0.534790217876 1.53480921268 0.733803093433 0.534790217876 0.032 0 0 0 0.128 0.128 0.128
1.53980921268 -0.266196906567 0.534790217876 1.53980921268 0.733803093433 0.534790217876 0.032 0 0 0 0.128 0.128 0.128
1.54480921268 -0.266196906567 0.534790217876 1.54480921268 0.733803093433 0.534790217876 0.032 0 0 0 0.128 0.128 0.128
1.54980921268 -0.266196906567 0.534790217876 1.54980921268 0.733803093433 0.534790217876 0.032 0 0 0 0.128 0.128 0.128
1.55480921268 -0.266196906567 0.534790217876 1.55480921268 0.733803093433 0.534790217876 0.032 0 0 0 0.128 0.128 0.128
