0.6001349687576294 -0.18129083514213562 -0.30479544401168823 0.04273773539657547 0.03207766965342673 0.13340592327110867 0.04485054049274529
-0.06761229038238525 1.3621375560760498 -0.7872514724731445 0.06247749698450179 0.030968097859975563 0.16888045207902241 0.16456020874335223
-3.946763277053833 -0.9824128150939941 -0.6470671892166138 0.03326918788474317 0.027653461381362876 0.13602810790842312 0.16137989396104443
-2.6936299800872803 -1.8654723167419434 -0.5373486280441284 0.07136734009169055 0.028414346064055743 0.11635070826584384 0.07992952295859698
-0.4067067503929138 1.3231281042099 -0.45661628246307373 0.06919096088961763 0.04549019885728647 0.13212248311023184 0.10644168606466167
-2.486539840698242 -0.3532434105873108 -0.4740193486213684 0.10197079782878132 0.07608343590935782 0.13032786627644732 0.14756600910457945
-3.8430593013763428 0.08235444873571396 -0.44062623381614685 0.07771921418840504 0.06216058154521266 0.14564784659596963 0.10293120468865977
-1.308353066444397 0.4290398359298706 0.3395228981971741 0.05818945615146631 0.054330275183886056 0.09128950016665645 0.10191685789254624
-0.8315175771713257 0.7135819792747498 0.37235400080680847 0.05283292805430635 0.05196106475011862 0.06838070400467418 0.1503835429817478
-3.0457048416137695 -2.1767070293426514 -0.6367403864860535 0.06974713577225304 0.04341473990097211 0.08965118539392902 0.14407727134837678
-5.054368019104004 -0.29995864629745483 -0.5400594472885132 0.05440319173231249 0.034387048375729604 0.17574484084676686 0.15656613707981615
-4.5719075202941895 -0.18246270716190338 -0.5704563856124878 0.0914609282970513 0.04769797979857351 0.11027052931969235 0.10225721061193756
-0.7734790444374084 -0.5654134154319763 -0.32738441228866577 0.10011461424570524 0.08411791584705361 0.1728607619746148 0.13843036366162154
0.43691888451576233 0.5301550626754761 -0.5995410680770874 0.0898944338281672 0.029190052681288874 0.14015717647377524 0.15858639430000063
-2.42242431640625 -0.6114372611045837 -0.5593571066856384 0.10648931484392682 0.07542123620369065 0.17937316009264306 0.15719987780931688
-1.4711954593658447 0.4399580955505371 -0.15020892024040222 0.06642424451243956 0.06262453078982151 0.1282283841441653 0.12868893349213836
-0.477809339761734 1.3064861297607422 -0.39022761583328247 0.033806106597163856 0.026608903316048725 0.13647320670858798 0.03496993597884209
-3.535999298095703 -1.4290099143981934 -0.3616850674152374 0.043893271348247886 0.028699537140153664 0.12525347759071534 0.1182248074704739
0.9340800046920776 -0.18999628722667694 -0.26802152395248413 0.033788811267835624 0.027268618425913813 0.05143828312474587 0.10077973501571527
-3.8443920612335205 -1.0074539184570312 -0.392854779958725 0.06084272315522676 0.055191664374264954 0.16409496926346723 0.1696800582435838
0.1427101045846939 0.9839450120925903 -0.7237939834594727 0.10467324598192353 0.0536065080113856 0.13477804156223847 0.17955803880422672
-2.670666456222534 -1.6021819114685059 -0.3117257058620453 0.03635926762434337 0.0282050187782431 0.08250995355697903 0.14927003428018976
-1.591941475868225 0.39645060896873474 0.3362404704093933 0.06599783407324342 0.03713907802918949 0.15566097926671724 0.17466937935463647
-1.174422025680542 -0.1445172131061554 0.013225007802248001 0.07274805127667561 0.02505911335352285 0.09024324021572062 0.11547243563803745
0.09315317869186401 0.5564067959785461 -0.3183155655860901 0.07683344626548008 0.056537648104848 0.17371160838388655 0.0960888119044527
-3.113461494445801 -1.5969951152801514 -0.44833463430404663 0.11101697532400571 0.07860360148031538 0.11393509271904535 0.17802675604925192
-0.7799669504165649 -0.9632812738418579 -0.40958264470100403 0.1093845765232759 0.07350338605351098 0.1311197168595463 0.16167111504145587
-3.540872573852539 -1.8228654861450195 -0.26683345437049866 0.11965199390996996 0.026814505131228572 0.13261680233706988 0.1666023191280607
-1.4837461709976196 -0.2570352852344513 0.07035571336746216 0.04664828625635142 0.03948863631497352 0.12352047686203003 0.1417350337950516
-2.1606194972991943 -0.06369701027870178 -0.06670338660478592 0.11486145117106489 0.02064234671940339 0.17837297649075307 0.12320940445001208
-2.972541570663452 -1.7120954990386963 -0.3999585211277008 0.06023566655217834 0.05893463048269365 0.08706492445763234 0.1594574470082205
-4.15983247756958 0.3639375567436218 -0.5253245830535889 0.10721917269912615 0.0601706821738999 0.11755525407563634 0.17280106300215153
-3.0509824752807617 -0.486422598361969 -0.6274053454399109 0.080238505453381 0.05547691681451 0.09851342611145014 0.15435989154956214
0.0412144772708416 0.9231814742088318 -0.34754860401153564 0.07541219728589958 0.043126585768303714 0.1467163037329473 0.08812388075164176
-3.158693313598633 -0.22540931403636932 -0.7603698372840881 0.11971354929895149 0.07979505852327767 0.1577601905526599 0.14651394167957424
-2.0186216831207275 -1.7115662097930908 -0.35919392108917236 0.052375338616741735 0.02649512157551623 0.07221067985146644 0.09475212963365107
-0.11456222087144852 0.7774149775505066 -0.3879457414150238 0.08669750008605731 0.020069738437469398 0.13117167234696187 0.15147929697879847
-5.004960536956787 -0.2534882128238678 -0.5374308824539185 0.10148580399592769 0.036439685492550944 0.14823024938317442 0.1355806224400013
-1.3914475440979004 -0.06227213516831398 0.33636292815208435 0.03811316482666914 0.022122473578995043 0.0792162620797475 0.15214941877263366
-4.80634069442749 -0.20071856677532196 -0.531010627746582 0.05447993518966869 0.03914357496448974 0.12224756739515096 0.10969438888811736
-3.489689826965332 -1.2210098505020142 -0.223758265376091 0.06176094123615338 0.04015856418443136 0.10753966429793713 0.06285091845222272
0.3216175436973572 0.5403888821601868 -0.2280712127685547 0.09836250382982165 0.08758720406104827 0.12955053086255988 0.09932715703526472
-1.6059789657592773 0.628364086151123 0.3444063067436218 0.05126007349604956 0.040322405999946825 0.11064932004039198 0.0769129004881609
0.8719204068183899 -0.34561216831207275 -0.23822320997714996 0.041792283229192415 0.030055721121617703 0.16163326599116618 0.06367595106711828
-0.24046628177165985 -0.7313875555992126 -0.6982078552246094 0.05096608955660886 0.027545223510253583 0.07173057680096645 0.17757057604152168
-2.7155470848083496 -2.034902572631836 -0.36456170678138733 0.10343136439534628 0.07209156536839405 0.14785211880705945 0.1486062138108778
-0.669894278049469 1.0041395425796509 -0.041983332484960556 0.043647064669905304 0.02306461339605701 0.12293292967308889 0.07094664219584955
-0.4588783383369446 -0.342398464679718 -0.5838944315910339 0.09450750430380138 0.060858551398489794 0.0951928914218982 0.12190222536661027
-2.487177848815918 -1.3884081840515137 -0.5260791778564453 0.07156145289311619 0.03883019116831714 0.10193813649669986 0.07389181227158265
-3.716907501220703 -1.0737438201904297 -0.569391667842865 0.06942250958076462 0.039886020453555215 0.10960712063963819 0.17856629599974896
-3.2067458629608154 -1.618407130241394 -0.30753132700920105 0.11354795737628887 0.04447750946918759 0.12350810981721821 0.17424618448156906
0.15088525414466858 0.23833195865154266 -0.6198362708091736 0.06477524844714314 0.024552206200531716 0.1434653608720051 0.1216955287584452
-4.161591053009033 -0.9543803930282593 -0.7570205926895142 0.03778562040335018 0.034202632047432596 0.1464999359832379 0.17355586642040732
-2.2663841247558594 0.059439767152071 -0.1494510918855667 0.06843989368502683 0.038744171651746886 0.1115088448628581 0.14726125112493363
-1.575880765914917 -1.055992603302002 -0.5526599884033203 0.10620233617767676 0.03960477539127602 0.16305290902872085 0.12404390275659527
-2.9115920066833496 0.08345939964056015 -0.5669698715209961 0.11736843816225905 0.10573143455039831 0.17916674851508377 0.16724924843788957
-2.839794874191284 -0.5174371600151062 -0.34308305382728577 0.06726946536487578 0.05985040248697719 0.1392072907486694 0.07970416164535639
-3.4618005752563477 -1.7214157581329346 -0.48492079973220825 0.08478446187069903 0.08377866357973465 0.17518776018371593 0.1135657494308953
-2.895416498184204 -0.3412470519542694 -0.4495425522327423 0.071304308643413 0.022409875141162994 0.14811816478925724 0.13480043724718194
-2.6566500663757324 -0.9528607130050659 -0.4955499768257141 0.04154846288071321 0.025476836986668493 0.10692241832402002 0.0765484049645539
-1.6526130437850952 -1.1416975259780884 -0.6354733109474182 0.11706936370329324 0.09687161837092284 0.1397794753427258 0.1636408526147618
-3.8085012435913086 0.045686859637498856 -0.6246721744537354 0.0789096794899033 0.03303455037066245 0.17069861847490975 0.13055122261771876
-2.4886112213134766 -0.30904749035835266 -0.5012819170951843 0.0373215258178462 0.0371787911591456 0.110830524228037 0.0381648913022574
-2.947540044784546 -0.5053975582122803 -0.32001662254333496 0.03573453412147629 0.03361934001215846 0.057642730902122685 0.1487829205519649
-0.14376570284366608 1.7302483320236206 -0.558650016784668 0.10582230309994776 0.04673344060836808 0.11333813890303351 0.1539248005808112
-1.5130358934402466 -1.4241352081298828 -0.6819829344749451 0.043590633511881416 0.022477950796422074 0.1703090995632265 0.0860417524919925
-4.450201034545898 -0.46462181210517883 -0.5865108966827393 0.10015006335307973 0.05952131295169465 0.17499613369854894 0.17513260521740376
-3.045008659362793 -0.2701684236526489 -0.45779362320899963 0.042474623704393234 0.028455967813532615 0.046567680848662085 0.06726032641444385
-1.2080490589141846 -0.848176896572113 -0.5912087559700012 0.04196471693399531 0.03513524378379752 0.17009119945151063 0.1366267337126305
-0.3432500958442688 0.2862949073314667 -0.206961989402771 0.08410376532755112 0.02656160307240954 0.16865162018933688 0.15787463104477775
-3.211230993270874 -0.7607015371322632 -0.41543665528297424 0.059745563706122995 0.03601626100231133 0.1287350541370242 0.07596289949139032
-3.0017359256744385 -2.055572032928467 -0.7105408310890198 0.07970820552008018 0.027427098542544822 0.13668875871964487 0.17440482528374174
-1.5233200788497925 -1.0909473896026611 -0.6115050315856934 0.07634294885293356 0.048834164616867154 0.07833751782954047 0.08403915623351114
-1.6886383295059204 -0.09509242326021194 0.15954110026359558 0.11815038878241334 0.09030949240744596 0.15716576894876147 0.13341149760259888
0.657505989074707 -0.3762136697769165 -0.39903703331947327 0.05913414299460735 0.02443507046870959 0.1614499092284362 0.06447230018546526
-4.410984039306641 0.27265411615371704 -0.7325100302696228 0.08186320449341174 0.06832554896891174 0.15198249784599863 0.16439696948829946
-4.608494281768799 -0.06114787235856056 -0.2844240069389343 0.09891898056635598 0.057587322143845 0.162541588568981 0.11697567390952798
0.12678691744804382 -0.2737986147403717 -0.6613172888755798 0.08543108765009444 0.06329262744283791 0.09750466893871894 0.08632561967006597
-0.6299795508384705 0.3090921640396118 0.031557101756334305 0.04715963222610886 0.034392704781367765 0.17169042958598185 0.12294172476627403
-0.7446534633636475 -0.057824987918138504 -0.0415862612426281 0.08022920908363071 0.05362725324502965 0.10243059290643719 0.12464288769451526
-4.135822772979736 -0.995259165763855 -0.6757380366325378 0.08467754789370327 0.07890718314909863 0.13670963872881148 0.10740619423271455
-2.6507680416107178 -1.5186529159545898 -0.536902129650116 0.0890345265036955 0.08162968281706824 0.16245904512074705 0.17111623265444828
-4.981782913208008 -0.20480279624462128 -0.3293082118034363 0.06516711579451148 0.03666198971422471 0.1118322003078043 0.1483721174891178
-0.7973580956459045 1.311712384223938 0.03116176463663578 0.05710059717590472 0.04570747172591491 0.06683137096781162 0.1176662678547353
-3.164577007293701 -0.7771922945976257 -0.6399145126342773 0.1103963598806037 0.09475865995279542 0.12109156120975076 0.12379826557704984
0.47847041487693787 -0.1389821618795395 -0.7733733057975769 0.036774078872504806 0.03603383162845557 0.15959800677465202 0.178139240943016
-2.5028507709503174 -1.2479702234268188 -0.3889540135860443 0.11987487194279776 0.027250921492478528 0.15464042337289816 0.15875576227766874
0.018897559493780136 0.41342753171920776 -0.7120416164398193 0.07326973754146104 0.042945538335364776 0.13796973037091476 0.10003114869671072
-2.619588851928711 -1.21681809425354 -0.7533347010612488 0.045968833061771915 0.032723923040864654 0.15988861921552985 0.12705127509684336
0.10166168212890625 0.410856693983078 -0.7061426043510437 0.08104206157915439 0.0638521406637355 0.14504992481081358 0.13994011468476397
-2.8106629848480225 -0.5411149263381958 -0.3462347686290741 0.03486064456867302 0.0235809439476046 0.12083705914455375 0.11951353951665782
-3.8757224082946777 0.2677414119243622 -0.6455529928207397 0.06299640166814902 0.06084576680352563 0.13054219519767607 0.07390094327621291
-4.744062900543213 -0.5249573588371277 -0.4981662333011627 0.10103286066948348 0.021917703299782404 0.12132363388458647 0.11383599176409519
0.3551748991012573 1.3029279708862305 -0.6537851691246033 0.09722262892193884 0.07667036842292128 0.14058286856835545 0.1489057410470287
-0.7550050020217896 0.8673036694526672 0.3726443648338318 0.10519253020833708 0.06126663757995132 0.11921267292315946 0.15995162882976446
-1.9686174392700195 -0.31612759828567505 0.39080092310905457 0.11839212308844582 0.06588684823215005 0.16094542830946457 0.13808252638477178
-3.938908100128174 0.1907631754875183 -0.23520484566688538 0.043621210907257825 0.02726190344013973 0.05594169713288115 0.11914221925706941
-1.0958601236343384 -0.7260593175888062 -0.7448362708091736 0.08991663456293289 0.07299906612778348 0.1530683300501006 0.17730909772966624
-3.485013008117676 -0.2136637419462204 -0.5767802000045776 0.08278429377987646 0.03895728685989059 0.17283494141112177 0.10570087806357514
-3.195850372314453 -2.1617791652679443 -0.4679156541824341 0.04258904988807379 0.021059657334254373 0.15344744204353777 0.13643488108814283
-3.1756696701049805 -0.19757825136184692 -0.6367577910423279 0.11586745708389502 0.04859117910927756 0.12456473817163982 0.11629788328784775
-2.9397289752960205 0.16207949817180634 -0.4770412743091583 0.04767784241159824 0.04403441016016785 0.11857688039118795 0.11466967635178735
-1.7268705368041992 0.1864243596792221 0.28335461020469666 0.11078953914327905 0.0963162171553689 0.11948341009562453 0.15895235685626258
0.49845245480537415 0.5984596014022827 -0.3886512517929077 0.036318666226012306 0.028736889941305604 0.12936772738122537 0.16295623008518023
-3.744180917739868 -0.07646442204713821 -0.5709757208824158 0.060680732802493795 0.03499985794492006 0.10266322558406893 0.07571880579631195
-4.016994476318359 -0.7812774777412415 -0.45604705810546875 0.10144859976633046 0.0739614747289186 0.11522021213393603 0.15366088063547598
-3.0146493911743164 -0.013399946503341198 -0.7628189325332642 0.10366555241524872 0.021404560571282767 0.17613609931726223 0.16683526187197747
0.6167387366294861 0.4656556248664856 -0.49519082903862 0.10356080545489288 0.06990485318967687 0.17366223925435728 0.15143448414163888
-2.765131711959839 -0.6011181473731995 -0.5070860385894775 0.07352097297191676 0.030444013349236833 0.17144366646682785 0.1696554606132945
-3.9817965030670166 -0.2079986333847046 -0.2429795265197754 0.05872399801073744 0.044955765450506294 0.15736570972112252 0.07957288982234058
-3.1589248180389404 -0.4733346402645111 -0.494269460439682 0.1167539199730276 0.04039684441235885 0.1576781994559186 0.17726906794329095
-4.022231578826904 -0.27053290605545044 -0.4255034625530243 0.048826583346184296 0.025277726366288673 0.17570506002340802 0.13793272448592553
-2.4754981994628906 -0.6085689067840576 -0.7155498266220093 0.11308822060043627 0.09049055704088502 0.16496820083625052 0.12818601563312174
-4.564839839935303 -0.450093537569046 -0.2915167212486267 0.03308285076767139 0.02687244424217171 0.1126671790086286 0.13557006948185643
-1.3025580644607544 -0.00583927845582366 -0.09338508546352386 0.04727336815399343 0.03466040575958589 0.12429292426348912 0.1601149257893761
-1.724631905555725 -1.3552515506744385 -0.3374421000480652 0.0834108130007818 0.054797927290345105 0.1739778368085419 0.15516066917318147
-0.2530284821987152 -0.7324635982513428 -0.34722477197647095 0.07117799411547888 0.029899432385293176 0.09600953354977643 0.11225365411612322
-4.472548007965088 -0.15767802298069 -0.6528481841087341 0.06538344800059487 0.03463983593935553 0.1296830491620583 0.1407342521748034
-3.0101265907287598 -2.139991521835327 -0.31588032841682434 0.1080724613758357 0.07335886077332818 0.13459097038658124 0.15525801084413238
0.1460871398448944 -0.5510280728340149 -0.37453410029411316 0.10372299194562898 0.09555703519319746 0.13251727322717366 0.11113645364149527
-1.4672155380249023 -0.19140300154685974 -0.06327776610851288 0.07322695189391443 0.03255677463846095 0.10273391551105694 0.16302554950038928
-1.4482336044311523 0.17497409880161285 0.11392266303300858 0.04767996123957838 0.021581510424013076 0.11499491306462789 0.10201747317648192
0.4829138517379761 -0.3211521804332733 -0.34752902388572693 0.11445405831080757 0.06782838746647117 0.12795342765680576 0.14084528052367826
-1.0179437398910522 -0.8158475756645203 -0.55323725938797 0.07278944386467293 0.04352798034227519 0.17199242604135528 0.12017868299634682
0.46025514602661133 1.0722159147262573 -0.7602124214172363 0.10256050137256338 0.0966862664025363 0.10765709868393547 0.10782135112355572
-0.4695711135864258 0.695898711681366 -0.13652417063713074 0.04035095549218404 0.03160349161404174 0.07625845731306119 0.17760131306749338
0.6188178062438965 -0.15671075880527496 -0.2801187336444855 0.0867241694910629 0.07530126490661133 0.17596205873788434 0.13564033410540832
-1.7922991514205933 0.17632532119750977 0.1930815875530243 0.07504116385731192 0.04810815607304818 0.08958179484332869 0.10714925709051365
-0.9258663654327393 1.0257112979888916 0.17009763419628143 0.09011241372558979 0.07889068191320092 0.12966465604297744 0.17432768361354992
0.3640161454677582 0.6159918308258057 -0.31577232480049133 0.0923035531883067 0.08338538388345379 0.12540671863502167 0.124402465584867
-1.1755921840667725 -1.1173102855682373 -0.8021853566169739 0.11221610799276843 0.09008507665409843 0.13801807012718803 0.15872933213929252
-1.5058037042617798 -0.2509770393371582 0.31143084168434143 0.054266185063427105 0.022526907858505058 0.10155832749506695 0.14189016408553495
-1.8159090280532837 0.27855759859085083 0.007491561584174633 0.11926683684811457 0.03274068320744583 0.13000038666396938 0.16072160557168386
-4.310163497924805 -0.061366479843854904 -0.25292086601257324 0.061890384982389426 0.04878199201179881 0.07201410020866345 0.1744188724346543
-1.5186171531677246 -0.21745452284812927 -0.04623394459486008 0.04056607721082091 0.02352352515416181 0.08715261335051036 0.13107206331319832
-0.2452797293663025 -0.8451947569847107 -0.3161870241165161 0.05709553641703214 0.03768862050602087 0.11763158162803655 0.1632425995212228
-1.8030892610549927 0.30903124809265137 0.23495294153690338 0.09395919591527686 0.07519190078890761 0.14617491830105972 0.154297408520908
-1.3190792798995972 0.16789959371089935 0.09833072870969772 0.0854381900141854 0.0837206643061045 0.17604855022769988 0.12499949091759904
-4.770681381225586 -0.2698131799697876 -0.3847803771495819 0.09407306251703326 0.031560113440494024 0.09945723159492517 0.15096386661331385
-3.455824375152588 -0.7867050766944885 -0.7576063871383667 0.03975347332144687 0.028809190799211203 0.16364262187303177 0.06990676259737756
0.6454132795333862 0.3592158854007721 -0.5996063351631165 0.03629482871328906 0.022747323712711272 0.1304747161388431 0.15829331228377486
-2.778042793273926 -1.7014964818954468 -0.8079179525375366 0.05829627993191243 0.026376489347868397 0.1609045587839645 0.14466293055257326
-1.2350060939788818 -0.11310878396034241 -0.12041724473237991 0.04429169352286831 0.027047536550566662 0.15271172919783993 0.10280155339504306
0.6925420165061951 0.4509640336036682 -0.34354597330093384 0.07094250132550622 0.02054275973665745 0.08135689333234555 0.1307192526051052
-1.0676922798156738 -0.24081173539161682 0.3078443109989166 0.03894696366439294 0.026090538683186188 0.11726064156674051 0.1333785614148567
-1.9674427509307861 0.41752439737319946 0.2951238751411438 0.09783349822169429 0.05769658067857142 0.1462578860126868 0.10766492305934978
-4.644075870513916 -0.13378474116325378 -0.6942629814147949 0.03726699818921429 0.022472799060880493 0.07522680866971809 0.13391231185732255
0.3974093794822693 0.3676268458366394 -0.5985413193702698 0.07896950521165567 0.06738686151034068 0.128922697566304 0.12603664454750954
-2.6128082275390625 -1.3416485786437988 -0.6953372359275818 0.08930090565074206 0.05290354392838163 0.09918729430509575 0.12737261664564048
-4.959251403808594 -0.01642833836376667 -0.3423764109611511 0.11349472556819791 0.04075278553178066 0.1418993075287923 0.12085781890355868
-2.731013774871826 -1.9579758644104004 -0.5243030786514282 0.10835533678946917 0.10781429472269222 0.1687922210492572 0.17840474219338495
-0.3464200794696808 1.086437702178955 -0.44076114892959595 0.1110067137312772 0.020235974308462575 0.15107437302073123 0.13558628755708999
-1.7577974796295166 -1.5209530591964722 -0.21903589367866516 0.1189658228492529 0.11495458160513247 0.12888043445388578 0.1592237874428203
-2.6357946395874023 -0.18477612733840942 -0.5976454019546509 0.1082921224860475 0.08799118272561413 0.14885677946942527 0.15438852781322684
-4.470422744750977 0.2027948498725891 -0.34974008798599243 0.041924773991304426 0.033603796961828615 0.07906498537740439 0.09303274416645291
-3.440077066421509 -0.43401244282722473 -0.27317309379577637 0.07939532360740471 0.035426300346030754 0.1526959425381944 0.09122930998580908
-0.20752540230751038 0.8167015910148621 -0.3354208171367645 0.07601031927611857 0.06882347720009685 0.15211070308814695 0.08973840151076011
-4.397936820983887 0.07688245177268982 -0.7187792062759399 0.07895173307733358 0.05141141746751497 0.10033347446524478 0.16390109958251284
-1.2109808921813965 -0.29798173904418945 0.21911220252513885 0.09601068859614433 0.08465012384294829 0.11266615291001783 0.10621516356400537
0.382672518491745 -0.18936936557292938 -0.5202546715736389 0.03776406937530434 0.035458782985562196 0.13315037112227782 0.14414406184005477
-4.158286094665527 -0.6959822773933411 -0.7595310211181641 0.11531206615484535 0.06830430646558948 0.17366665932395206 0.1753256188245838
-2.766937732696533 -0.3928183615207672 -0.3109646737575531 0.04191540330259173 0.03935425095917519 0.170019451168269 0.13504790076660902
-1.723824143409729 -0.48179036378860474 0.3390570282936096 0.09446245620841762 0.09443913532817759 0.12234704187025564 0.1394586248329939
-4.2566118240356445 -0.7971842288970947 -0.7550546526908875 0.08398539907895965 0.0708702908203208 0.16471787085981673 0.14386052659868787
-1.9129174947738647 -0.17781785130500793 -0.10220307856798172 0.08344321536312596 0.03564250791276294 0.16950881017097155 0.10057478298876549
-3.0930099487304688 -1.683472752571106 -0.29243001341819763 0.06959392205983359 0.036379745115524734 0.16810911427851066 0.08291271195055291
0.814978837966919 -0.09467483311891556 -0.3000416159629822 0.04531365168843782 0.02491661683418958 0.1485106018331706 0.16158561836827717
-2.6619796752929688 -0.5774610042572021 -0.23239970207214355 0.11105685240668957 0.06763113399376408 0.13407406286792217 0.15109848678349908
-2.9454941749572754 -1.9512462615966797 -0.5705653429031372 0.04617254551052217 0.03767034091912143 0.07287340420744091 0.14177895077309435
-3.19531512260437 -1.6039924621582031 -0.7173794507980347 0.09687678000499449 0.051410020589417446 0.15467632493629765 0.16880236074851918
-1.3124802112579346 0.4292992651462555 0.25358501076698303 0.09509874447554088 0.034032644878192915 0.1341323281809681 0.15044025286989396
0.3807601034641266 0.48519372940063477 -0.2141023725271225 0.10771182177064238 0.08580700099387849 0.15066844693111145 0.13561599290462684
-0.3797154724597931 -0.5339409112930298 -0.8032737970352173 0.09406877892635279 0.05737096673840486 0.12583460812907282 0.1781329772395472
-2.261730670928955 -1.3779631853103638 -0.6367809176445007 0.07158829410186096 0.03149843165556979 0.1711475871558366 0.17399631468622395
-2.23616361618042 -1.4133641719818115 -0.512639045715332 0.08266503440721304 0.04726002432498866 0.17018903224959858 0.11453961935184756
-3.7321994304656982 -1.6462291479110718 -0.7204855680465698 0.05423983712631271 0.048919117430133316 0.1463463190848168 0.15671234706048082
-1.1556345224380493 0.3702062666416168 -0.14235559105873108 0.10326699571179351 0.022118814676920666 0.15265943401580848 0.15240603932942848
-2.888975143432617 -0.0599571131169796 -0.33309635519981384 0.03639747059469661 0.02740789162843283 0.08253754233952981 0.06028018227471388
-1.599603533744812 -0.9936508536338806 -0.6755627989768982 0.03281357571886728 0.0257545168237085 0.12926639747399793 0.11926545268666308
-1.4720431566238403 0.0848977193236351 -0.18008404970169067 0.11672230291024907 0.08982883312810043 0.1351122816422035 0.14961658744254927
-3.3852601051330566 -0.846136212348938 -0.5955564975738525 0.11545336079867785 0.061818060844600245 0.12799425560349 0.13875179938845192
-0.6146243810653687 -0.5456642508506775 -0.46150803565979004 0.05939380770892484 0.028410903909768113 0.1199381841046803 0.07567764174151817
-3.57612681388855 -1.029770851135254 -0.4614391624927521 0.0667605629545398 0.038463250741580995 0.06881720425237424 0.12032885014848967
-4.571920871734619 0.04963475093245506 -0.6679725646972656 0.08773176341595462 0.07993743841311818 0.13055846007389715 0.0892729966674139
-4.621567726135254 -0.17820298671722412 -0.47140273451805115 0.09444394085999228 0.08631794023719139 0.1740884869553364 0.11278240094600377
0.11820421367883682 1.6347054243087769 -0.7179110646247864 0.05022217113401437 0.037616949003837455 0.09650700485774763 0.14282268046065907
0.4643915295600891 -0.3916967809200287 -0.3707370162010193 0.04937399777832287 0.04024465583196305 0.10468436200513212 0.12161828978187154
0.057036932557821274 1.8438576459884644 -0.6457157135009766 0.04771101400825935 0.023183091903217868 0.10894025348672512 0.14355033351809526
-1.5335863828659058 -1.2726274728775024 -0.3274571895599365 0.06639696759472011 0.057178266114822796 0.06916348767081386 0.15599295031687643
-0.15822233259677887 -0.6669602990150452 -0.6523481011390686 0.07765856594615707 0.03168489539764548 0.12257883034872949 0.08799391998260452
-1.017075777053833 0.11567103117704391 0.3600931167602539 0.09628437985997257 0.06913415326770449 0.14845296481349568 0.10409700520213115
-3.2706754207611084 -0.3033777177333832 -0.6259044408798218 0.07527815686931891 0.03353048743976275 0.10933548384688327 0.16581741524608395
-3.960536479949951 -1.3129634857177734 -0.5399025082588196 0.054718431445950566 0.04600148515927725 0.06549487297079754 0.14558487095624822
-0.5171607136726379 -0.6827250123023987 -0.2813737094402313 0.09048492578500711 0.040587041190629745 0.11254423143286417 0.17693826087640496
-1.4144718647003174 0.3747005760669708 0.1564701348543167 0.1177998998550942 0.025243071868451206 0.1232227728544438 0.13572894662495535
-0.42936885356903076 1.4561411142349243 -0.2892266511917114 0.1164798303815759 0.02315699077404523 0.154989507088472 0.13548939510142943
-1.7204546928405762 -0.39488276839256287 0.20959487557411194 0.03238738364527316 0.030783995299840335 0.150092868382115 0.0890780477435643
-1.1880860328674316 -1.132387638092041 -0.4654264748096466 0.10737925591201729 0.03923444073544331 0.16056136975798174 0.11174761524537288
-2.9665632247924805 -0.9187148213386536 -0.33738890290260315 0.11315022732538005 0.041106915111212824 0.1646229326366615 0.13753573778787254
-2.55305814743042 -0.9494389891624451 -0.4696677625179291 0.04627611997102242 0.022412024853808415 0.17321020411293364 0.10554302745852018
-4.191296577453613 -0.799425482749939 -0.581360936164856 0.10443528186521198 0.044295106194124856 0.10650779801681884 0.10850823332577315
-0.13364948332309723 1.165902018547058 -0.23838241398334503 0.0528541128434235 0.0328984526779645 0.09241932550016799 0.09920269057785396
-3.045879602432251 -0.835528552532196 -0.43932968378067017 0.04104067423530892 0.03661194517197618 0.09749715122165041 0.14876937095259865
-2.447516441345215 -1.5006957054138184 -0.47943663597106934 0.1119945767092184 0.08991783540941585 0.11212405742498784 0.1755520211681744
-0.7150072455406189 -1.0630161762237549 -0.5503325462341309 0.04716801599074231 0.03478690431526736 0.10776616185026316 0.06902798829425402
-2.8193018436431885 -0.30361810326576233 -0.5322238206863403 0.04862599573539468 0.031427783014605845 0.08870580535105049 0.0589587093491655
-1.4862152338027954 -1.4565668106079102 -0.56540846824646 0.11982290319499522 0.06266114944437645 0.16321739506703448 0.15536805578526403
-2.462738037109375 -1.893058180809021 -0.509209394454956 0.0910016065970948 0.03182623401306234 0.09536053943365322 0.11645136619591795
0.34479212760925293 0.1599658727645874 -0.745383083820343 0.117913922150897 0.07301536039597636 0.13354071662267755 0.12209700440814669
-2.4931488037109375 -0.29218006134033203 -0.31674081087112427 0.10187115934636308 0.08149175274961094 0.1078230948729271 0.169515096081984
-2.9094886779785156 0.023331278935074806 -0.4693608283996582 0.10774617082581371 0.037360508126563705 0.15037507590298357 0.16693199515399204
-3.879662275314331 -1.59365975856781 -0.6103858947753906 0.07402737953315726 0.07161313308677772 0.17988823190579756 0.07836719580523242
-0.2683320641517639 -0.4897955358028412 -0.4857577085494995 0.11642259581651214 0.10760486956884881 0.11664452435979904 0.15567028908486
-1.4616055488586426 0.5718771815299988 0.16826316714286804 0.10632298351921547 0.07450507530111974 0.11623331624131301 0.15836033429442925
-3.1571667194366455 -0.03511190414428711 -0.43191367387771606 0.06725196822154353 0.05513792426912553 0.11932489858330193 0.17228891604807806
-3.0273990631103516 -1.212844729423523 -0.5793746113777161 0.058351867788846185 0.03709734457146901 0.1220964602795028 0.07497452122721018
-1.9940239191055298 0.12811700999736786 0.22241249680519104 0.05904956526414313 0.023361324749244638 0.13046442231703842 0.07265287189105624
-0.5239691138267517 0.7656961679458618 -0.14434458315372467 0.04464493496283049 0.021439347761508028 0.12426145783489853 0.10635851225679671
-2.045135021209717 -0.07858913391828537 0.15701749920845032 0.11657975969462231 0.10428681171919164 0.13196958401723238 0.16861780549033897
-2.7761895656585693 -1.8028734922409058 -0.7169658541679382 0.09817545122153996 0.021538450576534564 0.17975178604040914 0.16925147040526226
-0.044129878282547 -0.23661111295223236 -0.7603444457054138 0.05598154026985487 0.034565662927350034 0.1320185044905327 0.14503691133783236
-2.364671230316162 -1.4442243576049805 -0.7116395235061646 0.0826088088394683 0.04195695942233202 0.10341879664630826 0.10435691507895234
-2.93624210357666 -0.6745220422744751 -0.2932208180427551 0.09918751892651789 0.06462468460558053 0.12605755921241177 0.1429724479441325
0.5079411864280701 -0.4638790190219879 -0.5454041957855225 0.07893735745430802 0.023195814276487186 0.12935849300496355 0.1258521151495579
-0.19552989304065704 0.9932546615600586 -0.4767979383468628 0.03906479521450728 0.026506703058919164 0.17799048382891725 0.13050848547158939
-4.859274864196777 -0.43094363808631897 -0.5955225825309753 0.06192031359100729 0.04649277636144452 0.06492690498150566 0.09353920625734466
-2.903890609741211 0.25392013788223267 -0.37274470925331116 0.043415479454781726 0.027832270547168584 0.15435972282626012 0.045991171650123175
-3.9671192169189453 -1.2970250844955444 -0.5355527400970459 0.05083230264424636 0.020590747515798005 0.05659927618073747 0.06389615392734985
0.013477356173098087 2.0594751834869385 -0.2929587662220001 0.06771857113669175 0.04687164656500803 0.169307568124551 0.07703724680850216
-4.113920211791992 0.38823673129081726 -0.47322219610214233 0.07600867182154936 0.04349702524417104 0.11621346337498734 0.10375223016504709
-3.157424211502075 -1.1856119632720947 -0.2707518935203552 0.07980588123071203 0.025416559647431346 0.17473501768985875 0.17679913863851893
-2.187859535217285 -1.5133181810379028 -0.6787088513374329 0.056734584566905534 0.02578685748085454 0.10923006390300546 0.06658031139236649
-0.9085413217544556 1.0242143869400024 0.010232433676719666 0.08786763179651913 0.035739342678495996 0.13555140686865577 0.0883359078829776
-2.8639373779296875 -0.54977947473526 -0.6134673357009888 0.0969155984364898 0.03857542741620852 0.11147244323794023 0.17466574423363773
-3.6389732360839844 -1.5109740495681763 -0.7399072051048279 0.07993632936311768 0.04047074588907377 0.17611940926954603 0.1559133584791899
-2.0572266578674316 -0.4965647757053375 -0.09976978600025177 0.056984911154656606 0.05031836509319492 0.1174093710564508 0.11213896080321387
0.6741282939910889 0.10532945394515991 -0.3264583945274353 0.11233341765883628 0.05641753573978235 0.17601620712750227 0.12240294435784545
-0.17756448686122894 1.6250721216201782 -0.5388518571853638 0.05497022788102647 0.04388080582759605 0.17487387528001402 0.12127576611110406
-3.9289262294769287 -1.3993446826934814 -0.7068369388580322 0.09878319164760581 0.06013988690393454 0.10911350211348372 0.151696078467089
-3.979177951812744 -1.0818792581558228 -0.4749986529350281 0.09042777203945684 0.06567042701329195 0.17181089595608323 0.17844808030969098
-0.1034964993596077 -0.5366509556770325 -0.4213923215866089 0.09039129686316669 0.022428202080506002 0.1160680922819308 0.1653890345158508
-2.3397552967071533 -0.9908973574638367 -0.550360918045044 0.035966055562874 0.03286784871804665 0.09081374584070669 0.08316534338555243
-2.7983038425445557 -0.5617861151695251 -0.6192732453346252 0.03332343687623972 0.0269816536942792 0.13067994408787115 0.12858286851537568
0.44381025433540344 -0.1203487366437912 -0.7686501145362854 0.07225315818154347 0.06003068525076827 0.1400720562685032 0.12204616746180408
-4.11302375793457 -1.074601650238037 -0.34814688563346863 0.036939911487490575 0.028331816742968648 0.09287062954113945 0.05592919995046544
-3.4370670318603516 -2.047172784805298 -0.5682653188705444 0.04838353434468874 0.036808715089521195 0.08214849061680231 0.13008223879692266
0.26551440358161926 0.08491353690624237 -0.4279120862483978 0.11553480439717041 0.023076900680760685 0.17087512368001187 0.17191734283726484
-0.09887669235467911 1.5277172327041626 -0.287868469953537 0.06276961164332205 0.024398498228648507 0.12610769105209385 0.16186570839242675
-1.0842924118041992 0.05925961583852768 -0.0058486987836658955 0.10911353864012711 0.07748596254652816 0.147897478576127 0.1541473919213993
0.2444840669631958 0.5316677689552307 -0.7147344350814819 0.0949908452642277 0.07597227160596633 0.17513466748926218 0.1773616602423348
-3.288823366165161 0.26100242137908936 -0.659626841545105 0.09837265648856577 0.07606558640247639 0.15190300669515883 0.1249363355144803
-3.8775391578674316 -0.4201463460922241 -0.2936784327030182 0.08187407288518117 0.03471960884556606 0.17169107336304507 0.1784217906572606
-0.886808454990387 -0.11048716306686401 -0.1593691110610962 0.07550326558218562 0.06624910158150224 0.09531434598295972 0.138319079935673
-0.5798637866973877 1.4890722036361694 -0.27779245376586914 0.05462023139596016 0.03817735116269129 0.14932958474002325 0.13910340830704915
-2.425835609436035 -0.7658470869064331 -0.7698054313659668 0.06669688120589096 0.04761205540447371 0.16657132433263266 0.14360240642487831
-3.0710809230804443 -0.3948231041431427 -0.36828240752220154 0.03655139618414225 0.021121511758575916 0.11564177501910042 0.11032938826547703
-4.5123724937438965 -0.25858181715011597 -0.3450956642627716 0.10726897494999602 0.0952375427218079 0.16763858982125454 0.1283943102463313
-1.1976532936096191 -1.0044312477111816 -0.48206278681755066 0.094852849904444 0.04804965444645233 0.12258959784221302 0.16044090683226464
-4.78516960144043 -0.14604954421520233 -0.5319743752479553 0.0372080043631406 0.023181984605965766 0.13407352430920821 0.08575719356342787
-3.465423345565796 -0.0005602418095804751 -0.22447824478149414 0.07230539426848953 0.046724600312172834 0.15929623763811246 0.17833191251774566
-2.8162009716033936 -0.9944294095039368 -0.34296396374702454 0.08613035565166338 0.05326995894790884 0.11898976566059684 0.11051723611290268
0.36142170429229736 0.6692878603935242 -0.45268523693084717 0.0452473959149451 0.0395039023311802 0.1628305569503572 0.14284013459793404
-4.980148792266846 -0.17779232561588287 -0.5014514923095703 0.03698934668381435 0.02244015033243925 0.10796838783828094 0.14779378620718892
-2.458892822265625 -1.178609013557434 -0.7516991496086121 0.056782180945189206 0.04774760653019604 0.14004842993473765 0.1584779226879546
0.7902326583862305 0.02151552028954029 -0.5453383326530457 0.09867693866374687 0.08368174295179666 0.14327655665158023 0.1039304654221067
-4.089685440063477 -0.953031599521637 -0.6492006778717041 0.056060008467379206 0.03105783398732035 0.14034060716129487 0.06294879915284761
-2.988068103790283 -0.935973048210144 -0.7775420546531677 0.10103961594046158 0.09686762652835904 0.17371441067167837 0.16064909648677375
-1.7486886978149414 -1.1708530187606812 -0.6988558769226074 0.11201591800823386 0.05637268501637617 0.16638202731762758 0.14541122914950905
-2.557664155960083 -0.40889936685562134 -0.7060683965682983 0.11016751845319608 0.09354465443306176 0.16773460737849769 0.15648745018119645
-0.5586321353912354 0.7247083187103271 0.3124082386493683 0.03351019033227122 0.03171373165701409 0.05265780606784909 0.1743805455047301
-3.005838394165039 -1.7294517755508423 -0.23450393974781036 0.10775650513810611 0.04663292464364942 0.1593868334590451 0.13384151732442084
-4.872337341308594 -0.4218255281448364 -0.49299710988998413 0.10606803326154687 0.055566842052921075 0.1680555864315933 0.11209602971049772
-1.8860129117965698 0.5496431589126587 0.273546040058136 0.11030339893621127 0.03789807686952919 0.13980543825195033 0.1624720921209529
-3.1749675273895264 0.02183300070464611 -0.2454376369714737 0.09661181840806728 0.024010012191126147 0.10133992716523677 0.15973184474003033
-3.608760118484497 0.24068795144557953 -0.7578059434890747 0.0965306683997096 0.03417266203970827 0.09845010555803212 0.11239635299121556
-0.307567834854126 -0.7018488049507141 -0.4312543272972107 0.036807811797856554 0.03567355173482235 0.04746000505074193 0.15491316435361394
-4.03018045425415 -0.4259488880634308 -0.42978882789611816 0.037903461875624406 0.026041687138782167 0.17949051821471027 0.15434052488996058
-1.3445969820022583 0.4628817141056061 0.339102178812027 0.11090290907004628 0.04304293002609416 0.1360045166977387 0.12051836871975716
-1.128021240234375 -0.08539562672376633 0.2525712847709656 0.06483894274191383 0.04855768729141734 0.151216887508159 0.16381887797107025
-1.867660403251648 -0.6064993739128113 0.041307318955659866 0.052861249026980896 0.038392517086073503 0.10241718602275368 0.09333363992591528
-3.8261940479278564 -0.6595364809036255 -0.7172065377235413 0.03342937235255647 0.030380929395927993 0.1415993210944906 0.14265841316339062
0.371953547000885 0.6028822660446167 -0.2351648211479187 0.11519205299148919 0.028138217404727994 0.1538452027080195 0.13579807280381792
-3.102123498916626 0.06827963143587112 -0.47964560985565186 0.035483230361585016 0.02810230196441356 0.04078638049354855 0.06741047857059475
-0.8915865421295166 0.25219786167144775 0.02781662717461586 0.07263362223293314 0.06950351895896405 0.13253758311423589 0.17919162329753657
-0.2538517117500305 1.1159417629241943 -0.33626076579093933 0.09247303820683264 0.05505831889399772 0.10991836673091497 0.09994008677720408
0.16016319394111633 0.46601933240890503 -0.3218379616737366 0.035438533712626494 0.02787088787669325 0.05434378253587191 0.09618716048747286
0.09451073408126831 -0.5502539873123169 -0.6014018654823303 0.03486540217775475 0.0208472136281125 0.10052760787069118 0.05806911597904903
-2.754091739654541 -0.7865263223648071 -0.3475288450717926 0.10397856916772302 0.09341359805658421 0.10784791395900818 0.122788095110753
-4.800991535186768 -0.4786416292190552 -0.6967867016792297 0.09279053485655758 0.07737261898956273 0.158794551399136 0.1555738621435014
0.6195273399353027 -0.41325315833091736 -0.7701889276504517 0.1136620839493576 0.07012734359238618 0.1648714817695807 0.13639793331622047
-4.389984607696533 -0.5045294165611267 -0.7487111687660217 0.09397045585598031 0.0871834576836776 0.11392631609252711 0.16372372751834538
-1.0377697944641113 0.14338412880897522 0.19999921321868896 0.050118668662717775 0.0320883085204431 0.06663433166685558 0.1243818649818811
-2.8584299087524414 -1.3236606121063232 -0.30360227823257446 0.10019367434923075 0.05435884446253357 0.11044641883479882 0.16111964077086444
-2.329676628112793 -1.6020500659942627 -0.43649980425834656 0.09778833746850396 0.07438057188338386 0.16807391348880396 0.17790318374167644
-5.017659664154053 -0.19008861482143402 -0.4738236665725708 0.06756152401874964 0.04579368407293729 0.14933555979905017 0.10507897875442614
-2.9981274604797363 -1.638367772102356 -0.22425824403762817 0.03367001938379817 0.021901197951087966 0.13485404802060147 0.17276150630226678
-1.734252691268921 -1.27686607837677 -0.7481347322463989 0.0696919271258271 0.05582274838627084 0.17122884986149128 0.07841449737047673
-3.2999751567840576 0.1460355520248413 -0.3994918465614319 0.08288543547302965 0.023338273853838857 0.09873284019340015 0.1575013776934146
-2.8708534240722656 -0.9214174747467041 -0.39119040966033936 0.08312811544228911 0.02450707605110801 0.11063352765726937 0.10298103332494983
-0.1384960561990738 1.324096918106079 -0.445137619972229 0.06468395187453906 0.034595261863534316 0.09933410479252708 0.09426163044095986
-0.23924465477466583 1.337111234664917 -0.7185548543930054 0.07032911377328796 0.02958349521812639 0.14276532353727742 0.08581791910764086
-0.2186414748430252 1.6128712892532349 -0.6442049145698547 0.05379861182502799 0.03920283787161724 0.165399586372401 0.11134653489645022
-0.6719083189964294 0.6121019124984741 0.3361174166202545 0.05705770960456852 0.026329907414019596 0.13106761825008575 0.07789375780974955
0.5770788192749023 0.3555559813976288 -0.42721208930015564 0.11551771099149666 0.025996207257318472 0.16047405912863644 0.16171329348556487
-1.2852203845977783 0.37382614612579346 -0.20340357720851898 0.09934954295067902 0.035774611032985446 0.16196099594393526 0.15395127691528643
-3.102166175842285 -1.5210832357406616 -0.24021998047828674 0.06714771358980516 0.02291552744483733 0.1481317386172016 0.09510339909568802
-1.6819325685501099 -1.4533815383911133 -0.426681250333786 0.060540087062089104 0.0520038699884733 0.1738847709003907 0.061187031019188716
-3.249403953552246 -0.40345147252082825 -0.2494702935218811 0.0903878328512053 0.08900180529751409 0.1761214516898968 0.1269019509121137
-5.036992073059082 -0.2560266852378845 -0.548639178276062 0.05466367456156458 0.03308023306635269 0.17650786820732234 0.1504239417737026
-0.4350559413433075 -0.6642932295799255 -0.34900620579719543 0.07005644765698454 0.05137137217867439 0.0870410863724854 0.12840229099210376
-2.0504701137542725 0.356897234916687 -0.17893153429031372 0.03478558093498821 0.02686623030185529 0.09163517681954911 0.12906177561449908
-1.3512179851531982 -0.06409583985805511 0.33022576570510864 0.10426814237543072 0.07414819953879077 0.1793453130238371 0.17854443176628498
-2.2661116123199463 -0.9713594317436218 -0.47380325198173523 0.07710591721036057 0.050342814243246235 0.14757821446002453 0.16741234845933536
-3.604058027267456 -1.1514065265655518 -0.27576744556427 0.09226003699296013 0.044260892780613965 0.13072560710588843 0.13463877708045732
-3.104825019836426 -1.8916723728179932 -0.7804949879646301 0.11349756282505372 0.02480803475968833 0.12769491899707375 0.12573435769769267
-3.9579110145568848 0.2004377692937851 -0.31035077571868896 0.07720441272073496 0.07293010983449381 0.09861554921193419 0.1652183147631958
-2.759744644165039 -2.0642874240875244 -0.621488094329834 0.11429645338224208 0.08933497698779602 0.17837059390869103 0.1693331156241401
-2.5793886184692383 -1.7456861734390259 -0.3221057951450348 0.05416329537082559 0.027689486289380054 0.1136568164560158 0.08869907790874963
0.21431955695152283 1.498494029045105 -0.6003696322441101 0.09775071508473061 0.03712938096122849 0.11902049877413638 0.110663443640219
-3.7671139240264893 -0.6718664765357971 -0.6795843243598938 0.03632312952076343 0.027908727675264956 0.17876126021261918 0.13004824700845002
0.3239293694496155 0.422330766916275 -0.6914663314819336 0.11226598935381714 0.05783490092763967 0.1693645789249361 0.11336580953963148
-2.795289993286133 -1.5202300548553467 -0.798367977142334 0.07902224397193733 0.036893372444623415 0.1702600438257771 0.09555304475375756
-2.0465779304504395 -1.1184121370315552 -0.6572093367576599 0.09656881654377665 0.061400887237950535 0.12348123664152595 0.10823838303318721
-3.290365219116211 -0.394824355840683 -0.30846676230430603 0.06391542493818753 0.059928863748275704 0.07198855276081453 0.15671475620426428
-4.313218593597412 0.005428176838904619 -0.24543410539627075 0.04098740760889703 0.04023103226708525 0.16626903550773364 0.13721806089199956
-2.331594944000244 0.40906402468681335 -0.06651151180267334 0.07452531691332967 0.06766908173569458 0.14518274563929645 0.1298737617275599
-2.3441529273986816 -1.2477123737335205 -0.2768535614013672 0.06067990022511072 0.02956850439920048 0.16269831213985053 0.08822345826064511
-1.2776076793670654 -0.014053740538656712 -0.05929289013147354 0.0957562688598513 0.02548002050831403 0.11653302849970745 0.13252528656842424
-2.9537510871887207 0.40042707324028015 -0.6953598856925964 0.03837752054323735 0.023052176047836645 0.10985748959544872 0.080244094377426
-2.759726047515869 -0.6268283128738403 -0.4384756088256836 0.08305821036204933 0.06684754640403419 0.10852143476070501 0.1621851506115466
-3.387158155441284 -1.6732311248779297 -0.5989706516265869 0.11323093887992869 0.08025844977575329 0.11780424146947173 0.1753914694748292
0.658462643623352 -0.44641438126564026 -0.3323284089565277 0.08735961236861282 0.049211583481976455 0.11340393950129539 0.10428394107016686
0.09587571769952774 0.7971602082252502 -0.24726629257202148 0.07181284573695612 0.04904647037239644 0.16402529039093244 0.1581117509175602
-3.4420273303985596 -1.849832534790039 -0.31142666935920715 0.05165178088371577 0.020995869968128092 0.11771041719552017 0.16585490453165325
-3.8766703605651855 -1.003771424293518 -0.25651684403419495 0.035804833309320765 0.034741419575478605 0.03998001126439173 0.10806028315445787
-4.773664474487305 -0.6318297386169434 -0.5477864742279053 0.035639674606075415 0.0204424917614849 0.08966655379112579 0.15007060324377788
-3.91217041015625 0.34511011838912964 -0.5917056202888489 0.06929445188670083 0.029282113216584946 0.07653404693940792 0.15250864257289548
-3.6994919776916504 0.2996850609779358 -0.289953351020813 0.09775384552376377 0.04866037927881385 0.1617578952030607 0.15826277345192058
-3.798387289047241 0.44715115427970886 -0.6735508441925049 0.10932034872760678 0.039354180421858176 0.13635366227878734 0.1268936609394491
-1.7542951107025146 -1.351378321647644 -0.21890458464622498 0.08900775042210254 0.04583247929263215 0.17648138422264437 0.11616490037472627
-0.42522087693214417 0.09547695517539978 -0.19555175304412842 0.07323307768935904 0.0678112811834257 0.16711455641125544 0.09451770905708674
-0.009340934455394745 0.5807376503944397 -0.35154658555984497 0.10697885824068178 0.08690960762713452 0.12039852003679752 0.11549482221253833
-1.00636887550354 0.05003032088279724 0.18625988066196442 0.05287177516729406 0.038267078558620674 0.0890885654717269 0.05346568660437492
-2.670321464538574 0.3974001407623291 -0.4549412727355957 0.08625232256514945 0.07273988945291107 0.17047221370570348 0.08994053402471698
0.009392774663865566 -0.37831681966781616 -0.6320696473121643 0.07433786002253792 0.02827599578223628 0.12300540048221485 0.1636218023364761
-0.4618837237358093 1.3702276945114136 -0.7244301438331604 0.08537394224415487 0.02909496061907308 0.10933291015955979 0.16066019440457185
-2.0674757957458496 0.2319268137216568 0.1198216900229454 0.03928788298110353 0.036413128721309584 0.06987042411335487 0.1463212111269508
-4.3466668128967285 -0.17169395089149475 -0.4582274854183197 0.038765439801950484 0.03177558333447078 0.0951375191837329 0.14948740217165407
-2.224553346633911 0.0927981361746788 0.25674721598625183 0.10689227303938109 0.04702158224461242 0.10746666214148622 0.11291527010480001
-1.7110413312911987 0.3729740381240845 0.3544375002384186 0.06338883470897978 0.02853721586896591 0.15079903951011175 0.07742179042951118
-2.76255202293396 -1.5653607845306396 -0.6916453838348389 0.10343437980775295 0.054472009495577484 0.1556246272356455 0.13938767860635887
-1.6724083423614502 0.616412878036499 0.08746334910392761 0.07048555365975456 0.020443699242543464 0.17546380777360504 0.16408813415349072
-3.2822024822235107 -1.7254712581634521 -0.4737818241119385 0.06283357689839868 0.02504728951920534 0.08107178192312763 0.07765802256697626
-3.74018931388855 -1.060636043548584 -0.7148008942604065 0.09518921940547453 0.06458626133316309 0.12969641090081313 0.16432830086099454
0.7809332609176636 0.36501118540763855 -0.6840757727622986 0.049308636750670584 0.045099684042941374 0.1714264746561776 0.08652658841110689
-4.349207878112793 0.24181590974330902 -0.791364848613739 0.06596736839939485 0.03370441132566904 0.07691612498342988 0.14132197703780813
-4.005370140075684 -0.9288851618766785 -0.452915221452713 0.04575939563908785 0.028779910640435967 0.08044632989737632 0.15789494410174787
-1.2035657167434692 -0.2706950008869171 -0.1448339819908142 0.09022737335759037 0.04508135553163212 0.10320564691073221 0.16789089395871687
0.0049773575738072395 1.5538688898086548 -0.4210095703601837 0.03893776003581334 0.030394876404384846 0.08455998203047782 0.0991525223980834
0.29478907585144043 1.2837400436401367 -0.5048889517784119 0.057651807138122506 0.021778128109283333 0.08513110003941426 0.11364065616905025
0.046871937811374664 0.567074716091156 -0.4790017008781433 0.07692831902564083 0.023664840369303396 0.17628205370618355 0.10610181078669864
-2.915428638458252 -0.5324081778526306 -0.5279955863952637 0.06339616305061578 0.04215932728794519 0.1702221772441504 0.13877795705814167
-3.2570607662200928 -0.49080684781074524 -0.640932023525238 0.09120637601972259 0.07336401584921413 0.1252320399152675 0.1755852417695363
-2.434295177459717 -0.9910687804222107 -0.2561423182487488 0.10580209568798257 0.0744090627091183 0.17470762115197258 0.1614747041569184
-1.8955614566802979 0.33029210567474365 -0.09655189514160156 0.04577039116090516 0.045177536927882435 0.14400971181435718 0.06652887280590666
-2.1720197200775146 -0.015430291183292866 0.30041298270225525 0.0988524857402535 0.07634495880056925 0.1419701515940816 0.1765173517980475
0.49278414249420166 -0.32730889320373535 -0.25735560059547424 0.04103850972795465 0.02278516174987049 0.16530886364881864 0.07396763194340243
0.4375993013381958 1.2386448383331299 -0.6230074763298035 0.0790197619913808 0.02088634361067645 0.11501300131195277 0.1019922610150008
-3.6607730388641357 -0.20961543917655945 -0.5815507173538208 0.09039496400314326 0.08395730347848175 0.12538809081282148 0.09899043686935792
-2.9299473762512207 0.337748259305954 -0.26568588614463806 0.09708486792941408 0.09045416660936921 0.1624452045004452 0.14362515782552565
-2.06282639503479 -0.25403738021850586 0.02851954475045204 0.03648732739608877 0.020942492899320736 0.07258306258159776 0.10073925068542805
