0.840991616249 0.600334997177 -0.515753030777 0.840991616249 1.60033499718 -0.515753030777 0.0789394031163 0.1 0.15 0.08
0.840991616249 0.595334997177 -0.515753030777 0.840991616249 1.59533499718 -0.515753030777 0.0789394031163 0.1 0.15 0.08
0.840991616249 0.590334997177 -0.515753030777 0.840991616249 1.59033499718 -0.515753030777 0.0789394031163 0.1 0.15 0.08
0.840991616249 0.585334997177 -0.515753030777 0.840991616249 1.58533499718 -0.515753030777 0.0789394031163 0.1 0.15 0.08
0.840991616249 0.580334997177 -0.515753030777 0.840991616249 1.58033499718 -0.515753030777 0.0789394031163 0.1 0.15 0.08
0.840991616249 0.575334997177 -0.515753030777 0.840991616249 1.57533499718 -0.515753030777 0.0789394031163 0.1 0.15 0.08
0.840991616249 0.570334997177 -0.515753030777 0.840991616249 1.57033499718 -0.515753030777 0.0789394031163 0.1 0.15 0.08
0.840991616249 0.565334997177 -0.515753030777 0.840991616249 1.56533499718 -0.515753030777 0.0789394031163 0.1 0.15 0.08
0.840991616249 0.560334997177 -0.515753030777 0.840991616249 1.56033499718 -0.515753030777 0.0789394031163 0.1 0.15 0.08
0.840991616249 0.555334997177 -0.515753030777 0.840991616249 1.55533499718 -0.515753030777 0.0789394031163 0.1 0.15 0.08
0.840991616249 0.550334997177 -0.515753030777 0.840991616249 1.55033499718 -0.515753030777 0.0789394031163 0.1 0.15 0.08
0.840991616249 0.545334997177 -0.515753030777 0.840991616249 1.54533499718 -0.515753030777 0.0789394031163 0.1 0.15 0.08
0.840991616249 0.540334997177 -0.515753030777 0.840991616249 1.54033499718 -0.515753030777 0.0789394031163 0.1 0.15 0.08
0.840991616249 0.535334997177 -0.515753030777 0.840991616249 1.53533499718 -0.515753030777 0.0789394031163 0.1 0.15 0.08
0.840991616249 0.530334997177 -0.515753030777 0.840991616249 1.53033499718 -0.515753030777 0.0789394031163 0.1 0.15 0.08
0.840991616249 0.525334997177 -0.515753030777 0.840991616249 1.52533499718 -0.515753030777 0.0789394031163 0.1 0.15 0.08
0.840991616249 0.520334997177 -0.515753030777 0.840991616249 1.52033499718 -0.515753030777 0.0789394031163 0.1 0.15 0.08
0.840991616249 0.515334997177 -0.515753030777 0.840991616249 1.51533499718 -0.515753030777 0.0789394031163 0.1 0.15 0.08
0.840991616249 0.510334997177 -0.515753030777 0.840991616249 1.51033499718 -0.515753030777 0.0789394031163 0.1 0.15 0.08
0.840991616249 0.505334997177 -0.515753030777 0.840991616249 1.50533499718 -0.515753030777 0.0789394031163 0.1 0.15 0.08
0.840991616249 0.500334997177 -0.515753030777 0.840991616249 1.50033499718 -0.515753030777 0.0789394031163 0.1 0.15 0.08
0.840991616249 0.495334997177 -0.515753030777 0.840991616249 1.49533499718 -0.515753030777 0.0789394031163 0.1 0.15 0.08
0.840991616249 0.490334997177 -0.515753030777 0.840991616249 1.49033499718 -0.515753030777 0.0789394031163 0.1 0.15 0.08
0.840991616249 0.485334997177 -0.515753030777 0.840991616249 1.48533499718 -0.515753030777 0.0789394031163 0.1 0.15 0.08
0.840991616249 0.480334997177 -0.515753030777 0.840991616249 1.48033499718 -0.515753030777 0.0789394031163 0.1 0.15 0.08
0.840991616249 0.475334997177 -0.515753030777 0.840991616249 1.47533499718 -0.515753030777 0.0789394031163 0.1 0.15 0.08
0.840991616249 0.470334997177 -0.515753030777 0.840991616249 1.47033499718 -0.515753030777 0.0789394031163 0.1 0.15 0.08
0.840991616249 0.465334997177 -0.515753030777 0.840991616249 1.46533499718 -0.515753030777 0.0789394031163 0.1 0.15 0.08
0.840991616249 0.460334997177 -0.515753030777 0.840991616249 1.46033499718 -0.515753030777 0.0789394031163 0.1 0.15 0.08
0.840991616249 0.455334997177 -0.515753030777 0.840991616249 1.45533499718 -0.515753030777 0.0789394031163 0.1 0.15 0.08
0.840991616249 0.450334997177 -0.515753030777 0.840991616249 1.45033499718 -0.515753030777 0.0789394031163 0.1 0.15 0.08
0.840991616249 0.445334997177 -0.515753030777 0.840991616249 1.44533499718 -0.515753030777 0.0789394031163 0.1 0.15 0.08
0.840991616249 0.440334997177 -0.515753030777 0.840991616249 1.44033499718 -0.515753030777 0.0789394031163 0.1 0.15 0.08
0.840991616249 0.435334997177 -0.515753030777 0.840991616249 1.43533499718 -0.515753030777 0.0789394031163 0.1 0.15 0.08
0.840991616249 0.430334997177 -0.515753030777 0.840991616249 1.43033499718 -0.515753030777 0.0789394031163 0.1 0.15 0.08
0.840991616249 0.425334997177 -0.515753030777 0.840991616249 1.42533499718 -0.515753030777 0.0789394031163 0.1 0.15 0.08
0.840991616249 0.420334997177 -0.515753030777 0.840991616249 1.42033499718 -0.515753030777 0.0789394031163 0.1 0.15 0.08
0.840991616249 0.415334997177 -0.515753030777 0.840991616249 1.41533499718 -0.515753030777 0.0789394031163 0.1 0.15 0.08
0.840991616249 0.410334997177 -0.515753030777 0.840991616249 1.41033499718 -0.515753030777 0.0789394031163 0.1 0.15 0.08
0.840991616249 0.405334997177 -0.515753030777 0.840991616249 1.40533499718 -0.515753030777 0.0789394031163 0.1 0.15 0.08
0.840991616249 0.400334997177 -0.515753030777 0.840991616249 1.40033499718 -0.515753030777 0.0789394031163 0.1 0.15 0.08
0.840991616249 0.395334997177 -0.515753030777 0.840991616249 1.39533499718 -0.515753030777 0.0789394031163 0.1 0.15 0.08
0.840991616249 0.390334997177 -0.515753030777 0.840991616249 1.39033499718 -0.515753030777 0.0789394031163 0.1 0.15 0.08
0.840991616249 0.385334997177 -0.515753030777 0.840991616249 1.38533499718 -0.515753030777 0.0789394031163 0.1 0.15 0.08
0.840991616249 0.380334997177 -0.515753030777 0.840991616249 1.38033499718 -0.515753030777 0.0789394031163 0.1 0.15 0.08
0.840991616249 0.375334997177 -0.515753030777 0.840991616249 1.37533499718 -0.515753030777 0.0789394031163 0.1 0.15 0.08
0.840991616249 0.370334997177 -0.515753030777 0.840991616249 1.37033499718 -0.515753030777 0.0789394031163 0.1 0.15 0.08
0.840991616249 0.365334997177 -0.515753030777 0.840991616249 1.36533499718 -0.515753030777 0.0789394031163 0.1 0.15 0.08
0.840991616249 0.360334997177 -0.515753030777 0.840991616249 1.36033499718 -0.515753030777 0.0789394031163 0.1 0.15 0.08
0.840991616249 0.355334997177 -0.515753030777 0.840991616249 1.35533499718 -0.515753030777 0.0789394031163 0.1 0.15 0.08
0.840991616249 0.350334997177 -0.515753030777 0.840991616249 1.35033499718 -0.515753030777 0.0789394031163 0.1 0.15 0.08
0.840991616249 0.345334997177 -0.515753030777 0.840991616249 1.34533499718 -0.515753030777 0.0789394031163 0.1 0.15 0.08
0.840991616249 0.340334997177 -0.515753030777 0.840991616249 1.34033499718 -0.515753030777 0.0789394031163 0.1 0.15 0.08
0.840991616249 0.335334997177 -0.515753030777 0.840991616249 1.33533499718 -0.515753030777 0.0789394031163 0.1 0.15 0.08
0.840991616249 0.330334997177 -0.515753030777 0.840991616249 1.33033499718 -0.515753030777 0.0789394031163 0.1 0.15 0.08
0.840991616249 0.325334997177 -0.515753030777 0.840991616249 1.32533499718 -0.515753030777 0.0789394031163 0.1 0.15 0.08
0.840991616249 0.320334997177 -0.515753030777 0.840991616249 1.32033499718 -0.515753030777 0.0789394031163 0.1 0.15 0.08
0.840991616249 0.315334997177 -0.515753030777 0.840991616249 1.31533499718 -0.515753030777 0.0789394031163 0.1 0.15 0.08
0.840991616249 0.310334997177 -0.515753030777 0.840991616249 1.31033499718 -0.515753030777 0.0789394031163 0.1 0.15 0.08
0.840991616249 0.305334997177 -0.515753030777 0.840991616249 1.30533499718 -0.515753030777 0.0789394031163 0.1 0.15 0.08
0.840991616249 0.300334997177 -0.515753030777 0.840991616249 1.30033499718 -0.515753030777 0.0789394031163 0.1 0.15 0.08
0.840991616249 0.295334997177 -0.515753030777 0.840991616249 1.29533499718 -0.515753030777 0.0789394031163 0.1 0.15 0.08
0.840991616249 0.290334997177 -0.515753030777 0.840991616249 1.29033499718 -0.515753030777 0.0789394031163 0.1 0.15 0.08
0.840991616249 0.285334997177 -0.515753030777 0.840991616249 1.28533499718 -0.515753030777 0.0789394031163 0.1 0.15 0.08
0.840991616249 0.280334997177 -0.515753030777 0.840991616249 1.28033499718 -0.515753030777 0.0789394031163 0.1 0.15 0.08
0.840991616249 0.275334997177 -0.515753030777 0.840991616249 1.27533499718 -0.515753030777 0.0789394031163 0.1 0.15 0.08
0.840991616249 0.270334997177 -0.515753030777 0.840991616249 1.27033499718 -0.515753030777 0.0789394031163 0.1 0.15 0.08
0.840991616249 0.265334997177 -0.515753030777 0.840991616249 1.26533499718 -0.515753030777 0.0789394031163 0.1 0.15 0.08
0.840991616249 0.260334997177 -0.515753030777 0.840991616249 1.26033499718 -0.515753030777 0.0789394031163 0.1 0.15 0.08
0.840991616249 0.255334997177 -0.515753030777 0.840991616249 1.25533499718 -0.515753030777 0.0789394031163 0.1 0.15 0.08
0.840991616249 0.250334997177 -0.515753030777 0.840991616249 1.25033499718 -0.515753030777 0.0789394031163 0.1 0.15 0.08
0.840991616249 0.245334997177 -0.515753030777 0.840991616249 1.24533499718 -0.515753030777 0.0789394031163 0.1 0.15 0.08
0.840991616249 0.240334997177 -0.515753030777 0.840991616249 1.24033499718 -0.515753030777 0.0789394031163 0.1 0.15 0.08
0.840991616249 0.235334997177 -0.515753030777 0.840991616249 1.23533499718 -0.515753030777 0.0789394031163 0.1 0.15 0.08
0.840991616249 0.230334997177 -0.515753030777 0.840991616249 1.23033499718 -0.515753030777 0.0789394031163 0.1 0.15 0.08
0.840991616249 0.225334997177 -0.515753030777 0.840991616249 1.22533499718 -0.515753030777 0.0789394031163 0.1 0.15 0.08
0.840991616249 0.220334997177 -0.515753030777 0.840991616249 1.22033499718 -0.515753030777 0.0789394031163 0.1 0.15 0.08
0.840991616249 0.215334997177 -0.515753030777 0.840991616249 1.21533499718 -0.515753030777 0.0789394031163 0.1 0.15 0.08
0.840991616249 0.210334997177 -0.515753030777 0.840991616249 1.21033499718 -0.515753030777 0.0789394031163 0.1 0.15 0.08
0.840991616249 0.205334997177 -0.515753030777 0.840991616249 1.20533499718 -0.515753030777 0.0789394031163 0.1 0.15 0.08
0.840991616249 0.200334997177 -0.515753030777 0.840991616249 1.20033499718 -0.515753030777 0.0789394031163 0.1 0.15 0.08
0.840991616249 0.195334997177 -0.515753030777 0.840991616249 1.19533499718 -0.515753030777 0.0789394031163 0.1 0.15 0.08
0.840991616249 0.190334997177 -0.515753030777 0.840991616249 1.19033499718 -0.515753030777 0.0789394031163 0.1 0.15 0.08
0.840991616249 0.185334997177 -0.515753030777 0.840991616249 1.18533499718 -0.515753030777 0.0789394031163 0.1 0.15 0.08
0.840991616249 0.180334997177 -0.515753030777 0.840991616249 1.18033499718 -0.515753030777 0.0789394031163 0.1 0.15 0.08
0.840991616249 0.175334997177 -0.515753030777 0.840991616249 1.17533499718 -0.515753030777 0.0789394031163 0.1 0.15 0.08
0.840991616249 0.170334997177 -0.515753030777 0.840991616249 1.17033499718 -0.515753030777 0.0789394031163 0.1 0.15 0.08
0.840991616249 0.165334997177 -0.515753030777 0.840991616249 1.16533499718 -0.515753030777 0.0789394031163 0.1 0.15 0.08
0.840991616249 0.160334997177 -0.515753030777 0.840991616249 1.16033499718 -0.515753030777 0.0789394031163 0.1 0.15 0.08
0.840991616249 0.155334997177 -0.515753030777 0.840991616249 1.15533499718 -0.515753030777 0.0789394031163 0.1 0.15 0.08
0.840991616249 0.150334997177 -0.515753030777 0.840991616249 1.15033499718 -0.515753030777 0.0789394031163 0.1 0.15 0.08
0.840991616249 0.145334997177 -0.515753030777 0.840991616249 1.14533499718 -0.515753030777 0.0789394031163 0.1 0.15 0.08
0.840991616249 0.140334997177 -0.515753030777 0.840991616249 1.14033499718 -0.515753030777 0.0789394031163 0.1 0.15 0.08
0.840991616249 0.135334997177 -0.515753030777 0.840991616249 1.13533499718 -0.515753030777 0.0789394031163 0.1 0.15 0.08
0.840991616249 0.130334997177 -0.515753030777 0.840991616249 1.13033499718 -0.515753030777 0.0789394031163 0.1 0.15 0.08
0.840991616249 0.125334997177 -0.515753030777 0.840991616249 1.12533499718 -0.515753030777 0.0789394031163 0.1 0.15 0.08
0.840991616249 0.120334997177 -0.515753030777 0.840991616249 1.12033499718 -0.515753030777 0.0789394031163 0.1 0.15 0.08
0.840991616249 0.115334997177 -0.515753030777 0.840991616249 1.11533499718 -0.515753030777 0.0789394031163 0.1 0.15 0.08
0.840991616249 0.110334997177 -0.515753030777 0.840991616249 1.11033499718 -0.515753030777 0.0789394031163 0.1 0.15 0.08
0.840991616249 0.105334997177 -0.515753030777 0.840991616249 1.10533499718 -0.515753030777 0.0789394031163 0.1 0.15 0.08
