0 1.427 -0.4169 0.0915999 0.428028 -0.538067 0.165158 0.707107
1 1.4242 -0.4159 0.0918 0.428347 -0.537728 0.16543 0.707107
2 1.4213 -0.4151 0.0921 0.429028 -0.537131 0.165603 0.707106
3 1.4185 -0.4139 0.0922 0.429532 -0.536654 0.165846 0.707107
4 1.4155 -0.4131 0.0926 0.430031 -0.536294 0.165716 0.707106
5 1.4124 -0.4122 0.0930001 0.430717 -0.535771 0.165621 0.707106
6 1.4093 -0.4112 0.0934 0.430954 -0.535548 0.165731 0.707107
7 1.4064 -0.4101 0.0937001 0.430222 -0.536184 0.165574 0.707106
8 1.4031 -0.4091 0.0941 0.430689 -0.535849 0.165448 0.707107
9 1.4 -0.4079 0.0944999 0.430521 -0.53595 0.165552 0.707106
10 1.3967 -0.4069 0.0949 0.430681 -0.535837 0.165507 0.707107
11 1.3935 -0.406 0.0954 0.430431 -0.53603 0.165538 0.707108
12 1.3903 -0.4048 0.0958 0.429832 -0.536362 0.16602 0.707108
13 1.3871 -0.4038 0.0962 0.429651 -0.536521 0.165965 0.707106
14 1.3838 -0.4028 0.0968 0.428906 -0.537097 0.166035 0.707107
15 1.3803 -0.4017 0.0971 0.428166 -0.537692 0.166018 0.707107
16 1.3771 -0.4006 0.0975 0.427954 -0.537877 0.165961 0.707107
17 1.3737 -0.3997 0.098 0.426914 -0.538572 0.166392 0.707108
18 1.3703 -0.3986 0.0982 0.426713 -0.538793 0.166181 0.707106
19 1.3671 -0.3974 0.0986 0.426388 -0.538924 0.166593 0.707107
20 1.3638 -0.3964 0.0989 0.425639 -0.539282 0.167348 0.707106
21 1.3605 -0.3953 0.0992 0.425142 -0.539371 0.168328 0.707107
22 1.3571 -0.3942 0.0994999 0.425173 -0.539012 0.16939 0.707106
23 1.3538 -0.3929 0.0996 0.424537 -0.539053 0.17085 0.707107
24 1.3506 -0.3917 0.0998 0.424518 -0.538822 0.171623 0.707107
25 1.3472 -0.3905 0.1002 0.424118 -0.538648 0.173162 0.707108
26 1.3439 -0.3893 0.1003 0.424212 -0.538293 0.174018 0.707106
27 1.3406 -0.3881 0.1004 0.424126 -0.537949 0.1753 0.707108
28 1.3373 -0.3867 0.1004 0.424307 -0.537434 0.176428 0.707106
29 1.3341 -0.3853 0.1004 0.424321 -0.536964 0.17783 0.707108
30 1.3307 -0.3841 0.1004 0.424408 -0.536433 0.17921 0.707106
31 1.3273 -0.3826 0.1004 0.42483 -0.535616 0.180653 0.707107
32 1.3241 -0.381 0.1002 0.42457 -0.535238 0.182373 0.707106
33 1.3207 -0.3796 0.1001 0.424137 -0.53459 0.185266 0.707108
34 1.3175 -0.378 0.1 0.423639 -0.534177 0.187578 0.707107
35 1.3142 -0.3765 0.0998 0.423266 -0.533572 0.19013 0.707108
36 1.3106 -0.3748 0.0994 0.423059 -0.532509 0.193536 0.707107
37 1.3071 -0.373 0.0991 0.422999 -0.53128 0.197008 0.707106
38 1.3037 -0.3713 0.0986 0.423065 -0.529789 0.200848 0.707107
39 1.3003 -0.3694 0.0979 0.423214 -0.528114 0.204904 0.707107
40 1.2965 -0.3675 0.0973001 0.423419 -0.526578 0.208397 0.707106
41 1.2932 -0.3655 0.0965 0.422558 -0.526086 0.211368 0.707106
42 1.2897 -0.3635 0.0957 0.422078 -0.525316 0.21422 0.707106
43 1.286 -0.3616 0.0948 0.422064 -0.524241 0.216874 0.707107
44 1.2824 -0.3595 0.0939 0.421298 -0.523878 0.219221 0.707106
45 1.2787 -0.3574 0.0929 0.420718 -0.523523 0.221179 0.707107
46 1.2749 -0.3554 0.092 0.420117 -0.523182 0.223119 0.707107
47 1.2711 -0.3532 0.091 0.419718 -0.522784 0.224793 0.707106
48 1.2672 -0.3511 0.0899 0.419228 -0.522467 0.226438 0.707106
49 1.2635 -0.349 0.0889 0.41874 -0.522468 0.227344 0.707107
50 1.2596 -0.3468 0.0878 0.418647 -0.522297 0.227907 0.707107
51 1.2558 -0.3449 0.0868 0.418343 -0.521972 0.229204 0.707107
52 1.2519 -0.3426 0.0857 0.417682 -0.522343 0.229572 0.707108
53 1.2481 -0.3407 0.0847 0.417205 -0.522212 0.230731 0.707107
54 1.2443 -0.3387 0.0836999 0.416103 -0.522788 0.231405 0.707105
55 1.2406 -0.3368 0.0827 0.415419 -0.522831 0.232544 0.707108
56 1.2366 -0.3347 0.0816 0.414491 -0.523214 0.233339 0.707108
57 1.2328 -0.3327 0.0805 0.413628 -0.523725 0.233717 0.707107
58 1.2292 -0.331 0.0795 0.413302 -0.523651 0.234451 0.707105
59 1.2254 -0.329 0.0785 0.413172 -0.523815 0.234332 0.707109
60 1.2215 -0.3269 0.0775 0.412516 -0.524216 0.234585 0.707107
61 1.218 -0.325 0.0766 0.412448 -0.524573 0.233896 0.707105
62 1.2142 -0.3232 0.0756 0.412114 -0.524418 0.23484 0.707108
63 1.2106 -0.3212 0.0745 0.41255 -0.523893 0.23525 0.707109
64 1.2072 -0.3193 0.0734 0.412496 -0.523075 0.23715 0.707107
65 1.2036 -0.3173 0.0725 0.412574 -0.521702 0.240015 0.707105
66 1.2001 -0.3154 0.0714999 0.413109 -0.519901 0.242992 0.707107
67 1.1967 -0.3136 0.0705 0.414205 -0.517605 0.246003 0.707106
68 1.1933 -0.3114 0.0696 0.4142 -0.515999 0.249365 0.707107
69 1.1899 -0.3093 0.0687 0.414722 -0.514162 0.252266 0.707105
70 1.1866 -0.3073 0.0677 0.41538 -0.512283 0.254999 0.707107
71 1.1834 -0.305 0.0668 0.4154 -0.510815 0.257888 0.707105
72 1.1801 -0.303 0.0659 0.415726 -0.5093 0.260345 0.707104
73 1.1769 -0.3008 0.0652 0.415012 -0.508217 0.263586 0.707106
74 1.1737 -0.299 0.0642 0.414864 -0.506449 0.267201 0.707106
75 1.1706 -0.2969 0.0635999 0.414014 -0.505662 0.269997 0.707107
76 1.1676 -0.2946 0.0628999 0.412452 -0.505147 0.273323 0.707105
77 1.1645 -0.2925 0.0622 0.410282 -0.505388 0.276142 0.707108
78 1.1614 -0.2905 0.0616 0.408147 -0.505414 0.279228 0.707105
79 1.1584 -0.2884 0.061 0.406428 -0.505509 0.281554 0.707105
80 1.1554 -0.2861 0.0604 0.403721 -0.506159 0.284266 0.707105
81 1.1524 -0.2841 0.0598 0.401146 -0.506207 0.287821 0.707109
82 1.1494 -0.2819 0.0592999 0.398625 -0.506591 0.290628 0.707107
83 1.1465 -0.2796 0.0585999 0.395632 -0.507091 0.293824 0.707106
84 1.1434 -0.2774 0.058 0.393685 -0.506913 0.296729 0.707106
85 1.1405 -0.2752 0.0573 0.391035 -0.507297 0.299557 0.707104
86 1.1376 -0.273 0.0566 0.388316 -0.508071 0.30178 0.707105
87 1.1346 -0.2708 0.056 0.386012 -0.508408 0.304162 0.707106
88 1.1316 -0.2685 0.0552 0.383392 -0.509075 0.306356 0.707107
89 1.1287 -0.2661 0.0545 0.381493 -0.509651 0.307755 0.707104
90 1.1256 -0.264 0.0538 0.379729 -0.509885 0.309554 0.707107
91 1.1225 -0.2613 0.053 0.3771 -0.510986 0.310936 0.707103
92 1.1194 -0.2591 0.0523 0.375736 -0.511285 0.312114 0.707109
93 1.1163 -0.2567 0.0513999 0.372854 -0.512349 0.313809 0.707106
94 1.1133 -0.254 0.0505 0.369833 -0.513589 0.315357 0.707107
95 1.1102 -0.2516 0.0496 0.367414 -0.514266 0.317081 0.707108
96 1.1072 -0.249 0.0486 0.364695 -0.515095 0.31887 0.707108
97 1.1042 -0.2463 0.0474 0.361963 -0.515414 0.321451 0.707107
98 1.1011 -0.2437 0.0462 0.359986 -0.514952 0.324411 0.707111
99 1.0982 -0.2412 0.0448999 0.358339 -0.513838 0.32797 0.707107
100 1.0952 -0.2385 0.0434999 0.356616 -0.512787 0.331478 0.707108
101 1.0924 -0.2357 0.0421 0.354359 -0.512493 0.334337 0.707107
102 1.0895 -0.2328 0.0405999 0.351978 -0.512106 0.337433 0.707108
103 1.0865 -0.2302 0.0391999 0.351276 -0.511013 0.339807 0.707106
104 1.0835 -0.2275 0.0377001 0.349433 -0.510518 0.342449 0.707108
105 1.0806 -0.2247 0.0362 0.347236 -0.510514 0.344669 0.707104
106 1.0778 -0.2217 0.0347 0.345803 -0.510058 0.346787 0.707107
107 1.075 -0.2189 0.0332 0.343935 -0.509749 0.349085 0.707105
108 1.0723 -0.2157 0.0317 0.341953 -0.509556 0.351314 0.707107
109 1.0694 -0.2129 0.0301 0.341758 -0.507503 0.354451 0.707103
110 1.0668 -0.2099 0.0285 0.340504 -0.506374 0.357279 0.70711
111 1.064 -0.2067 0.0267 0.34001 -0.504275 0.360694 0.707107
112 1.0612 -0.2036 0.025 0.339653 -0.50211 0.364027 0.707104
113 1.0586 -0.2004 0.0233001 0.339284 -0.499975 0.367312 0.70711
114 1.0559 -0.1973 0.0215 0.338988 -0.497971 0.370275 0.707102
115 1.0534 -0.1941 0.0199 0.33882 -0.495861 0.373255 0.707105
116 1.0509 -0.1908 0.018 0.338742 -0.493844 0.375996 0.707107
117 1.0482 -0.1879 0.0164 0.33934 -0.490933 0.379266 0.707111
118 1.0459 -0.1846 0.0145 0.339503 -0.488253 0.382557 0.707108
119 1.0435 -0.1812 0.0125 0.339573 -0.485356 0.386159 0.707106
120 1.041 -0.1781 0.011 0.340942 -0.480944 0.390459 0.70711
121 1.0389 -0.1747 0.00909996 0.340149 -0.478102 0.394618 0.707109
122 1.0367 -0.1715 0.00740004 0.340305 -0.47448 0.39883 0.707109
123 1.0345 -0.168 0.00580001 0.339876 -0.471301 0.40294 0.707107
124 1.0324 -0.1647 0.00419998 0.339927 -0.467416 0.407382 0.707102
125 1.0302 -0.1613 0.00240004 0.33967 -0.463737 0.411785 0.707105
126 1.0281 -0.158 0.000800014 0.340633 -0.458772 0.416532 0.707107
127 1.0263 -0.1544 -0.00059998 0.33955 -0.455049 0.421474 0.707109
128 1.0242 -0.1509 -0.00199997 0.338703 -0.451132 0.426346 0.707111
129 1.0223 -0.1472 -0.00339997 0.337183 -0.447499 0.431343 0.707109
130 1.0203 -0.1436 -0.00440001 0.335567 -0.4437 0.436509 0.707112
131 1.0185 -0.14 -0.00549996 0.333444 -0.439641 0.442191 0.707108
132 1.0166 -0.1364 -0.00650001 0.330813 -0.435817 0.447914 0.707107
133 1.0149 -0.1327 -0.00750005 0.327527 -0.431963 0.454016 0.707106
134 1.0131 -0.1291 -0.00829995 0.323955 -0.427531 0.460742 0.707111
135 1.0112 -0.1256 -0.00899994 0.319245 -0.423527 0.467665 0.707108
136 1.0092 -0.1221 -0.00960004 0.315271 -0.419431 0.473986 0.7071
137 1.0074 -0.1185 -0.00999999 0.308501 -0.417486 0.480136 0.707106
138 1.0056 -0.115 -0.0101 0.302249 -0.415579 0.48572 0.707101
139 1.0038 -0.1113 -0.0104001 0.294047 -0.414947 0.491292 0.707111
140 1.0019 -0.1077 -0.0104001 0.286551 -0.413987 0.496487 0.707105
141 1.0001 -0.1039 -0.0104001 0.278774 -0.413687 0.50116 0.707112
142 0.9981 -0.1004 -0.0105 0.271375 -0.412939 0.505817 0.707112
143 0.9961 -0.0966 -0.0104001 0.265081 -0.411448 0.510357 0.707115
144 0.9941 -0.0929 -0.0104001 0.259013 -0.409984 0.51462 0.70711
145 0.9921 -0.089 -0.0103 0.253623 -0.408704 0.518297 0.707105
146 0.9899 -0.0854 -0.00999999 0.250555 -0.406617 0.521426 0.707107
147 0.9878 -0.0814 -0.00979996 0.246836 -0.40582 0.52382 0.707109
148 0.9856 -0.0775 -0.00950003 0.244204 -0.404942 0.52573 0.707109
149 0.9832 -0.0735 -0.00880003 0.2428 -0.404219 0.526903 0.707096
150 0.9807 -0.0695 -0.00829995 0.241893 -0.403444 0.52795 0.707111
151 0.9783 -0.0652 -0.00759995 0.241201 -0.403321 0.528338 0.707102
152 0.9757 -0.0611 -0.00680006 0.242071 -0.402588 0.528523 0.707111
153 0.973 -0.0569 -0.00600004 0.244622 -0.40191 0.527844 0.707103
154 0.9704 -0.0527 -0.005 0.246774 -0.401607 0.527073 0.707104
155 0.9676 -0.0484 -0.00390005 0.249934 -0.401413 0.525724 0.707101
156 0.9647 -0.0442 -0.00269997 0.253484 -0.40092 0.524422 0.70711
157 0.9619 -0.0401 -0.00139999 0.256964 -0.400706 0.522881 0.707107
158 0.959 -0.036 0.00030005 0.259234 -0.400521 0.521898 0.707105
159 0.956 -0.0321 0.00179994 0.261266 -0.40024 0.5211 0.707106
160 0.9531 -0.0281 0.0036 0.262272 -0.399617 0.521066 0.707103
161 0.95 -0.0243 0.00559998 0.263803 -0.398774 0.520957 0.70711
162 0.9471 -0.0205 0.00750005 0.263407 -0.398411 0.52144 0.707112
163 0.9441 -0.0168 0.00950003 0.26249 -0.398264 0.522005 0.707108
164 0.9409 -0.013 0.0116 0.261058 -0.398296 0.522664 0.707096
165 0.9379 -0.0094 0.0137 0.259126 -0.398884 0.523203 0.707106
166 0.9348 -0.0057 0.0159 0.257337 -0.398853 0.524129 0.707113
167 0.9315 -0.0021 0.018 0.255006 -0.398796 0.525296 0.707107
168 0.9284 0.0015 0.0202 0.25267 -0.398774 0.526432 0.707104
169 0.9252 0.0052 0.0222 0.250448 -0.39887 0.527427 0.707107
170 0.922 0.0088 0.0244 0.247706 -0.399217 0.528455 0.707106
171 0.9186 0.0125 0.0264 0.245123 -0.399263 0.529648 0.707115
172 0.9154 0.0161 0.0285 0.242571 -0.399334 0.530743 0.707105
173 0.9121 0.0199 0.0304 0.240685 -0.399485 0.531474 0.7071
174 0.9086 0.0236 0.0325 0.239132 -0.398968 0.532583 0.707108
175 0.9052 0.0274 0.0344 0.237808 -0.399143 0.533035 0.707105
176 0.9015 0.031 0.0364 0.237668 -0.398396 0.533673 0.707111
177 0.8981 0.0349 0.0381 0.23664 -0.399705 0.533138 0.707106
178 0.8944 0.0387 0.04 0.237048 -0.400204 0.532579 0.707105
179 0.8908 0.0426 0.0419 0.237393 -0.401033 0.531816 0.707111
180 0.8872 0.0464 0.0436 0.239122 -0.401417 0.530756 0.707112
181 0.8837 0.0503 0.0453 0.240843 -0.401619 0.529796 0.707102
182 0.8798 0.0541 0.0470001 0.243982 -0.401077 0.528768 0.707102
183 0.876 0.0578 0.0486 0.247302 -0.401007 0.527305 0.707112
184 0.8723 0.0616 0.0504 0.249986 -0.402819 0.524625 0.707103
185 0.8685 0.0656 0.0523 0.251959 -0.405568 0.521562 0.707105
186 0.8648 0.0693 0.0542001 0.254518 -0.408416 0.518096 0.707109
187 0.8611 0.0732 0.056 0.256576 -0.411345 0.514744 0.707106
188 0.8573 0.0768 0.0577 0.259749 -0.413124 0.511705 0.707101
189 0.8536 0.0804 0.0595 0.261975 -0.415113 0.508969 0.707107
190 0.85 0.0841 0.0611 0.264385 -0.415797 0.507159 0.707106
191 0.8461 0.0877 0.0628 0.267485 -0.416411 0.505013 0.707102
192 0.8424 0.0911 0.0647 0.269968 -0.417872 0.502499 0.707108
193 0.8387 0.0946 0.0666 0.271702 -0.42039 0.499442 0.707104
194 0.8351 0.098 0.0685 0.272653 -0.423638 0.496157 0.707101
195 0.8315 0.1013 0.0704 0.27372 -0.426761 0.492885 0.707102
196 0.8279 0.1045 0.0723 0.274814 -0.4295 0.489888 0.707101
197 0.8243 0.1076 0.0742 0.275871 -0.432144 0.486988 0.70711
198 0.8207 0.1108 0.0761 0.276355 -0.435459 0.483754 0.707111
199 0.8172 0.1139 0.0779999 0.27706 -0.438614 0.480475 0.707107
200 0.8137 0.1171 0.0801001 0.276881 -0.443238 0.476323 0.707109
201 0.8102 0.12 0.0821 0.276569 -0.4487 0.471351 0.707105
202 0.8067 0.123 0.0843 0.275383 -0.454905 0.466059 0.707102
203 0.8032 0.1259 0.0864 0.27463 -0.461504 0.459986 0.707105
204 0.8 0.1287 0.0885 0.274139 -0.468327 0.453366 0.707115
205 0.7967 0.1314 0.0907 0.27389 -0.474029 0.447519 0.707104
206 0.7935 0.1342 0.0928 0.273922 -0.480132 0.440939 0.707102
207 0.7901 0.1368 0.095 0.273689 -0.485586 0.435076 0.707103
208 0.787 0.1396 0.0972 0.272638 -0.491869 0.428628 0.707102
209 0.7837 0.1421 0.0993 0.272901 -0.49656 0.423033 0.707108
210 0.7805 0.1449 0.1013 0.27294 -0.501192 0.417511 0.707109
211 0.7773 0.1476 0.1031 0.273083 -0.505095 0.412669 0.707103
212 0.7744 0.1501 0.1049 0.273819 -0.508142 0.408416 0.707102
213 0.7713 0.1527 0.1065 0.274643 -0.510908 0.404412 0.707109
214 0.7682 0.155 0.1081 0.276318 -0.51263 0.401089 0.707112
215 0.7651 0.1576 0.11 0.276922 -0.514769 0.397912 0.70711
216 0.7619 0.1602 0.1119 0.277485 -0.517029 0.394569 0.707108
217 0.7587 0.1626 0.1138 0.277134 -0.519527 0.391519 0.707106
218 0.7554 0.165 0.1158 0.27649 -0.522576 0.387916 0.707112
219 0.752 0.1675 0.1181 0.276342 -0.526099 0.383214 0.707106
220 0.7487 0.1698 0.1202 0.27652 -0.530027 0.377641 0.707109
221 0.7456 0.1722 0.1223 0.276553 -0.534348 0.371479 0.70711
222 0.742 0.1746 0.1246 0.278609 -0.537379 0.365526 0.707111
223 0.7386 0.1768 0.1265 0.280966 -0.539828 0.36008 0.707114
224 0.7352 0.1791 0.1284 0.283564 -0.542557 0.35388 0.707111
225 0.7319 0.1813 0.1302 0.285352 -0.545302 0.348168 0.707107
226 0.7285 0.1834 0.1319 0.28744 -0.548072 0.342047 0.707107
227 0.725 0.1855 0.1338 0.290463 -0.550076 0.336231 0.707109
228 0.7216 0.1875 0.1355 0.293063 -0.552313 0.330248 0.707107
229 0.7182 0.1895 0.1371 0.296123 -0.554069 0.324509 0.7071
230 0.7145 0.1914 0.1387 0.299847 -0.555155 0.319218 0.70711
231 0.7112 0.1933 0.1402 0.304902 -0.555633 0.313545 0.707109
232 0.7078 0.1952 0.1415 0.309271 -0.556085 0.308414 0.707106
233 0.7044 0.197 0.1429 0.312566 -0.556841 0.303683 0.707103
234 0.7012 0.1987 0.1441 0.31643 -0.557684 0.298104 0.70711
235 0.6981 0.2005 0.1453 0.318466 -0.559035 0.293374 0.707111
236 0.695 0.2021 0.1465 0.319338 -0.560398 0.289786 0.707106
237 0.692 0.2039 0.1478 0.318983 -0.562027 0.287007 0.707106
238 0.689 0.2055 0.1488 0.319452 -0.563227 0.284128 0.707108
239 0.686 0.2072 0.1497 0.319253 -0.563888 0.283048 0.707111
240 0.6832 0.2089 0.1505 0.31927 -0.564205 0.282383 0.707107
241 0.6805 0.2106 0.1511 0.318985 -0.564228 0.282657 0.707106
242 0.6778 0.2126 0.1515 0.318037 -0.564285 0.283613 0.707108
243 0.6752 0.2146 0.1518 0.316954 -0.564111 0.285162 0.707106
244 0.6726 0.2165 0.152 0.315045 -0.564617 0.286273 0.707106
245 0.6702 0.2185 0.152 0.313153 -0.564932 0.287726 0.707107
246 0.6675 0.2206 0.1519 0.311643 -0.564794 0.289628 0.707105
247 0.6654 0.2227 0.1516 0.310067 -0.564982 0.290963 0.70711
248 0.6632 0.2248 0.1512 0.308452 -0.564828 0.29295 0.707103
249 0.6609 0.2269 0.1506 0.306832 -0.564438 0.295396 0.707104
250 0.6587 0.2293 0.15 0.30533 -0.563837 0.298105 0.70711
251 0.6566 0.2315 0.1493 0.303298 -0.56283 0.302059 0.707111
252 0.6548 0.2338 0.1483 0.300586 -0.56197 0.306341 0.707111
253 0.6528 0.2361 0.1474 0.298198 -0.560658 0.31104 0.70711
254 0.6511 0.2386 0.1461 0.295252 -0.559175 0.316466 0.707107
255 0.6492 0.241 0.1449 0.293786 -0.557072 0.321502 0.707109
256 0.6475 0.2437 0.1434 0.290521 -0.555474 0.327177 0.707106
257 0.646 0.2462 0.1419 0.28848 -0.553444 0.332386 0.707107
258 0.6445 0.2489 0.1402 0.28571 -0.551659 0.337695 0.707105
259 0.643 0.2516 0.1385 0.283974 -0.549293 0.342992 0.707111
260 0.6414 0.2543 0.1367 0.282228 -0.545817 0.349901 0.707107
261 0.6403 0.2573 0.1349 0.278777 -0.543331 0.356461 0.707101
262 0.6389 0.2603 0.1329 0.27595 -0.54048 0.362959 0.70711
263 0.6375 0.2632 0.1311 0.27366 -0.537387 0.36924 0.707114
264 0.6362 0.2662 0.1292 0.271259 -0.534425 0.375243 0.707106
265 0.635 0.2693 0.1273 0.268818 -0.531777 0.380726 0.707108
266 0.6338 0.2723 0.1255 0.266306 -0.528935 0.386408 0.707108
267 0.6327 0.2755 0.1236 0.2635 -0.52668 0.391385 0.70711
268 0.6317 0.2787 0.1217 0.260706 -0.52454 0.396084 0.707103
269 0.6306 0.282 0.1198 0.257426 -0.522434 0.400977 0.7071
270 0.6295 0.2853 0.1178 0.254218 -0.520037 0.406121 0.707107
271 0.6286 0.2888 0.1157 0.251308 -0.517074 0.411688 0.707111
272 0.6277 0.2923 0.1136 0.248755 -0.513969 0.417085 0.707108
273 0.6266 0.2958 0.1115 0.246944 -0.510418 0.422502 0.707115
274 0.6259 0.2996 0.1091 0.244846 -0.507467 0.427247 0.707113
275 0.625 0.3032 0.1069 0.244709 -0.503388 0.432109 0.707107
276 0.6242 0.3073 0.1049 0.242516 -0.500491 0.436672 0.707101
277 0.6231 0.3109 0.1028 0.242544 -0.49664 0.441051 0.707109
278 0.6222 0.3149 0.1007 0.241499 -0.493717 0.444874 0.707102
279 0.6216 0.3189 0.0987 0.239177 -0.491343 0.448744 0.707105
280 0.6209 0.323 0.0966001 0.237554 -0.488207 0.453021 0.70711
281 0.6199 0.3268 0.0947 0.238614 -0.482817 0.458219 0.707114
282 0.6195 0.3309 0.0927 0.237142 -0.47848 0.463478 0.707102
283 0.6187 0.335 0.0905 0.237512 -0.473128 0.468778 0.707114
284 0.618 0.3392 0.0886 0.238164 -0.468257 0.473307 0.70711
285 0.6172 0.3433 0.0867 0.23901 -0.462746 0.478263 0.707104
286 0.6167 0.3476 0.085 0.238929 -0.458973 0.481936 0.707109
287 0.616 0.352 0.0834 0.238634 -0.455983 0.484897 0.707103
288 0.6153 0.3564 0.0819 0.23817 -0.45334 0.487608 0.707109
289 0.6149 0.3607 0.0803 0.238451 -0.450528 0.490071 0.707108
290 0.6143 0.3651 0.0788 0.239395 -0.447211 0.492655 0.707114
291 0.6137 0.3696 0.0775 0.241198 -0.443657 0.494965 0.707106
292 0.6131 0.374 0.0762 0.244054 -0.439784 0.497028 0.707111
293 0.6127 0.3785 0.075 0.246508 -0.436881 0.49838 0.707113
294 0.6123 0.3831 0.0738 0.247812 -0.434927 0.499436 0.70711
295 0.6117 0.3876 0.0728 0.250193 -0.432701 0.500148 0.707097
296 0.6114 0.3923 0.0719 0.251337 -0.431165 0.500916 0.707103
297 0.6109 0.3967 0.071 0.254158 -0.428499 0.501808 0.707114
298 0.6109 0.4013 0.0700001 0.255003 -0.425704 0.503719 0.7071
299 0.611 0.4059 0.0691 0.255376 -0.422208 0.506487 0.707109
300 0.6111 0.4102 0.068 0.255215 -0.418129 0.509951 0.707113
301 0.6111 0.4147 0.0673 0.256076 -0.412543 0.514046 0.707111
302 0.6113 0.419 0.0666 0.254484 -0.408153 0.518295 0.7071
303 0.6116 0.4234 0.0659 0.252479 -0.404163 0.522417 0.707112
304 0.6118 0.4279 0.0655 0.251721 -0.400288 0.525744 0.707107
305 0.6123 0.432 0.0651 0.249971 -0.395722 0.530018 0.707107
306 0.6125 0.4364 0.0648 0.249553 -0.390451 0.534117 0.70711
307 0.6136 0.4408 0.0641 0.244997 -0.387121 0.538605 0.7071
308 0.6141 0.4451 0.0635999 0.243472 -0.381997 0.542954 0.707107
309 0.6148 0.4497 0.0633 0.24185 -0.376764 0.547314 0.707105
310 0.6155 0.454 0.0627 0.240589 -0.371663 0.551335 0.707102
311 0.6162 0.4585 0.0623 0.238837 -0.366932 0.555274 0.707111
312 0.6169 0.4629 0.0619 0.238656 -0.362149 0.558478 0.707109
313 0.6175 0.4674 0.0616 0.238206 -0.357714 0.561528 0.707111
314 0.6183 0.4717 0.0612 0.237578 -0.35413 0.564072 0.707116
315 0.6192 0.4762 0.0609 0.237304 -0.350473 0.566408 0.707095
316 0.6204 0.4807 0.0607001 0.23549 -0.348254 0.568551 0.707103
317 0.6209 0.4851 0.0605 0.235748 -0.346415 0.569583 0.707109
318 0.6219 0.4896 0.0603 0.235081 -0.344823 0.570805 0.707102
319 0.6225 0.4939 0.0603 0.234837 -0.342976 0.572044 0.707112
320 0.6233 0.4983 0.0601 0.23464 -0.341681 0.572852 0.707095
321 0.624 0.5026 0.0601 0.235974 -0.339841 0.573406 0.707098
322 0.6246 0.507 0.0599999 0.236089 -0.339131 0.573808 0.707108
323 0.6254 0.5111 0.0599 0.236527 -0.338293 0.574124 0.707108
324 0.6259 0.5155 0.0599999 0.238045 -0.337379 0.574012 0.707101
325 0.6264 0.5195 0.0599 0.240451 -0.337863 0.572714 0.707098
326 0.6267 0.5236 0.0602 0.241822 -0.338689 0.571693 0.707113
327 0.6273 0.5276 0.0601 0.240823 -0.341559 0.570408 0.707114
328 0.6276 0.5314 0.0603 0.241449 -0.343721 0.568828 0.707109
329 0.6278 0.5351 0.0605 0.242798 -0.345816 0.567001 0.707116
330 0.6281 0.5388 0.0604 0.244213 -0.347889 0.565077 0.707101
331 0.6284 0.5423 0.0603 0.245036 -0.349369 0.563843 0.707113
332 0.6285 0.5457 0.0602 0.246648 -0.350265 0.562564 0.707107
333 0.6289 0.549 0.0601 0.247706 -0.351267 0.561494 0.707113
334 0.6287 0.5523 0.0602 0.249033 -0.352438 0.56015 0.707106
335 0.629 0.5556 0.0602 0.24745 -0.354694 0.559443 0.707111
336 0.6292 0.5588 0.0601 0.246576 -0.357835 0.55781 0.707106
337 0.6292 0.5618 0.0601 0.24637 -0.360273 0.556326 0.707105
338 0.6295 0.5648 0.0602 0.246155 -0.363253 0.554456 0.707096
339 0.6294 0.5677 0.0604 0.2465 -0.364705 0.553381 0.707108
340 0.6297 0.5706 0.0603 0.244189 -0.368642 0.551765 0.707097
341 0.6298 0.5734 0.0605 0.243044 -0.371482 0.550381 0.707103
342 0.6299 0.5761 0.0606 0.241924 -0.374745 0.548709 0.707121
343 0.6297 0.5787 0.061 0.241793 -0.377351 0.546943 0.707108
344 0.6303 0.5815 0.0611 0.239657 -0.381791 0.544775 0.7071
345 0.6303 0.5843 0.0612 0.239687 -0.385014 0.54251 0.707108
346 0.6304 0.5871 0.0613 0.240554 -0.387878 0.540091 0.707112
347 0.6307 0.5897 0.0614001 0.241129 -0.390878 0.537666 0.707112
348 0.6308 0.5923 0.0616 0.241846 -0.393419 0.535486 0.707111
349 0.6308 0.5949 0.062 0.242822 -0.396356 0.532875 0.707113
350 0.6311 0.5975 0.0622 0.242587 -0.400335 0.529985 0.707107
351 0.6314 0.6001 0.0624 0.241774 -0.405027 0.526775 0.707104
352 0.6317 0.6026 0.0627 0.242008 -0.408589 0.523943 0.707118
353 0.632 0.6052 0.063 0.242416 -0.412408 0.520713 0.707102
354 0.6323 0.6076 0.0631 0.244677 -0.414652 0.517893 0.707113
355 0.6326 0.61 0.0631 0.246654 -0.416183 0.515691 0.7071
356 0.6329 0.6125 0.063 0.249051 -0.417728 0.513294 0.707104
357 0.6332 0.615 0.0631 0.25176 -0.419158 0.510808 0.707108
358 0.6335 0.6176 0.0628999 0.253173 -0.421521 0.508166 0.707111
359 0.6338 0.6201 0.0628999 0.255308 -0.423474 0.505457 0.707106
360 0.634 0.6226 0.063 0.258634 -0.425518 0.502051 0.707112
361 0.6342 0.6252 0.0628999 0.26181 -0.42793 0.49833 0.707107
362 0.6345 0.628 0.0626 0.264901 -0.43046 0.494504 0.707108
363 0.6348 0.6308 0.0625 0.268658 -0.432318 0.490826 0.707101
364 0.6348 0.6334 0.0623 0.27231 -0.433595 0.487689 0.707106
365 0.6351 0.636 0.0621001 0.274382 -0.435848 0.484513 0.707107
366 0.6354 0.6386 0.0619 0.275929 -0.437633 0.48201 0.707104
367 0.6356 0.6413 0.0618 0.275465 -0.440543 0.479624 0.707106
368 0.636 0.6439 0.0618 0.27424 -0.443163 0.477892 0.707099
369 0.6357 0.6464 0.0617 0.275396 -0.444504 0.475985 0.707102
370 0.6357 0.6493 0.0616 0.275324 -0.447334 0.473376 0.707105
371 0.6357 0.6524 0.0614001 0.276322 -0.450444 0.469843 0.707109
372 0.6354 0.6551 0.0613 0.279887 -0.452324 0.465892 0.707102
373 0.6353 0.6579 0.061 0.283617 -0.453992 0.462031 0.707115
374 0.6349 0.6609 0.0605 0.287777 -0.455367 0.458059 0.707104
375 0.6345 0.6638 0.0602 0.291526 -0.456821 0.454245 0.707111
376 0.6339 0.6666 0.0599 0.296265 -0.458271 0.449692 0.70711
377 0.6333 0.6695 0.0597 0.300253 -0.460217 0.445033 0.707109
378 0.6325 0.6723 0.0597 0.304279 -0.462078 0.440322 0.707101
379 0.6317 0.675 0.0597 0.309893 -0.46374 0.434635 0.707105
380 0.6308 0.678 0.0595 0.315658 -0.465786 0.428258 0.707107
381 0.6299 0.6809 0.0594 0.322567 -0.467523 0.421158 0.707107
382 0.629 0.6837 0.0592999 0.329085 -0.468917 0.414502 0.707104
383 0.6282 0.6863 0.0592 0.334625 -0.470815 0.40786 0.707103
384 0.6271 0.689 0.0592999 0.340552 -0.471775 0.401829 0.707112
385 0.6261 0.6915 0.0594 0.345167 -0.474054 0.395126 0.707104
386 0.6249 0.6939 0.0596 0.348156 -0.476679 0.38932 0.707109
387 0.6242 0.6963 0.0599 0.350422 -0.47969 0.383547 0.707109
388 0.6232 0.6987 0.0603 0.353091 -0.482035 0.378112 0.707106
389 0.622 0.7009 0.0608 0.357439 -0.482697 0.37316 0.707109
390 0.6214 0.7034 0.0609 0.359131 -0.485277 0.368144 0.707106
391 0.6205 0.7055 0.0612 0.362284 -0.486491 0.363424 0.707107
392 0.6198 0.7079 0.0613 0.365247 -0.487586 0.358955 0.707105
393 0.6189 0.7101 0.0615 0.368154 -0.488179 0.355171 0.707108
394 0.6182 0.7123 0.0616 0.37154 -0.488998 0.350486 0.707107
395 0.6172 0.7145 0.062 0.375581 -0.489137 0.345949 0.707105
396 0.6165 0.7167 0.0622 0.377769 -0.490171 0.342084 0.707106
397 0.6157 0.7192 0.0622 0.380059 -0.491787 0.337196 0.707107
398 0.6148 0.7214 0.0626 0.383285 -0.492734 0.332119 0.707106
399 0.6142 0.7238 0.0628 0.386088 -0.494274 0.326545 0.707108
400 0.6135 0.726 0.0628999 0.388964 -0.494859 0.32221 0.707106
401 0.613 0.7284 0.063 0.392033 -0.495781 0.317049 0.70711
402 0.6123 0.7305 0.0631 0.394679 -0.496187 0.313093 0.707107
403 0.6116 0.7328 0.0631 0.397238 -0.496872 0.308741 0.707107
404 0.611 0.7353 0.0631 0.399369 -0.497672 0.304679 0.707108
405 0.6104 0.7375 0.0633 0.401531 -0.498328 0.300735 0.707107
406 0.61 0.7398 0.0633 0.403739 -0.498932 0.296768 0.70711
407 0.6094 0.7421 0.0633 0.406031 -0.499557 0.292549 0.707108
408 0.6089 0.7444 0.0634 0.408389 -0.499717 0.288968 0.707107
409 0.6084 0.7468 0.0634 0.409558 -0.500919 0.285197 0.707105
410 0.6077 0.749 0.0634 0.411589 -0.501423 0.281361 0.707105
411 0.6068 0.7509 0.0632 0.41451 -0.500665 0.278414 0.707106
412 0.6068 0.7531 0.0632 0.412302 -0.503627 0.276346 0.707107
413 0.606 0.7551 0.0635 0.413976 -0.503697 0.273707 0.707107
414 0.6055 0.7575 0.0635999 0.413868 -0.505204 0.271071 0.707106
415 0.6049 0.7596 0.0635 0.414955 -0.505758 0.268367 0.707107
416 0.6045 0.7617 0.0634 0.415965 -0.506441 0.265507 0.707108
417 0.6038 0.7639 0.0632 0.417781 -0.506289 0.262937 0.707108
418 0.6035 0.7661 0.063 0.419157 -0.506222 0.260859 0.707107
419 0.6029 0.7683 0.0628 0.421416 -0.505341 0.258927 0.707108
420 0.6023 0.7707 0.0625 0.423961 -0.50436 0.256675 0.707108
421 0.6018 0.7727 0.0623 0.4268 -0.50301 0.254595 0.707106
422 0.6017 0.7749 0.0617 0.427943 -0.50364 0.251422 0.707107
423 0.6011 0.7772 0.0613 0.430753 -0.502685 0.24852 0.707107
424 0.6007 0.7795 0.0608 0.433266 -0.501916 0.245684 0.707107
425 0.5999 0.7818 0.0603 0.436299 -0.50109 0.241974 0.707107
426 0.5995 0.7841 0.0599 0.439273 -0.499785 0.23927 0.707106
427 0.5991 0.7859 0.0595 0.442767 -0.498447 0.235598 0.707106
428 0.5987 0.7875 0.059 0.446155 -0.496793 0.232677 0.707106
429 0.5983 0.7892 0.0587 0.449466 -0.494833 0.230472 0.707106
430 0.5977 0.7911 0.0582 0.452028 -0.493552 0.228203 0.707107
431 0.5972 0.7932 0.0577 0.45414 -0.49243 0.226419 0.707106
432 0.5966 0.7954 0.0573 0.456564 -0.491803 0.222893 0.707107
433 0.5958 0.7976 0.0568 0.458967 -0.491051 0.219587 0.707107
434 0.5955 0.7998 0.0561 0.46103 -0.490974 0.21539 0.707106
435 0.595 0.8018 0.0555 0.463642 -0.490494 0.210839 0.707107
436 0.5945 0.8039 0.0548 0.465681 -0.490533 0.206196 0.707107
437 0.594 0.8056 0.0542001 0.467393 -0.490726 0.201821 0.707107
438 0.5934 0.8075 0.0535001 0.469193 -0.490642 0.197807 0.707107
439 0.5929 0.8093 0.0528001 0.47068 -0.491281 0.192621 0.707107
440 0.5923 0.8112 0.0520999 0.472178 -0.491807 0.187547 0.707107
441 0.5917 0.8131 0.0513999 0.473995 -0.492043 0.182277 0.707107
442 0.5911 0.8148 0.0506001 0.476362 -0.491747 0.176828 0.707107
443 0.5904 0.8165 0.0497 0.478084 -0.491753 0.172088 0.707107
444 0.5898 0.8185 0.0487 0.479735 -0.491833 0.167188 0.707107
445 0.5891 0.8201 0.0479 0.481634 -0.491517 0.162604 0.707107
446 0.5884 0.8219 0.0469 0.483171 -0.49146 0.158156 0.707107
447 0.5877 0.8235 0.0459 0.484082 -0.492204 0.152967 0.707107
448 0.5871 0.8253 0.0448 0.485946 -0.492077 0.147361 0.707107
449 0.5864 0.8267 0.0438 0.486648 -0.492901 0.142199 0.707107
450 0.5859 0.8282 0.0427999 0.488345 -0.492652 0.137157 0.707107
451 0.5853 0.8297 0.0417 0.489427 -0.492675 0.133162 0.707107
452 0.5846 0.8312 0.0408 0.490289 -0.492912 0.129056 0.707107
453 0.5837 0.8327 0.0397 0.491027 -0.49306 0.125642 0.707107
454 0.5834 0.8341 0.0386 0.492015 -0.493113 0.1215 0.707107
455 0.5827 0.8355 0.0376 0.493105 -0.492869 0.118014 0.707107
456 0.5823 0.8369 0.0365 0.493857 -0.493118 0.113754 0.707107
457 0.5817 0.8382 0.0355 0.495375 -0.492432 0.110072 0.707107
458 0.5812 0.8393 0.0344 0.497571 -0.491203 0.105555 0.707107
459 0.5808 0.8406 0.0334001 0.499802 -0.489887 0.101042 0.707107
460 0.5802 0.8418 0.0324 0.502277 -0.488193 0.0968716 0.707107
461 0.5797 0.8429 0.0314 0.504921 -0.486224 0.0929599 0.707107
462 0.5794 0.8442 0.0305001 0.507487 -0.484231 0.0893173 0.707107
463 0.579 0.8452 0.0298001 0.510069 -0.482104 0.0860556 0.707107
464 0.5786 0.846 0.029 0.512541 -0.480095 0.0825246 0.707107
465 0.5784 0.847 0.0281 0.515641 -0.477628 0.0773722 0.707107
466 0.5781 0.8482 0.0274 0.518729 -0.475004 0.0727423 0.707107
467 0.5778 0.849 0.0266 0.522038 -0.472109 0.0677491 0.707107
468 0.5776 0.8499 0.0259 0.525609 -0.46887 0.0624263 0.707107
469 0.5774 0.8507 0.0252 0.529101 -0.465572 0.0574023 0.707107
470 0.5771 0.8515 0.0246 0.533004 -0.461884 0.0506867 0.707107
471 0.577 0.852 0.0238 0.53725 -0.457636 0.0439608 0.707107
472 0.5768 0.8528 0.0232 0.541805 -0.452791 0.0377867 0.707107
473 0.5767 0.8536 0.0226001 0.546438 -0.447703 0.0311251 0.707107
474 0.5767 0.8542 0.022 0.550598 -0.442948 0.0252858 0.707107
475 0.5767 0.8551 0.0211999 0.554884 -0.437884 0.0190133 0.707107
476 0.5769 0.8556 0.0207 0.558074 -0.433995 0.0142078 0.707107
477 0.577 0.8563 0.0201 0.561564 -0.429587 0.00997267 0.707107
478 0.5776 0.8568 0.0194 0.564793 -0.425396 0.00679633 0.707107
479 0.578 0.8574 0.0188 0.567979 -0.421174 0.00368733 0.707107
480 0.5783 0.8578 0.0184 0.57055 -0.417698 0.000715763 0.707107
481 0.5787 0.8584 0.018 0.57254 -0.414957 -0.00280675 0.707107
482 0.5792 0.8588 0.0176001 0.574315 -0.412454 -0.0065968 0.707107
483 0.5797 0.8591 0.0172 0.575565 -0.410631 -0.0102881 0.707107
484 0.5802 0.8594 0.0168999 0.576192 -0.409632 -0.0143067 0.707107
485 0.5805 0.8596 0.0165 0.576661 -0.408791 -0.0187509 0.707107
486 0.581 0.8597 0.0161999 0.576753 -0.408421 -0.023421 0.707107
487 0.5814 0.8599 0.0158 0.576665 -0.408217 -0.0285644 0.707107
488 0.5815 0.86 0.0161 0.576083 -0.408602 -0.0342489 0.707107
489 0.5818 0.86 0.0161 0.5754 -0.409002 -0.0404073 0.707107
490 0.5821 0.8601 0.0159 0.57453 -0.409579 -0.0464651 0.707107
491 0.5824 0.8603 0.0158 0.573759 -0.410041 -0.0516434 0.707107
492 0.5829 0.8602 0.0157 0.572102 -0.411432 -0.0585035 0.707107
493 0.5832 0.8602 0.0156 0.570632 -0.412597 -0.0643522 0.707106
494 0.5835 0.8602 0.0156 0.569196 -0.41368 -0.0698833 0.707107
495 0.5839 0.86 0.0156 0.567498 -0.415072 -0.0752424 0.707107
496 0.5842 0.86 0.0156 0.565894 -0.416294 -0.0803973 0.707107
497 0.5845 0.8597 0.0157 0.563884 -0.418094 -0.0850401 0.707107
498 0.585 0.8597 0.0157 0.562092 -0.41956 -0.089557 0.707106
499 0.5857 0.8595 0.0159 0.560456 -0.420835 -0.093735 0.707107
500 0.5862 0.8594 0.0158 0.559484 -0.421355 -0.0971441 0.707106
501 0.5865 0.8592 0.016 0.557865 -0.422704 -0.100534 0.707106
502 0.5871 0.8589 0.0163 0.556588 -0.423631 -0.103668 0.707107
503 0.5877 0.8584 0.0165 0.555901 -0.424019 -0.105741 0.707106
504 0.5883 0.8579 0.0168 0.555048 -0.424475 -0.108365 0.707107
505 0.5891 0.8577 0.0172 0.554409 -0.424818 -0.110272 0.707106
506 0.5899 0.8572 0.0175 0.554133 -0.424625 -0.112387 0.707107
507 0.5906 0.8571 0.0178 0.554707 -0.423303 -0.114527 0.707108
508 0.5914 0.8567 0.0181 0.554791 -0.422844 -0.115804 0.707107
509 0.5921 0.8564 0.0184 0.554933 -0.42235 -0.11692 0.707107
510 0.5931 0.8559 0.0188 0.554612 -0.422467 -0.11801 0.707107
511 0.5938 0.8556 0.0189 0.555384 -0.421185 -0.118957 0.707106
512 0.5947 0.8551 0.0192 0.555589 -0.420426 -0.120683 0.707108
513 0.5955 0.8547 0.0194 0.556297 -0.418726 -0.123296 0.707107
514 0.5964 0.8545 0.0196 0.556897 -0.41688 -0.126791 0.707106
515 0.5971 0.8544 0.02 0.557476 -0.414822 -0.130928 0.707106
516 0.5979 0.8543 0.0201 0.557742 -0.412777 -0.136156 0.707107
517 0.5986 0.854 0.0203 0.557772 -0.411434 -0.14005 0.707108
518 0.5996 0.8539 0.0204999 0.557721 -0.409739 -0.145129 0.707107
519 0.6003 0.854 0.0208 0.558137 -0.407848 -0.148802 0.707106
520 0.6014 0.8537 0.0207 0.557898 -0.406351 -0.15371 0.707106
521 0.6022 0.8537 0.0208 0.558344 -0.404105 -0.15796 0.707107
522 0.6032 0.8538 0.0208 0.558524 -0.402034 -0.162541 0.707107
523 0.6042 0.8539 0.0208 0.558457 -0.400279 -0.167035 0.707105
524 0.6053 0.8538 0.0208 0.558177 -0.398883 -0.171263 0.707107
525 0.6064 0.8538 0.0207 0.557861 -0.397929 -0.174483 0.707107
526 0.6075 0.8538 0.0206 0.558 -0.396583 -0.177082 0.707106
527 0.6086 0.8539 0.0206 0.558495 -0.394795 -0.179499 0.707107
528 0.6099 0.8538 0.0204999 0.559244 -0.392938 -0.181233 0.707107
529 0.6111 0.8537 0.0204 0.559967 -0.390726 -0.183771 0.707108
530 0.6122 0.8536 0.0203 0.560804 -0.38849 -0.18594 0.707107
531 0.6135 0.8538 0.0201 0.562509 -0.385224 -0.187583 0.707108
532 0.6147 0.8538 0.02 0.563744 -0.382623 -0.189187 0.707106
533 0.6158 0.8537 0.02 0.564819 -0.380331 -0.190598 0.707107
534 0.617 0.8536 0.0201 0.565605 -0.378534 -0.191846 0.707108
535 0.6183 0.8534 0.0201 0.566508 -0.376728 -0.192725 0.707105
536 0.6194 0.8534 0.0201 0.567554 -0.374658 -0.193684 0.707107
537 0.6205 0.8534 0.0202 0.56785 -0.373246 -0.195536 0.707107
538 0.6217 0.8534 0.0202 0.567687 -0.372163 -0.198056 0.707107
539 0.6227 0.8533 0.0202 0.567825 -0.37068 -0.200427 0.707106
540 0.6238 0.8532 0.0203 0.567614 -0.369095 -0.203922 0.707108
541 0.6246 0.8531 0.0203 0.567633 -0.367171 -0.207315 0.707108
542 0.6255 0.8532 0.0202 0.567779 -0.364625 -0.211368 0.707107
543 0.6263 0.853 0.0202 0.567428 -0.362763 -0.215479 0.707109
544 0.6268 0.8531 0.0202 0.567768 -0.360014 -0.219156 0.707107
545 0.6275 0.8529 0.0202 0.567722 -0.357354 -0.223586 0.707107
546 0.6281 0.8529 0.0202 0.567252 -0.354706 -0.228926 0.707106
547 0.6285 0.8528 0.0202 0.566665 -0.352323 -0.234008 0.707107
548 0.629 0.8528 0.0202 0.565888 -0.350346 -0.238808 0.707107
549 0.6294 0.8527 0.0201 0.565295 -0.34853 -0.242826 0.707104
550 0.6298 0.8527 0.02 0.564766 -0.347195 -0.245955 0.707106
551 0.6303 0.8526 0.02 0.564396 -0.346301 -0.248065 0.707109
552 0.6307 0.8527 0.0199 0.563743 -0.346041 -0.249896 0.707106
553 0.6312 0.8529 0.0197999 0.563286 -0.34594 -0.251071 0.707109
554 0.6316 0.8531 0.0197001 0.562624 -0.346373 -0.251942 0.707104
555 0.632 0.8532 0.0195 0.561813 -0.347083 -0.252789 0.707108
556 0.6324 0.8533 0.0195 0.561064 -0.348255 -0.252834 0.707106
557 0.6329 0.8533 0.0193 0.55997 -0.3496 -0.253394 0.707104
558 0.6334 0.8534 0.0190001 0.558908 -0.351059 -0.253725 0.707105
559 0.6338 0.8535 0.0188 0.558067 -0.352432 -0.253682 0.707108
560 0.6343 0.8535 0.0187 0.55704 -0.35405 -0.253685 0.707107
561 0.6347 0.8535 0.0187 0.556309 -0.355527 -0.253215 0.707105
562 0.6352 0.8535 0.0186 0.555639 -0.357027 -0.252586 0.707109
563 0.6357 0.8534 0.0185 0.554857 -0.358883 -0.251675 0.707109
564 0.636 0.8532 0.0187 0.554734 -0.360444 -0.249704 0.707108
565 0.6366 0.8531 0.0187 0.554535 -0.362334 -0.247396 0.707107
566 0.6371 0.8531 0.0187 0.554485 -0.364294 -0.244618 0.707108
567 0.6377 0.8528 0.0187 0.554261 -0.366175 -0.2423 0.707106
568 0.6384 0.8526 0.0187 0.553745 -0.36788 -0.240892 0.707105
569 0.6391 0.8522 0.0187 0.553137 -0.369275 -0.240158 0.707107
570 0.6397 0.8519 0.0187 0.552125 -0.370389 -0.240773 0.707107
571 0.6403 0.8515 0.0189 0.55135 -0.371355 -0.241053 0.707105
572 0.641 0.8511 0.0193 0.550334 -0.372956 -0.240905 0.707106
573 0.6418 0.8507 0.0195 0.549032 -0.375249 -0.240312 0.707106
574 0.6425 0.8504 0.0197001 0.548399 -0.377253 -0.238609 0.707104
575 0.6433 0.8499 0.0199 0.548048 -0.378996 -0.236658 0.707108
576 0.644 0.8494 0.0201 0.547736 -0.380408 -0.235107 0.707107
577 0.6447 0.8491 0.0204 0.547839 -0.381121 -0.233714 0.707109
578 0.6455 0.8487 0.0206 0.54788 -0.381705 -0.232648 0.707105
579 0.6462 0.8483 0.0206 0.548593 -0.381729 -0.230938 0.707109
580 0.647 0.8481 0.0207 0.549215 -0.382025 -0.228955 0.707108
581 0.6479 0.8478 0.0208 0.550455 -0.382429 -0.22527 0.707107
582 0.6487 0.8476 0.0208 0.551319 -0.3832 -0.221821 0.707106
583 0.6496 0.8474 0.0209 0.552577 -0.383951 -0.217351 0.707108
584 0.6505 0.8473 0.021 0.55413 -0.384698 -0.212003 0.707106
585 0.6513 0.8472 0.0209 0.555392 -0.38598 -0.206295 0.707106
586 0.6524 0.8472 0.0209 0.555969 -0.38781 -0.201247 0.707106
587 0.6533 0.8471 0.0208 0.556394 -0.390292 -0.195188 0.707107
588 0.6543 0.8471 0.0207 0.556841 -0.392776 -0.188825 0.707106
589 0.6555 0.8471 0.0204 0.557588 -0.395387 -0.18101 0.707107
590 0.6568 0.8471 0.0201 0.558351 -0.39769 -0.173454 0.707106
591 0.658 0.847 0.0197999 0.559201 -0.399865 -0.165544 0.707108
592 0.6592 0.8469 0.0196 0.559608 -0.402472 -0.157653 0.707107
593 0.6605 0.8468 0.0192 0.560465 -0.404389 -0.149491 0.707106
594 0.6617 0.8468 0.0188 0.561139 -0.406377 -0.141356 0.707107
595 0.6629 0.8466 0.0184 0.561342 -0.408664 -0.133751 0.707107
596 0.6644 0.8464 0.018 0.562086 -0.41012 -0.125936 0.707106
597 0.6657 0.8462 0.0176001 0.56264 -0.411912 -0.117327 0.707107
598 0.6672 0.8458 0.0171 0.563681 -0.412835 -0.108778 0.707107
599 0.6687 0.8456 0.0167 0.564205 -0.414348 -0.0999464 0.707107
600 0.67 0.8455 0.016 0.564725 -0.416002 -0.0895973 0.707107
601 0.6715 0.8454 0.0153 0.564596 -0.418128 -0.0799999 0.707107
602 0.673 0.845 0.0148 0.564385 -0.420109 -0.0705587 0.707107
603 0.6742 0.8448 0.0143 0.5643 -0.42175 -0.0607674 0.707107
604 0.6757 0.8442 0.0138 0.563803 -0.423607 -0.0517945 0.707107
605 0.6772 0.8437 0.0132 0.563071 -0.425642 -0.0421902 0.707107
606 0.6784 0.8432 0.0127 0.561713 -0.428279 -0.0324958 0.707107
607 0.6798 0.8426 0.0121 0.560526 -0.430415 -0.0235089 0.707107
608 0.6809 0.842 0.0115 0.559289 -0.432394 -0.0151809 0.707107
609 0.6821 0.8413 0.0109 0.557971 -0.434305 -0.00699654 0.707107
610 0.6834 0.8406 0.0102 0.556319 -0.436474 9.20681e-05 0.707107
611 0.6842 0.8398 0.00960004 0.554688 -0.438487 0.00702149 0.707107
612 0.6852 0.839 0.00899994 0.552592 -0.44093 0.0149326 0.707107
613 0.6861 0.8379 0.00849998 0.55049 -0.443285 0.0214075 0.707107
614 0.6874 0.8371 0.0079 0.548062 -0.445831 0.0293685 0.707107
615 0.6879 0.8364 0.00740004 0.545293 -0.448524 0.038469 0.707107
616 0.6891 0.8351 0.00709999 0.542571 -0.451225 0.0448597 0.707107
617 0.69 0.8342 0.00660002 0.538874 -0.454663 0.0538017 0.707107
618 0.6911 0.8331 0.00619996 0.535483 -0.457533 0.0626313 0.707107
619 0.6921 0.832 0.00590003 0.531104 -0.461197 0.0722932 0.707107
620 0.6933 0.8309 0.00569999 0.526525 -0.464702 0.0826003 0.707107
621 0.6944 0.8297 0.00530005 0.521227 -0.468448 0.0942199 0.707107
622 0.6956 0.8282 0.005 0.515727 -0.47183 0.106781 0.707107
623 0.6963 0.8269 0.00460005 0.509937 -0.474746 0.120762 0.707107
624 0.6974 0.8252 0.0043 0.504153 -0.477258 0.134376 0.707107
625 0.6987 0.8234 0.00390005 0.498144 -0.479835 0.147016 0.707107
626 0.6996 0.8218 0.0036 0.492384 -0.48195 0.15901 0.707107
627 0.7001 0.8202 0.00329995 0.486299 -0.484023 0.17098 0.707107
628 0.7013 0.8181 0.0029 0.481059 -0.485639 0.18093 0.707107
629 0.7018 0.8163 0.00269997 0.475589 -0.487163 0.191011 0.707107
630 0.7022 0.8146 0.00240004 0.46896 -0.489276 0.201711 0.707107
631 0.7028 0.8124 0.00230002 0.462872 -0.49087 0.21164 0.707106
632 0.7026 0.8102 0.00250006 0.457752 -0.490758 0.222766 0.707108
633 0.7032 0.808 0.00250006 0.451125 -0.49284 0.231513 0.707107
634 0.7037 0.8057 0.00259995 0.444397 -0.494646 0.240495 0.707107
635 0.7049 0.8042 0.00230002 0.434229 -0.498158 0.251561 0.707107
636 0.7052 0.8017 0.00240004 0.428087 -0.499078 0.260116 0.707106
637 0.7057 0.7989 0.00250006 0.423076 -0.499151 0.268062 0.707107
638 0.7061 0.7965 0.00250006 0.415929 -0.500112 0.27728 0.707105
639 0.7065 0.7941 0.00240004 0.409577 -0.499862 0.287018 0.707105
640 0.7072 0.7915 0.00230002 0.403578 -0.499036 0.296806 0.707109
641 0.7075 0.789 0.00240004 0.397633 -0.496924 0.308152 0.707108
642 0.708 0.7864 0.00240004 0.391198 -0.495114 0.319107 0.707108
643 0.7084 0.7837 0.00259995 0.385713 -0.491925 0.330499 0.707105
644 0.7089 0.7811 0.00269997 0.37963 -0.489373 0.341156 0.707105
645 0.7093 0.7782 0.00300002 0.373771 -0.486813 0.35116 0.707108
646 0.7096 0.7755 0.00310004 0.366791 -0.485384 0.360377 0.707108
647 0.7103 0.7725 0.00339997 0.361088 -0.482751 0.369544 0.707105
648 0.7106 0.7695 0.0036 0.35541 -0.480235 0.378226 0.707106
649 0.7109 0.7666 0.00390005 0.34937 -0.477415 0.387321 0.707107
650 0.7113 0.7636 0.0043 0.343671 -0.474581 0.395823 0.707111
651 0.7116 0.7603 0.00450003 0.338335 -0.471039 0.404547 0.707109
652 0.7119 0.7573 0.00489998 0.333223 -0.467417 0.412902 0.707108
653 0.7124 0.7541 0.00530005 0.328378 -0.463137 0.421519 0.707109
654 0.7122 0.7508 0.00569999 0.325196 -0.45786 0.429681 0.707111
655 0.7125 0.7475 0.00590003 0.320907 -0.453481 0.437466 0.707108
656 0.713 0.7441 0.00650001 0.316479 -0.449173 0.445066 0.707106
657 0.7129 0.7405 0.00680006 0.312327 -0.444618 0.452501 0.707104
658 0.7132 0.737 0.00730002 0.306669 -0.441066 0.459795 0.707105
659 0.7137 0.7335 0.00769997 0.30071 -0.438316 0.466315 0.707106
660 0.7136 0.7298 0.00820005 0.295822 -0.434094 0.473351 0.70711
661 0.7141 0.7261 0.00849998 0.289735 -0.429986 0.480779 0.707101
662 0.7143 0.7223 0.00890005 0.284754 -0.425141 0.48805 0.707114
663 0.7143 0.7185 0.00919998 0.280006 -0.420024 0.495161 0.707109
664 0.7146 0.7145 0.00950003 0.274599 -0.414411 0.50286 0.70711
665 0.7148 0.7106 0.00979996 0.26921 -0.409784 0.509524 0.70711
666 0.7147 0.7066 0.0102 0.264796 -0.404518 0.516001 0.70711
667 0.7146 0.7026 0.0105 0.260704 -0.400311 0.521348 0.707113
668 0.7147 0.6985 0.0109 0.255884 -0.397599 0.525772 0.707106
669 0.7148 0.6945 0.0113 0.251173 -0.394956 0.530024 0.707108
670 0.7147 0.6903 0.0116 0.247312 -0.392033 0.533984 0.707104
671 0.7147 0.686 0.012 0.242617 -0.38954 0.537978 0.707114
672 0.715 0.6815 0.0122 0.237499 -0.38646 0.542454 0.707111
673 0.7152 0.6771 0.0125 0.232959 -0.382104 0.547485 0.707111
674 0.7153 0.6725 0.0125999 0.228591 -0.377409 0.552523 0.707098
675 0.7155 0.6679 0.0128 0.222771 -0.372582 0.558195 0.707115
676 0.7155 0.6631 0.0131 0.218108 -0.367556 0.563328 0.707109
677 0.7158 0.6585 0.0132999 0.212375 -0.364469 0.567476 0.707097
678 0.7159 0.6537 0.0136 0.207547 -0.360201 0.571998 0.707107
679 0.7162 0.649 0.0138 0.202402 -0.356537 0.57611 0.707103
680 0.7165 0.6442 0.0141 0.19712 -0.353201 0.579976 0.7071
681 0.7168 0.6393 0.0140001 0.192369 -0.349059 0.584092 0.70711
682 0.717 0.6344 0.0142 0.188928 -0.344799 0.587746 0.707115
683 0.7174 0.6292 0.0142 0.184213 -0.341808 0.590956 0.707106
684 0.7176 0.624 0.0145 0.180841 -0.337861 0.594242 0.7071
685 0.718 0.619 0.0147001 0.175468 -0.335714 0.597076 0.707104
686 0.7184 0.6137 0.0151 0.172482 -0.331075 0.600497 0.707093
687 0.719 0.6083 0.0153 0.167908 -0.328384 0.60329 0.707103
688 0.7194 0.6029 0.0154001 0.163989 -0.325247 0.606094 0.707115
689 0.7197 0.5974 0.0156 0.1585 -0.322352 0.609061 0.707103
690 0.7203 0.5919 0.0157 0.153777 -0.319023 0.612062 0.70712
691 0.721 0.5862 0.016 0.148986 -0.317795 0.613863 0.707112
692 0.7214 0.5802 0.0165 0.146273 -0.314401 0.616287 0.707124
693 0.7221 0.5745 0.0167 0.141447 -0.312759 0.61822 0.707114
694 0.7226 0.5687 0.0168999 0.138001 -0.310342 0.620183 0.707101
695 0.7232 0.5626 0.0171 0.133476 -0.30828 0.622215 0.707108
696 0.7237 0.5566 0.0177 0.128791 -0.305479 0.624592 0.707113
697 0.7246 0.5504 0.018 0.12277 -0.304649 0.626187 0.707105
698 0.7253 0.5441 0.0185 0.115662 -0.304172 0.62775 0.707096
699 0.7261 0.5378 0.0190001 0.108149 -0.30472 0.628848 0.707107
700 0.7269 0.5314 0.0195 0.101491 -0.305313 0.629694 0.707118
701 0.7278 0.5251 0.0197999 0.0945024 -0.306435 0.630224 0.707112
702 0.7286 0.5186 0.0202 0.0889544 -0.307272 0.630598 0.707101
703 0.7295 0.5121 0.0204 0.0842532 -0.308133 0.630835 0.707106
704 0.7305 0.5056 0.0208 0.0808432 -0.308525 0.631082 0.707102
705 0.7313 0.4989 0.0209 0.0780584 -0.30848 0.631464 0.707107
706 0.7322 0.4924 0.0211 0.0771984 -0.306932 0.63233 0.70711
707 0.7332 0.4858 0.0209 0.0762858 -0.30644 0.632674 0.707107
708 0.7341 0.4791 0.0208 0.0762883 -0.306019 0.632904 0.70712
709 0.7351 0.4724 0.0204999 0.0774641 -0.305297 0.633076 0.707104
710 0.7359 0.4657 0.0202 0.0796436 -0.304113 0.633365 0.707099
711 0.7369 0.4589 0.02 0.0812815 -0.303441 0.633501 0.707109
712 0.7379 0.4521 0.0196 0.0837906 -0.302767 0.633508 0.707114
713 0.7388 0.4452 0.0193 0.0866301 -0.301134 0.633895 0.70711
714 0.7396 0.438 0.0190001 0.0902123 -0.299778 0.634018 0.707101
715 0.7404 0.4311 0.0187 0.0914439 -0.299196 0.634126 0.707105
716 0.7413 0.424 0.0186 0.0939331 -0.297895 0.634401 0.707118
717 0.7421 0.4168 0.0183001 0.0948734 -0.297845 0.634278 0.707115
718 0.743 0.4095 0.018 0.0965747 -0.298298 0.633779 0.707101
719 0.7435 0.4023 0.0179 0.0981111 -0.296698 0.634297 0.707102
720 0.7441 0.3952 0.0178 0.0993351 -0.295937 0.63445 0.707097
721 0.7448 0.3879 0.0176001 0.100567 -0.295517 0.634458 0.7071
722 0.7455 0.3807 0.0175 0.100891 -0.296274 0.634064 0.707105
723 0.7461 0.3735 0.0173 0.10129 -0.29716 0.633608 0.707115
724 0.7465 0.3661 0.0173 0.102793 -0.296543 0.633657 0.707116
725 0.747 0.359 0.0172 0.10341 -0.296983 0.63333 0.707106
726 0.7476 0.3518 0.0171 0.104112 -0.297213 0.633086 0.707097
727 0.748 0.3445 0.017 0.105194 -0.297035 0.632994 0.707099
728 0.7484 0.3373 0.0168999 0.106057 -0.297134 0.632839 0.707115
729 0.7488 0.3303 0.0168999 0.107352 -0.2979 0.63224 0.707105
730 0.7494 0.3233 0.0168999 0.107267 -0.2993 0.631634 0.707125
731 0.7498 0.3162 0.017 0.108215 -0.299596 0.631325 0.707122
732 0.7502 0.3091 0.0168999 0.109406 -0.30001 0.630878 0.7071
733 0.751 0.3022 0.0167 0.108759 -0.300927 0.630587 0.707116
734 0.7514 0.2953 0.0166 0.110492 -0.300859 0.630295 0.707105
735 0.7518 0.2885 0.0163 0.111988 -0.300846 0.630044 0.707109
736 0.7523 0.2818 0.0161999 0.113346 -0.30056 0.629946 0.707113
737 0.753 0.2749 0.0159 0.114906 -0.300643 0.629614 0.707108
738 0.7538 0.2683 0.0157 0.11602 -0.29992 0.629725 0.707094
739 0.7545 0.2615 0.0154001 0.117198 -0.298148 0.630358 0.707099
740 0.7551 0.2547 0.0151 0.117292 -0.296864 0.630979 0.707115
741 0.756 0.2481 0.0149 0.117226 -0.294923 0.631904 0.707116
742 0.7567 0.2416 0.0148 0.116963 -0.293583 0.632549 0.707103
743 0.7575 0.2352 0.0145 0.116069 -0.293089 0.632926 0.707094
744 0.7584 0.2288 0.0144 0.115486 -0.293131 0.633016 0.707096
745 0.7593 0.2225 0.0144 0.114472 -0.29386 0.632905 0.707117
746 0.7602 0.2162 0.0144 0.114024 -0.294741 0.632583 0.707121
747 0.7611 0.2099 0.0143 0.11349 -0.296055 0.632059 0.707117
748 0.7622 0.2036 0.0143 0.112823 -0.296296 0.632061 0.707115
749 0.7634 0.1977 0.0141 0.112158 -0.296422 0.632106 0.707108
750 0.7645 0.1915 0.0139 0.113086 -0.295346 0.632444 0.707108
751 0.7656 0.1854 0.0138 0.114522 -0.293602 0.632992 0.707105
752 0.7668 0.1795 0.0135 0.116124 -0.2924 0.633267 0.707111
753 0.768 0.1736 0.0134 0.117718 -0.291253 0.633515 0.707118
754 0.7693 0.1677 0.0132999 0.119932 -0.290243 0.633522 0.707097
755 0.7705 0.1619 0.0132999 0.121877 -0.289556 0.633498 0.707113
756 0.7718 0.1562 0.0134 0.122819 -0.290155 0.633033 0.707109
757 0.7731 0.1506 0.0135 0.124643 -0.290716 0.632392 0.707095
758 0.7746 0.1449 0.0137 0.125476 -0.292371 0.631482 0.707105
759 0.7758 0.1392 0.0140001 0.127771 -0.293554 0.630497 0.707117
760 0.7772 0.1337 0.0142 0.129672 -0.295194 0.629324 0.707108
761 0.7786 0.1281 0.0145 0.132109 -0.296746 0.628083 0.707107
762 0.7802 0.1225 0.0148 0.133685 -0.298115 0.627103 0.707108
763 0.7816 0.117 0.0151 0.13606 -0.298622 0.626311 0.707089
764 0.783 0.1114 0.0154001 0.138215 -0.299141 0.625636 0.70711
765 0.7844 0.1058 0.0157 0.138896 -0.300034 0.625039 0.707101
766 0.7859 0.1004 0.0161999 0.139622 -0.302128 0.623857 0.707097
767 0.7873 0.0949 0.0166 0.141771 -0.303813 0.62254 0.707091
768 0.7889 0.0894 0.017 0.142586 -0.307351 0.620672 0.707118
769 0.7905 0.0839 0.0174 0.144383 -0.310963 0.618387 0.707086
770 0.792 0.0784 0.0178 0.146723 -0.312978 0.616842 0.707098
771 0.7936 0.0727 0.018 0.148284 -0.314461 0.615743 0.707112
772 0.7954 0.0673 0.0183001 0.148204 -0.316686 0.614601 0.707103
773 0.797 0.0616 0.0185 0.150403 -0.316665 0.61406 0.707094
774 0.7987 0.056 0.0187 0.150784 -0.317135 0.613735 0.7071
775 0.8004 0.0503 0.0188 0.152034 -0.317205 0.613382 0.707096
776 0.8021 0.0446 0.0190001 0.153596 -0.317889 0.612686 0.707118
777 0.8038 0.039 0.0191 0.155277 -0.318023 0.612159 0.707102
778 0.8058 0.0335 0.0191 0.155859 -0.320018 0.610982 0.707108
779 0.8076 0.0277 0.0192 0.156959 -0.320788 0.61031 0.707114
780 0.8094 0.0219 0.0193 0.157891 -0.321103 0.609921 0.707122
781 0.8113 0.0162 0.0193 0.159515 -0.32126 0.609398 0.707114
782 0.8133 0.0106 0.0193 0.159399 -0.323279 0.608361 0.707115
783 0.8151 0.0049 0.0194 0.161373 -0.324398 0.607226 0.707106
784 0.817 -0.0008 0.0194 0.162378 -0.326885 0.605644 0.707116
785 0.8188 -0.0064 0.0197001 0.1637 -0.329449 0.603884 0.707111
786 0.8208 -0.0121 0.0197001 0.164123 -0.333399 0.601566 0.707096
787 0.8228 -0.0179 0.0197999 0.165038 -0.33696 0.599317 0.707092
788 0.8249 -0.0235 0.0197999 0.164396 -0.341385 0.597005 0.707101
789 0.8269 -0.0291 0.0202 0.164424 -0.345268 0.594748 0.707095
790 0.8288 -0.0347 0.0203 0.164782 -0.349532 0.592143 0.70709
791 0.831 -0.0404 0.0206 0.165415 -0.354071 0.589313 0.707114
792 0.8331 -0.0462 0.0211 0.166159 -0.358207 0.586577 0.707105
793 0.8354 -0.0516 0.0211999 0.165793 -0.364678 0.582671 0.7071
794 0.8377 -0.0571 0.0215 0.166546 -0.369844 0.579189 0.707099
795 0.8401 -0.0626 0.0219001 0.16686 -0.374916 0.575815 0.707093
796 0.8426 -0.0681 0.0221 0.168886 -0.378466 0.572935 0.707113
797 0.8453 -0.0735 0.0224 0.169944 -0.381858 0.570345 0.707102
798 0.8478 -0.0789 0.0226001 0.172246 -0.384112 0.568127 0.707098
799 0.8507 -0.0843 0.0228 0.173755 -0.387225 0.565587 0.707117
800 0.8534 -0.0898 0.0232 0.176937 -0.389147 0.563233 0.707095
801 0.8563 -0.0951 0.0235 0.179721 -0.391791 0.560537 0.707108
802 0.8594 -0.1004 0.0237 0.181267 -0.395386 0.557534 0.707121
803 0.8623 -0.1057 0.0240999 0.185127 -0.397762 0.554539 0.707107
804 0.8655 -0.1109 0.0245 0.18853 -0.400131 0.551684 0.707108
805 0.8684 -0.1162 0.0249 0.193709 -0.40153 0.54885 0.7071
806 0.8718 -0.1214 0.0251 0.196966 -0.404488 0.545492 0.707093
807 0.875 -0.1265 0.0256 0.202076 -0.406307 0.542278 0.707101
808 0.8783 -0.1315 0.0259 0.20623 -0.40834 0.539187 0.707105
809 0.8817 -0.1366 0.0265 0.210729 -0.411207 0.535247 0.707101
810 0.885 -0.1416 0.027 0.215074 -0.412736 0.53233 0.707099
811 0.8885 -0.1468 0.0276 0.219672 -0.41551 0.528309 0.707113
812 0.8921 -0.1516 0.0282 0.223566 -0.417873 0.524815 0.70712
813 0.8957 -0.1567 0.0288 0.228085 -0.419611 0.521442 0.707106
814 0.8996 -0.1615 0.0294 0.231668 -0.421975 0.517954 0.707111
815 0.9031 -0.1664 0.0301 0.236507 -0.423682 0.514345 0.707104
816 0.9067 -0.1713 0.0308 0.24181 -0.425592 0.510271 0.707097
817 0.9105 -0.1759 0.0315 0.245156 -0.429376 0.505486 0.707099
818 0.9141 -0.1806 0.0324 0.249228 -0.432942 0.500435 0.707102
819 0.9176 -0.1853 0.0333 0.253262 -0.437245 0.494672 0.707117
820 0.9212 -0.1901 0.0342 0.257446 -0.441914 0.488309 0.707112
821 0.9248 -0.1946 0.0351 0.261592 -0.446329 0.482065 0.707118
822 0.9284 -0.1992 0.036 0.266691 -0.450662 0.475157 0.707105
823 0.932 -0.2038 0.0368 0.272211 -0.454097 0.468698 0.707098
824 0.9356 -0.2084 0.0375 0.278244 -0.45647 0.462821 0.707102
825 0.9394 -0.2128 0.0383 0.283243 -0.459161 0.457102 0.707106
826 0.9429 -0.2175 0.039 0.288345 -0.461191 0.451849 0.70711
827 0.9464 -0.2222 0.0398999 0.293757 -0.462049 0.447448 0.707103
828 0.9502 -0.2264 0.0407 0.297284 -0.464606 0.442471 0.707114
829 0.9538 -0.2309 0.0416 0.300542 -0.467278 0.437394 0.707101
830 0.9575 -0.2354 0.0425 0.303147 -0.470274 0.432358 0.707102
831 0.9612 -0.2398 0.0433 0.305758 -0.473169 0.427346 0.707108
832 0.9651 -0.2442 0.0441999 0.307296 -0.476584 0.422414 0.707105
833 0.9691 -0.2485 0.0452 0.307774 -0.480337 0.417783 0.707103
834 0.9731 -0.2529 0.046 0.30849 -0.483484 0.413605 0.707103
835 0.977 -0.2573 0.0470001 0.308851 -0.486106 0.410236 0.707098
836 0.9811 -0.2616 0.0479 0.30863 -0.488217 0.407916 0.707108
837 0.9852 -0.2658 0.0487 0.308033 -0.490246 0.405919 0.707105
838 0.9893 -0.2701 0.0495 0.307526 -0.491936 0.404255 0.707104
839 0.9932 -0.2744 0.0504 0.307202 -0.493388 0.40275 0.707113
840 0.9974 -0.2785 0.0511 0.306517 -0.495337 0.400851 0.707103
841 1.0014 -0.2827 0.052 0.306323 -0.49722 0.39867 0.707106
842 1.0055 -0.2867 0.0527 0.305905 -0.499677 0.395921 0.707111
843 1.0097 -0.2909 0.0534 0.306343 -0.501405 0.393378 0.707107
844 1.0137 -0.2949 0.0541 0.307048 -0.502686 0.391194 0.707109
845 1.0179 -0.299 0.0546 0.30856 -0.503684 0.388716 0.707111
846 1.0219 -0.3028 0.0552 0.311096 -0.504032 0.386237 0.707111
847 1.026 -0.3065 0.0555 0.314406 -0.504784 0.382559 0.707112
848 1.0301 -0.3104 0.0559 0.318555 -0.504876 0.378973 0.707106
849 1.0342 -0.314 0.0562 0.323771 -0.504957 0.374413 0.707104
850 1.0383 -0.3175 0.0563 0.329928 -0.504265 0.369955 0.707108
851 1.0424 -0.3209 0.0563999 0.337087 -0.502917 0.365307 0.707108
852 1.0463 -0.3245 0.0563 0.343694 -0.502163 0.360155 0.707109
853 1.0504 -0.328 0.0565 0.349996 -0.501348 0.355185 0.707108
854 1.0545 -0.3315 0.0563999 0.355462 -0.501226 0.349889 0.707108
855 1.0584 -0.3351 0.0565 0.360804 -0.500937 0.344795 0.707107
856 1.0626 -0.3384 0.0563999 0.365012 -0.502454 0.338089 0.707106
857 1.0668 -0.3418 0.0563 0.368959 -0.504005 0.331436 0.707108
858 1.0709 -0.345 0.0561 0.373552 -0.504824 0.324973 0.707105
859 1.0752 -0.3483 0.0559 0.37823 -0.505702 0.318118 0.707103
860 1.0794 -0.3516 0.0555 0.38295 -0.506231 0.311565 0.707104
861 1.0837 -0.3548 0.0552 0.387565 -0.506364 0.305586 0.707104
862 1.0877 -0.3576 0.0549999 0.392777 -0.50549 0.30034 0.707106
863 1.0922 -0.3606 0.0546 0.396744 -0.506132 0.293981 0.707107
864 1.0966 -0.3638 0.0543 0.40083 -0.506487 0.287762 0.707108
865 1.1011 -0.3667 0.0539 0.405121 -0.506798 0.281126 0.707107
866 1.1055 -0.3697 0.0537 0.408933 -0.506518 0.27606 0.707105
867 1.1099 -0.3724 0.0531 0.411933 -0.506507 0.271583 0.707105
868 1.1145 -0.3754 0.0527 0.415255 -0.506415 0.26666 0.707107
869 1.1192 -0.3784 0.0523 0.418482 -0.50573 0.262886 0.707107
870 1.1238 -0.3814 0.0520999 0.420538 -0.505911 0.259232 0.707107
871 1.1284 -0.3843 0.0519 0.422073 -0.506484 0.255596 0.707107
872 1.133 -0.3872 0.0517 0.423649 -0.506989 0.251958 0.707107
873 1.1377 -0.3902 0.0513999 0.424422 -0.508235 0.248113 0.707106
874 1.1424 -0.3932 0.0511 0.426099 -0.508895 0.243847 0.707105
875 1.1471 -0.396 0.0506999 0.427082 -0.510333 0.23908 0.707106
876 1.1517 -0.3992 0.0503 0.428923 -0.510684 0.234998 0.707106
877 1.1563 -0.4022 0.05 0.430003 -0.51185 0.230444 0.707106
878 1.161 -0.4053 0.0498 0.430895 -0.513215 0.225695 0.707106
879 1.1655 -0.4083 0.0498 0.430536 -0.515798 0.220434 0.707107
880 1.1702 -0.4118 0.0501 0.430054 -0.518248 0.215571 0.707106
881 1.1748 -0.4151 0.0503 0.429086 -0.5212 0.210324 0.707107
882 1.1793 -0.4186 0.0508 0.42758 -0.5244 0.205381 0.707107
883 1.1838 -0.4222 0.0513999 0.427179 -0.527006 0.199461 0.707108
884 1.1884 -0.4256 0.0519 0.426159 -0.529864 0.193993 0.707107
885 1.1928 -0.429 0.0525 0.426526 -0.531459 0.188752 0.707107
886 1.1974 -0.4327 0.053 0.427777 -0.532494 0.182913 0.707107
887 1.2018 -0.4361 0.0536 0.428305 -0.533927 0.177417 0.707107
888 1.2063 -0.4396 0.0543 0.429227 -0.535197 0.171262 0.707108
889 1.2108 -0.4434 0.0551 0.430763 -0.535905 0.165072 0.707107
890 1.2151 -0.4469 0.0559 0.43225 -0.536536 0.15903 0.707107
891 1.2199 -0.4501 0.0565 0.43453 -0.536691 0.152134 0.707106
892 1.2243 -0.4536 0.0571001 0.437726 -0.535899 0.145628 0.707106
893 1.2287 -0.4569 0.0575 0.442034 -0.534154 0.138875 0.707107
894 1.233 -0.4601 0.058 0.446501 -0.531965 0.132849 0.707106
895 1.2376 -0.4632 0.0585001 0.450991 -0.529592 0.127039 0.707107
896 1.242 -0.4664 0.059 0.454587 -0.527734 0.121852 0.707107
897 1.2464 -0.4696 0.0596 0.457712 -0.526238 0.116509 0.707107
898 1.251 -0.4729 0.0604 0.459893 -0.525538 0.110942 0.707107
899 1.2555 -0.4763 0.0612 0.460584 -0.526024 0.105646 0.707107
900 1.26 -0.4795 0.0621001 0.461217 -0.526636 0.0996624 0.707106
901 1.2646 -0.4825 0.0628999 0.461595 -0.527502 0.093122 0.707107
902 1.2692 -0.4856 0.0639 0.461476 -0.528615 0.0872179 0.707107
903 1.2735 -0.4876 0.0652 0.461706 -0.529406 0.0809729 0.707107
904 1.2781 -0.4906 0.0661 0.461772 -0.530095 0.0759325 0.707107
905 1.2825 -0.4935 0.0673 0.46173 -0.530771 0.0713331 0.707107
906 1.287 -0.4965 0.0687 0.461322 -0.531709 0.0668365 0.707107
907 1.2914 -0.4994 0.0700001 0.460361 -0.533014 0.0629578 0.707107
908 1.2957 -0.502 0.0714999 0.459105 -0.534598 0.0585521 0.707107
909 1.2999 -0.505 0.0728 0.45771 -0.536219 0.0544994 0.707107
910 1.3041 -0.5079 0.0746 0.455515 -0.53847 0.0505592 0.707107
911 1.3085 -0.5102 0.0762 0.452084 -0.541783 0.0457232 0.707107
912 1.3126 -0.5127 0.0779001 0.44918 -0.544475 0.042234 0.707107
913 1.3168 -0.5149 0.0798 0.445859 -0.547414 0.0393435 0.707107
914 1.3209 -0.5176 0.0817 0.443271 -0.549637 0.0375505 0.707107
915 1.3249 -0.5196 0.0836999 0.440785 -0.551682 0.0368166 0.707107
916 1.3287 -0.5221 0.0856 0.440079 -0.55228 0.0362929 0.707107
917 1.3326 -0.5239 0.0878 0.438444 -0.553604 0.0359102 0.707107
918 1.3366 -0.526 0.0899 0.43737 -0.554432 0.0362465 0.707107
919 1.3403 -0.5281 0.092 0.437148 -0.554652 0.0355307 0.707107
920 1.344 -0.5297 0.0941 0.437283 -0.554584 0.0349303 0.707107
921 1.3478 -0.5318 0.0962 0.437312 -0.554584 0.0345653 0.707107
922 1.3515 -0.5337 0.0982 0.438207 -0.553909 0.0340487 0.707107
923 1.3551 -0.5354 0.1 0.439446 -0.552996 0.0329147 0.707107
924 1.3588 -0.537 0.1019 0.441377 -0.551534 0.0315773 0.707107
925 1.3624 -0.5386 0.1037 0.443578 -0.549892 0.0292858 0.707107
926 1.3658 -0.5401 0.1054 0.446294 -0.547794 0.0272711 0.707107
927 1.3693 -0.5416 0.1071 0.449239 -0.545497 0.0248494 0.707107
928 1.373 -0.543 0.1087 0.452072 -0.543269 0.022127 0.707107
929 1.3764 -0.5443 0.1103 0.455359 -0.540628 0.0192207 0.707107
930 1.3799 -0.5456 0.1117 0.457967 -0.538514 0.0164013 0.707107
931 1.3835 -0.5465 0.1131 0.461062 -0.535961 0.0129735 0.707107
932 1.3871 -0.5476 0.1143 0.464391 -0.533152 0.00951506 0.707107
933 1.3908 -0.5485 0.1154 0.467705 -0.530293 0.00641856 0.707107
934 1.3945 -0.5493 0.1164 0.470708 -0.527658 0.00320822 0.707107
935 1.3981 -0.5499 0.1173 0.474306 -0.524437 0.000176549 0.707107
936 1.4017 -0.5504 0.1182 0.47797 -0.521093 -0.00256202 0.707107
937 1.4055 -0.5508 0.1189 0.480972 -0.518307 -0.00491739 0.707107
938 1.4092 -0.5513 0.1198 0.484396 -0.515075 -0.00761803 0.707107
939 1.413 -0.5518 0.1205 0.486447 -0.5131 -0.0098664 0.707107
940 1.4172 -0.5516 0.1211 0.489218 -0.510409 -0.012175 0.707107
941 1.4212 -0.5517 0.1217 0.490691 -0.508905 -0.015424 0.707107
942 1.4256 -0.5518 0.1223 0.491645 -0.507883 -0.0184468 0.707107
943 1.4296 -0.5517 0.1227 0.493262 -0.506249 -0.0201128 0.707107
944 1.434 -0.5513 0.1232 0.494211 -0.505207 -0.0228351 0.707107
945 1.4381 -0.551 0.1235 0.49545 -0.503885 -0.0250884 0.707107
946 1.4425 -0.5506 0.124 0.497685 -0.501568 -0.0271981 0.707107
947 1.4471 -0.5497 0.1243 0.49887 -0.500195 -0.0305621 0.707107
948 1.4516 -0.5493 0.1246 0.500798 -0.498111 -0.0329706 0.707107
949 1.4562 -0.5484 0.125 0.502912 -0.495864 -0.0346213 0.707107
950 1.4607 -0.5476 0.1254 0.505108 -0.493521 -0.0361068 0.707107
951 1.4652 -0.5469 0.1257 0.507729 -0.490824 -0.0361008 0.707107
952 1.47 -0.5456 0.1263 0.510229 -0.488143 -0.0371762 0.707107
953 1.4745 -0.5449 0.1267 0.512643 -0.485655 -0.0365473 0.707107
954 1.4791 -0.5441 0.1272 0.515062 -0.483073 -0.0367633 0.707107
955 1.4836 -0.5433 0.1275 0.517277 -0.480671 -0.0371421 0.707107
956 1.4883 -0.5424 0.1279 0.519534 -0.47815 -0.0381717 0.707107
957 1.493 -0.5415 0.1282 0.521468 -0.475974 -0.0389807 0.707107
958 1.4975 -0.5406 0.1287 0.523582 -0.473585 -0.0397427 0.707107
959 1.502 -0.5394 0.1292 0.525612 -0.471242 -0.0407734 0.707107
960 1.5065 -0.5385 0.1296 0.527527 -0.468989 -0.0420013 0.707107
961 1.511 -0.5373 0.1301 0.529827 -0.466304 -0.0429407 0.707107
962 1.5153 -0.5363 0.1308 0.532376 -0.463322 -0.0436848 0.707107
963 1.5199 -0.5351 0.1313 0.534297 -0.461014 -0.0446469 0.707107
964 1.5242 -0.5338 0.132 0.537036 -0.457777 -0.0450801 0.707107
965 1.5284 -0.5329 0.1327 0.539755 -0.45451 -0.0456673 0.707107
966 1.5327 -0.5318 0.1335 0.542519 -0.451242 -0.0453198 0.707107
967 1.5368 -0.5307 0.1342 0.544823 -0.448373 -0.0461485 0.707107
968 1.5409 -0.5295 0.1352 0.546793 -0.445917 -0.0466451 0.707107
969 1.5451 -0.5284 0.1362 0.548203 -0.444112 -0.0473063 0.707107
970 1.5492 -0.5273 0.1372 0.549836 -0.442066 -0.0475224 0.707107
971 1.5533 -0.5259 0.1383 0.55142 -0.439991 -0.0484127 0.707107
972 1.5572 -0.5249 0.1395 0.55302 -0.437932 -0.0488297 0.707107
973 1.5611 -0.5237 0.1407 0.554796 -0.43568 -0.0488356 0.707107
974 1.565 -0.5224 0.1421 0.556687 -0.433259 -0.0488605 0.707107
975 1.5687 -0.5213 0.1435 0.55855 -0.430887 -0.0485575 0.707106
976 1.5725 -0.5203 0.145 0.560285 -0.4286 -0.0488058 0.707106
977 1.576 -0.5196 0.1465 0.562038 -0.426368 -0.0482043 0.707107
978 1.5796 -0.5187 0.1482 0.563422 -0.424581 -0.0478081 0.707106
979 1.5831 -0.5179 0.1498 0.564752 -0.422809 -0.0478169 0.707107
980 1.5867 -0.5171 0.1516 0.565789 -0.421349 -0.0484446 0.707106
981 1.5901 -0.5165 0.1533 0.566593 -0.420151 -0.0494597 0.707107
982 1.5937 -0.5159 0.1549 0.566971 -0.419414 -0.0513383 0.707106
983 1.5971 -0.5153 0.1565 0.567385 -0.41861 -0.0532875 0.707106
984 1.6004 -0.5145 0.1582 0.567825 -0.417769 -0.0551686 0.707106
985 1.6038 -0.5139 0.1598 0.567618 -0.417745 -0.0574339 0.707107
986 1.6071 -0.5133 0.1614 0.567728 -0.417357 -0.0591448 0.707107
987 1.6104 -0.5128 0.163 0.567646 -0.41725 -0.0606693 0.707107
988 1.6137 -0.5123 0.1647 0.567376 -0.417471 -0.0616611 0.707107
989 1.617 -0.512 0.1662 0.567578 -0.417138 -0.0620619 0.707107
990 1.6202 -0.5116 0.1679 0.567673 -0.416987 -0.0621985 0.707106
991 1.6234 -0.511 0.1695 0.568161 -0.416319 -0.062224 0.707107
992 1.6264 -0.5108 0.1711 0.56831 -0.416187 -0.0617513 0.707107
993 1.6298 -0.5102 0.1727 0.568272 -0.416164 -0.0622474 0.707107
994 1.6328 -0.5095 0.1743 0.568403 -0.416021 -0.0619965 0.707106
995 1.6358 -0.5091 0.1758 0.568476 -0.415985 -0.0615832 0.707107
996 1.6389 -0.5083 0.1775 0.56877 -0.415705 -0.0607402 0.707106
997 1.6419 -0.5079 0.1789 0.568702 -0.415983 -0.0594638 0.707107
998 1.645 -0.5073 0.1803 0.568956 -0.415739 -0.0587413 0.707107
999 1.6481 -0.507 0.1817 0.569366 -0.415388 -0.05723 0.707107
