0 -1.7282 0.0179 0.3284 -0 0.707107 -0 0.707107
1 -1.7293 0.0179 0.3287 0.00232305 0.707102 -0.00157118 0.707107
2 -1.7302 0.0178001 0.3289 0.00423159 0.707087 -0.00300669 0.707107
3 -1.7312 0.0177 0.329 0.00593952 0.707067 -0.00484502 0.707106
4 -1.7322 0.0177 0.3292 0.00767548 0.707039 -0.00606952 0.707107
5 -1.7332 0.0178001 0.3294 0.0095481 0.707003 -0.00752143 0.707107
6 -1.7341 0.0172999 0.3298 0.0131976 0.706913 -0.00997305 0.707107
7 -1.7343 0.0153 0.3288 0.021534 0.706746 -0.00701148 0.707106
8 -1.7354 0.0155001 0.329 0.0234305 0.706667 -0.00858323 0.707106
9 -1.7368 0.0167999 0.3302 0.0224322 0.706609 -0.0141517 0.707107
10 -1.7374 0.0157001 0.3294 0.0273639 0.706475 -0.0120392 0.707107
11 -1.7384 0.0158 0.3296 0.0292729 0.706371 -0.0136325 0.707106
12 -1.7396 0.0163 0.3304 0.0300599 0.706251 -0.0175298 0.707106
13 -1.7404 0.0158999 0.3304 0.0338191 0.706051 -0.0187864 0.707106
14 -1.7415 0.0155001 0.3305 0.0366637 0.705877 -0.0198688 0.707107
15 -1.7424 0.0153 0.3305 0.0397463 0.705674 -0.021094 0.707107
16 -1.7434 0.0150001 0.3306 0.0429475 0.705456 -0.0220222 0.707107
17 -1.744 0.0148001 0.3305 0.04592 0.705209 -0.0239388 0.707106
18 -1.7452 0.0146 0.3306 0.0482443 0.705047 -0.0241232 0.707107
19 -1.746 0.0142 0.3305 0.050804 0.704834 -0.025091 0.707106
20 -1.7469 0.0139 0.3305 0.0526118 0.704641 -0.0267045 0.707107
21 -1.7478 0.0136001 0.3304 0.0556751 0.70436 -0.0280126 0.707105
22 -1.7487 0.0130999 0.3303 0.0580538 0.704108 -0.0293164 0.707107
23 -1.7499 0.0127001 0.3302 0.0603939 0.703893 -0.029737 0.707107
24 -1.7506 0.0123999 0.3301 0.0618205 0.703706 -0.0312219 0.707107
25 -1.7513 0.0120001 0.3299 0.0650358 0.703358 -0.0325392 0.707107
26 -1.7523 0.0118999 0.3297 0.0677717 0.703003 -0.0345269 0.707107
27 -1.7534 0.0112 0.3298 0.0692157 0.70284 -0.0349846 0.707107
28 -1.7541 0.0109 0.3297 0.0724279 0.702456 -0.0362934 0.707105
29 -1.7553 0.0102999 0.3296 0.0743783 0.702211 -0.0369471 0.707107
30 -1.7563 0.00979996 0.3295 0.0767554 0.701896 -0.0381174 0.707106
31 -1.7576 0.00880003 0.3292 0.0817699 0.701195 -0.040465 0.707107
32 -1.7585 0.00830007 0.3291 0.0840258 0.700857 -0.0417157 0.707107
33 -1.7595 0.00760007 0.3289 0.0866911 0.700464 -0.0428039 0.707107
34 -1.7604 0.00690007 0.3287 0.089521 0.700074 -0.0433874 0.707107
35 -1.7612 0.00629997 0.3286 0.0916545 0.699766 -0.0440085 0.707105
36 -1.7619 0.00570011 0.3285 0.094114 0.699367 -0.0450173 0.707107
37 -1.7629 0.00500011 0.3284 0.0964485 0.698974 -0.0461966 0.707106
38 -1.7647 0.00359988 0.3282 0.101611 0.698116 -0.0481004 0.707106
39 -1.7656 0.00279999 0.328 0.104669 0.697588 -0.0491588 0.707107
40 -1.7664 0.00200009 0.3277 0.107615 0.697082 -0.0499549 0.707107
41 -1.7674 0.00110006 0.3276 0.109866 0.696696 -0.0504297 0.707107
42 -1.7686 9.98974e-05 0.3273 0.112273 0.69618 -0.052296 0.707105
43 -1.7691 -0.000699997 0.3272 0.114454 0.695784 -0.0527939 0.707106
44 -1.7701 -0.00169992 0.3271 0.117238 0.695219 -0.0540696 0.707107
45 -1.7709 -0.00270009 0.3269 0.120087 0.694684 -0.0547316 0.707106
46 -1.7769 -0.00609994 0.3275 0.141414 0.690029 -0.062139 0.707107
47 -1.7806 -0.0114 0.3272 0.150014 0.68791 -0.065347 0.707108
48 -1.7813 -0.0135 0.3269 0.154984 0.686876 -0.0647346 0.707105
49 -1.7843 -0.0165999 0.3271 0.157953 0.685869 -0.0682035 0.707103
50 -1.7853 -0.0181999 0.3271 0.160307 0.685255 -0.0688211 0.707105
51 -1.7862 -0.0197999 0.3271 0.162393 0.684721 -0.0690836 0.707109
52 -1.7871 -0.0213001 0.3271 0.164303 0.68421 -0.0697968 0.707104
53 -1.7898 -0.0256 0.3272 0.169891 0.682641 -0.0716774 0.707107
54 -1.7909 -0.0274 0.3271 0.171796 0.682161 -0.071785 0.707104
55 -1.7914 -0.0290999 0.3269 0.175283 0.68134 -0.0710803 0.707107
56 -1.7926 -0.0306001 0.3271 0.176724 0.680831 -0.0723528 0.707107
57 -1.7955 -0.0355999 0.327 0.183458 0.678929 -0.073475 0.707107
58 -1.7965 -0.0372 0.327 0.185146 0.678382 -0.07433 0.707105
59 -1.7975 -0.0388999 0.3269 0.187263 0.677735 -0.0749384 0.707105
60 -1.7987 -0.0406001 0.327 0.188849 0.677144 -0.0762341 0.707107
61 -1.8005 -0.0439 0.327 0.192668 0.67586 -0.0780307 0.707108
62 -1.8014 -0.0455 0.3271 0.194826 0.675127 -0.0789508 0.707109
63 -1.8017 -0.0483999 0.3269 0.194561 0.675315 -0.0780069 0.707109
64 -1.8033 -0.0494001 0.3271 0.199883 0.673426 -0.0808623 0.707108
65 -1.8043 -0.0511999 0.3271 0.201238 0.672867 -0.0822258 0.707105
66 -1.8055 -0.0532 0.3272 0.203316 0.672141 -0.0830147 0.707106
67 -1.8055 -0.0562 0.3268 0.202817 0.672385 -0.0823016 0.707105
68 -1.8064 -0.0585999 0.3266 0.205751 0.671472 -0.0823498 0.707109
69 -1.8071 -0.0613 0.3265 0.210416 0.670015 -0.0825067 0.707106
70 -1.8093 -0.0606999 0.3275 0.211141 0.668865 -0.089589 0.707109
71 -1.8103 -0.0625999 0.3276 0.213136 0.66801 -0.0912492 0.707109
72 -1.8113 -0.0646 0.3277 0.215066 0.667185 -0.0927813 0.707107
73 -1.8124 -0.0667 0.3278 0.216714 0.66643 -0.0944158 0.707105
74 -1.8132 -0.0695 0.3278 0.22105 0.664991 -0.0944273 0.707108
75 -1.8152 -0.073 0.3281 0.223152 0.6637 -0.0984588 0.707109
76 -1.8153 -0.0764999 0.3278 0.221479 0.664313 -0.0981019 0.707109
77 -1.8174 -0.0769 0.3283 0.22653 0.661906 -0.10281 0.707106
78 -1.8185 -0.0792999 0.3285 0.228875 0.661026 -0.103255 0.707107
79 -1.8193 -0.0813 0.3287 0.231735 0.659811 -0.1046 0.707108
80 -1.8205 -0.0834 0.3291 0.233913 0.658763 -0.106478 0.707102
81 -1.8219 -0.0854001 0.3294 0.235637 0.657704 -0.109092 0.707107
82 -1.8226 -0.0873001 0.3295 0.238603 0.656381 -0.11058 0.707108
83 -1.8234 -0.0899999 0.3294 0.240895 0.655683 -0.109692 0.70711
84 -1.8246 -0.092 0.3297 0.242306 0.654928 -0.111191 0.707105
85 -1.8256 -0.0943999 0.3299 0.244446 0.653958 -0.112278 0.707102
86 -1.8269 -0.0964999 0.3299 0.246847 0.652935 -0.112891 0.707106
87 -1.8276 -0.0985999 0.3302 0.249653 0.651589 -0.114413 0.70711
88 -1.8287 -0.1006 0.3304 0.251655 0.650679 -0.115315 0.707105
89 -1.8299 -0.103 0.3306 0.253597 0.649636 -0.116956 0.707103
90 -1.8311 -0.1052 0.3308 0.255521 0.64871 -0.117813 0.707107
91 -1.832 -0.1074 0.331 0.258049 0.647589 -0.118497 0.707106
92 -1.8331 -0.1097 0.3312 0.260244 0.646528 -0.119534 0.707104
93 -1.8341 -0.1117 0.3314 0.262431 0.645404 -0.120698 0.70711
94 -1.8351 -0.1139 0.3317 0.264569 0.64427 -0.122148 0.707106
95 -1.8359 -0.1164 0.332 0.266749 0.643513 -0.121473 0.707103
96 -1.8369 -0.1188 0.3321 0.268594 0.642556 -0.122375 0.707107
97 -1.8381 -0.1208 0.3323 0.27052 0.64129 -0.124836 0.707103
98 -1.8389 -0.1235 0.3323 0.274099 0.639858 -0.124362 0.707104
99 -1.8403 -0.1252 0.333 0.274328 0.639125 -0.127513 0.707107
100 -1.841 -0.1277 0.333 0.276801 0.638147 -0.127102 0.707106
101 -1.842 -0.1301 0.3332 0.279304 0.636957 -0.127555 0.707108
102 -1.843 -0.1323 0.3336 0.28013 0.636238 -0.129368 0.707105
103 -1.8438 -0.1348 0.334 0.279201 0.636583 -0.129718 0.707103
104 -1.8448 -0.1369 0.3344 0.280904 0.635485 -0.13141 0.707104
105 -1.8458 -0.1391 0.3348 0.28286 0.634429 -0.13221 0.707109
106 -1.8474 -0.1409 0.3352 0.285513 0.632575 -0.135424 0.707105
107 -1.8487 -0.1432 0.3357 0.286531 0.631875 -0.136462 0.707109
108 -1.8494 -0.1453 0.336 0.288268 0.630947 -0.137191 0.707104
109 -1.8501 -0.1477 0.3362 0.290341 0.629995 -0.137126 0.707108
110 -1.8511 -0.1499 0.3366 0.291616 0.629187 -0.138045 0.707112
111 -1.8517 -0.153 0.3367 0.291758 0.629592 -0.136039 0.707104
112 -1.853 -0.1548 0.3374 0.292857 0.628342 -0.13938 0.707106
113 -1.854 -0.1566 0.3378 0.291953 0.628778 -0.13929 0.707107
114 -1.8547 -0.1595 0.3379 0.297326 0.626599 -0.137795 0.707104
115 -1.8563 -0.1609 0.3386 0.296655 0.626041 -0.141675 0.707106
116 -1.8568 -0.1637 0.3388 0.298167 0.625797 -0.139611 0.707104
117 -1.8584 -0.1652 0.3395 0.299073 0.624593 -0.143056 0.707102
118 -1.8595 -0.1672 0.34 0.299799 0.624102 -0.143616 0.707105
119 -1.8598 -0.1698 0.3403 0.300336 0.624195 -0.142149 0.707102
120 -1.8608 -0.1719 0.3408 0.301966 0.623321 -0.142303 0.707114
121 -1.8616 -0.1739 0.3413 0.303009 0.62284 -0.142229 0.707112
122 -1.8629 -0.1755 0.3417 0.303968 0.622154 -0.143262 0.707107
123 -1.8641 -0.1776 0.3421 0.304321 0.62172 -0.14447 0.707103
124 -1.8651 -0.1799 0.3428 0.305823 0.620728 -0.145448 0.707109
125 -1.866 -0.1816 0.3432 0.305872 0.620607 -0.14588 0.707108
126 -1.8676 -0.1839 0.3438 0.306708 0.6202 -0.145961 0.707102
127 -1.8679 -0.1865 0.3442 0.307705 0.619951 -0.144928 0.707102
128 -1.8685 -0.1884 0.3447 0.308191 0.619456 -0.145846 0.707111
129 -1.8696 -0.1902 0.3454 0.308857 0.618853 -0.147115 0.707104
130 -1.8711 -0.1918 0.3461 0.310573 0.617531 -0.148979 0.707108
131 -1.8719 -0.1938 0.3465 0.31168 0.61684 -0.149513 0.707108
132 -1.8729 -0.1956 0.347 0.311998 0.616529 -0.150158 0.707107
133 -1.8735 -0.198 0.3474 0.311742 0.616936 -0.149032 0.707106
134 -1.8744 -0.1998 0.3479 0.312482 0.616498 -0.149213 0.707111
135 -1.8754 -0.2017 0.3484 0.313504 0.615928 -0.149494 0.707107
136 -1.8763 -0.2037 0.3489 0.314281 0.615507 -0.149631 0.707105
137 -1.8771 -0.2056 0.3494 0.315324 0.614861 -0.150058 0.707107
138 -1.8782 -0.2072 0.35 0.316154 0.614263 -0.150718 0.707109
139 -1.8791 -0.2091 0.3507 0.317476 0.6133 -0.151996 0.707101
140 -1.8802 -0.2109 0.3513 0.318538 0.612544 -0.152733 0.707106
141 -1.8815 -0.2124 0.3519 0.319795 0.611597 -0.153975 0.707101
142 -1.8821 -0.2146 0.3525 0.32008 0.611531 -0.153589 0.707105
143 -1.8832 -0.2163 0.353 0.320693 0.611127 -0.153827 0.70711
144 -1.8841 -0.2181 0.3534 0.321866 0.610723 -0.153078 0.707104
145 -1.8854 -0.2196 0.3542 0.323427 0.609356 -0.155232 0.707104
146 -1.8862 -0.2214 0.3546 0.323488 0.609572 -0.154248 0.707104
147 -1.8871 -0.2232 0.3551 0.324148 0.609127 -0.154671 0.707101
148 -1.8881 -0.2248 0.3557 0.324679 0.609001 -0.153909 0.707109
149 -1.8891 -0.2264 0.3564 0.32612 0.608001 -0.154934 0.707102
150 -1.8904 -0.2279 0.3571 0.327111 0.607189 -0.155879 0.707111
151 -1.8915 -0.2295 0.3575 0.329145 0.605995 -0.156327 0.707106
152 -1.8922 -0.2313 0.3581 0.329446 0.606083 -0.155393 0.707103
153 -1.8933 -0.2331 0.3587 0.33084 0.605503 -0.154571 0.70711
154 -1.8941 -0.2347 0.3592 0.331957 0.604961 -0.154375 0.707106
155 -1.8955 -0.2363 0.3599 0.333691 0.603909 -0.154806 0.707103
156 -1.8962 -0.2381 0.3603 0.333957 0.603914 -0.154247 0.707101
157 -1.8975 -0.2396 0.3609 0.336034 0.602523 -0.155035 0.707109
158 -1.8985 -0.2413 0.3617 0.334819 0.602589 -0.157352 0.707111
159 -1.8991 -0.243 0.362 0.337824 0.601889 -0.153555 0.707112
160 -1.8998 -0.2453 0.3625 0.340514 0.600989 -0.151172 0.707108
161 -1.9012 -0.2462 0.3632 0.339454 0.60088 -0.154003 0.707106
162 -1.9024 -0.2471 0.3642 0.338251 0.601018 -0.156059 0.707108
163 -1.9033 -0.2494 0.3646 0.341725 0.599367 -0.154876 0.707106
164 -1.9042 -0.2509 0.3652 0.342905 0.598755 -0.154592 0.707109
165 -1.9056 -0.252 0.3657 0.343185 0.5984 -0.155352 0.707108
166 -1.9064 -0.2537 0.3663 0.343528 0.598324 -0.154873 0.707109
167 -1.9075 -0.2549 0.367 0.342906 0.598323 -0.156336 0.707104
168 -1.908 -0.2576 0.3672 0.348071 0.596112 -0.153319 0.707105
169 -1.9093 -0.2584 0.3679 0.346128 0.596834 -0.154848 0.707108
170 -1.9103 -0.2598 0.3686 0.347419 0.595791 -0.156005 0.707106
171 -1.911 -0.2617 0.369 0.349342 0.594989 -0.15476 0.707106
172 -1.912 -0.2631 0.3697 0.349612 0.594628 -0.155448 0.707112
173 -1.9129 -0.2647 0.3702 0.350408 0.59423 -0.155266 0.707106
174 -1.9138 -0.2663 0.3707 0.351304 0.593623 -0.155626 0.707102
175 -1.9147 -0.268 0.3713 0.35194 0.59317 -0.155878 0.707105
176 -1.9161 -0.2694 0.3717 0.353302 0.591706 -0.158335 0.707105
177 -1.9169 -0.2708 0.3726 0.353198 0.591791 -0.158216 0.707107
178 -1.9177 -0.2722 0.3732 0.353854 0.591371 -0.158361 0.707105
179 -1.9183 -0.2737 0.3737 0.355199 0.590675 -0.157951 0.707105
180 -1.9191 -0.2753 0.3743 0.355962 0.590105 -0.158298 0.707109
181 -1.9204 -0.277 0.3751 0.35686 0.589161 -0.159711 0.707113
182 -1.9212 -0.2786 0.3756 0.357664 0.588488 -0.160413 0.707112
183 -1.9221 -0.28 0.3762 0.358133 0.588047 -0.161176 0.7071
184 -1.9229 -0.2813 0.3767 0.359076 0.587393 -0.161307 0.707109
185 -1.9239 -0.2828 0.3773 0.360071 0.586699 -0.161703 0.707104
186 -1.9249 -0.2843 0.3777 0.360652 0.586171 -0.162251 0.707108
187 -1.9257 -0.2859 0.3783 0.361589 0.585594 -0.162305 0.707105
188 -1.9266 -0.2872 0.3789 0.362365 0.584955 -0.162949 0.7071
189 -1.9274 -0.2888 0.3794 0.363018 0.584502 -0.16292 0.707113
190 -1.9282 -0.2901 0.3801 0.363583 0.583989 -0.163561 0.707109
191 -1.9291 -0.2915 0.3807 0.364507 0.58334 -0.163786 0.707111
192 -1.93 -0.2929 0.3813 0.365276 0.582693 -0.164431 0.707108
193 -1.9308 -0.2943 0.3819 0.366062 0.582092 -0.164729 0.707113
194 -1.9316 -0.2957 0.3825 0.366889 0.581563 -0.164987 0.707098
195 -1.9324 -0.2971 0.3831 0.367271 0.581194 -0.165346 0.707104
196 -1.9333 -0.2985 0.3837 0.367651 0.580727 -0.166188 0.707101
197 -1.9336 -0.3006 0.3838 0.367338 0.581486 -0.164143 0.707106
198 -1.9344 -0.3022 0.3843 0.367774 0.580988 -0.164926 0.707106
199 -1.9358 -0.3027 0.3853 0.369482 0.579405 -0.166639 0.707108
200 -1.9364 -0.3042 0.3858 0.370097 0.578915 -0.166968 0.707108
201 -1.9371 -0.3054 0.3861 0.371273 0.578557 -0.16562 0.707107
202 -1.9378 -0.3068 0.3867 0.371437 0.57843 -0.16567 0.707108
203 -1.9384 -0.3083 0.3874 0.371451 0.577989 -0.167329 0.707098
204 -1.9392 -0.3096 0.3879 0.37198 0.577511 -0.167752 0.707101
205 -1.94 -0.311 0.3884 0.37209 0.577323 -0.168016 0.70711
206 -1.9407 -0.3121 0.389 0.372845 0.576747 -0.168258 0.707114
207 -1.9414 -0.3135 0.3895 0.372998 0.576645 -0.168322 0.707111
208 -1.9419 -0.3147 0.3901 0.373244 0.576497 -0.168359 0.707106
209 -1.9427 -0.316 0.3906 0.373417 0.576133 -0.1691 0.707114
210 -1.9434 -0.3173 0.3912 0.373433 0.576075 -0.169398 0.707105
211 -1.944 -0.3187 0.3917 0.373527 0.576033 -0.16929 0.707108
212 -1.9448 -0.3199 0.3922 0.373576 0.575785 -0.170015 0.707108
213 -1.9455 -0.3211 0.3927 0.374008 0.575551 -0.169838 0.70711
214 -1.9461 -0.3223 0.3933 0.373951 0.575485 -0.170131 0.707113
215 -1.9467 -0.3235 0.3938 0.373863 0.575497 -0.17055 0.707095
216 -1.9474 -0.3247 0.3943 0.373589 0.575505 -0.170928 0.707109
217 -1.9479 -0.3259 0.395 0.373493 0.575542 -0.171114 0.707102
218 -1.9487 -0.327 0.3955 0.373164 0.575453 -0.172092 0.707104
219 -1.9493 -0.3282 0.396 0.373216 0.575418 -0.17203 0.707109
220 -1.9498 -0.3293 0.3964 0.373005 0.575574 -0.171872 0.707115
221 -1.9505 -0.3305 0.3969 0.373043 0.575556 -0.171983 0.707106
222 -1.9511 -0.3319 0.3974 0.37306 0.575736 -0.171262 0.707111
223 -1.9519 -0.3325 0.398 0.370929 0.576598 -0.173062 0.707106
224 -1.9523 -0.3342 0.3983 0.373236 0.575426 -0.171986 0.707107
225 -1.9532 -0.3346 0.3991 0.370066 0.577004 -0.173526 0.707108
226 -1.9535 -0.3364 0.3993 0.372496 0.575954 -0.171786 0.70711
227 -1.9541 -0.3376 0.3997 0.371932 0.576319 -0.171869 0.707104
228 -1.9545 -0.3394 0.4 0.374118 0.575375 -0.170143 0.707113
229 -1.9548 -0.3406 0.4 0.374541 0.575824 -0.167802 0.707104
230 -1.9557 -0.3409 0.4012 0.370854 0.57714 -0.171256 0.707116
231 -1.9565 -0.3413 0.402 0.368196 0.578357 -0.17299 0.707109
232 -1.9569 -0.343 0.4021 0.370336 0.577691 -0.170738 0.707101
233 -1.9573 -0.3441 0.4026 0.370057 0.577927 -0.170499 0.707104
234 -1.9581 -0.3452 0.4031 0.369641 0.578091 -0.170789 0.707108
235 -1.9583 -0.3462 0.4035 0.36935 0.578691 -0.169399 0.707107
236 -1.9589 -0.3473 0.404 0.368704 0.578952 -0.169869 0.70711
237 -1.9594 -0.3484 0.4044 0.368411 0.57921 -0.169721 0.707104
238 -1.96 -0.3495 0.4048 0.368021 0.579538 -0.169371 0.707109
239 -1.9604 -0.3506 0.4051 0.367745 0.579755 -0.16929 0.707105
240 -1.9609 -0.3516 0.4056 0.366943 0.580228 -0.169387 0.707106
241 -1.9613 -0.3524 0.4061 0.366092 0.580836 -0.169057 0.707112
242 -1.9622 -0.3535 0.4065 0.366623 0.580349 -0.169565 0.707113
243 -1.9627 -0.3544 0.4068 0.36633 0.580604 -0.169415 0.707107
244 -1.9632 -0.3553 0.4073 0.366112 0.580553 -0.169954 0.707114
245 -1.9637 -0.3562 0.4077 0.365122 0.580852 -0.171173 0.707106
246 -1.9642 -0.3573 0.408 0.365455 0.580704 -0.170977 0.707105
247 -1.9647 -0.3582 0.4084 0.364933 0.580828 -0.171618 0.707109
248 -1.9652 -0.3592 0.4088 0.364907 0.580669 -0.172178 0.707111
249 -1.9653 -0.3604 0.4093 0.364612 0.581283 -0.170898 0.707099
250 -1.9662 -0.3611 0.4097 0.365312 0.580296 -0.172671 0.707104
251 -1.9668 -0.3619 0.4101 0.365561 0.57992 -0.173311 0.707111
252 -1.9673 -0.3628 0.4104 0.365383 0.579836 -0.174039 0.707106
253 -1.9683 -0.3629 0.4114 0.366092 0.57879 -0.175978 0.707109
254 -1.9685 -0.3647 0.4113 0.365452 0.579495 -0.17503 0.707106
255 -1.9689 -0.3656 0.4116 0.365631 0.57932 -0.175216 0.707107
256 -1.9689 -0.3674 0.4113 0.364107 0.580556 -0.174413 0.707099
257 -1.97 -0.3675 0.4123 0.365371 0.578997 -0.176796 0.707109
258 -1.9698 -0.3693 0.4119 0.364219 0.580757 -0.173429 0.707104
259 -1.9702 -0.3702 0.4122 0.363915 0.580836 -0.173676 0.707113
260 -1.9716 -0.3701 0.4135 0.365578 0.578308 -0.178596 0.70711
261 -1.9722 -0.3708 0.4139 0.365272 0.57818 -0.179726 0.707103
262 -1.9728 -0.3719 0.4142 0.365351 0.578044 -0.180015 0.707102
263 -1.9732 -0.3729 0.4146 0.365623 0.577709 -0.180398 0.707112
264 -1.9737 -0.3737 0.4149 0.365002 0.57781 -0.181415 0.707106
265 -1.9741 -0.3748 0.4152 0.365418 0.577407 -0.181815 0.707109
266 -1.9747 -0.3757 0.4155 0.365266 0.577187 -0.182866 0.707106
267 -1.9752 -0.3767 0.4158 0.365195 0.577151 -0.18309 0.707108
268 -1.9756 -0.3774 0.4162 0.365307 0.576884 -0.183708 0.707108
269 -1.9761 -0.3783 0.4165 0.364897 0.576858 -0.184585 0.707109
270 -1.9767 -0.3792 0.4169 0.364922 0.576696 -0.185216 0.707097
271 -1.9772 -0.3801 0.4171 0.364427 0.576565 -0.186404 0.70711
272 -1.9775 -0.381 0.4173 0.363824 0.576903 -0.186488 0.707114
273 -1.9783 -0.3818 0.4178 0.364049 0.576464 -0.187584 0.707101
274 -1.9791 -0.3827 0.4181 0.364122 0.575828 -0.189421 0.707098
275 -1.9794 -0.3835 0.4185 0.363636 0.575961 -0.189772 0.707111
276 -1.98 -0.3844 0.4187 0.364093 0.575691 -0.189668 0.707115
277 -1.9807 -0.3852 0.419 0.364165 0.575348 -0.190695 0.707105
278 -1.981 -0.3861 0.4193 0.364623 0.5749 -0.191099 0.707111
279 -1.9814 -0.387 0.4195 0.364358 0.574887 -0.191736 0.707104
280 -1.9823 -0.3878 0.4199 0.363589 0.574795 -0.193527 0.707099
281 -1.983 -0.3887 0.4201 0.363563 0.5746 -0.193981 0.707112
282 -1.9834 -0.3896 0.4203 0.364158 0.574255 -0.193968 0.707106
283 -1.9837 -0.3905 0.4206 0.364384 0.574136 -0.194022 0.707096
284 -1.9846 -0.3914 0.4208 0.364316 0.573744 -0.195185 0.707106
285 -1.9852 -0.3923 0.4211 0.365034 0.573426 -0.194723 0.70711
286 -1.9855 -0.393 0.4215 0.364111 0.573431 -0.196443 0.707109
287 -1.986 -0.3937 0.4217 0.364107 0.573251 -0.196947 0.707111
288 -1.9866 -0.3945 0.422 0.363964 0.573003 -0.198008 0.707105
289 -1.9872 -0.3953 0.4223 0.363937 0.572748 -0.198666 0.707115
290 -1.9878 -0.3961 0.4226 0.363741 0.572771 -0.199078 0.707106
291 -1.9884 -0.397 0.4228 0.363622 0.57268 -0.199542 0.707107
292 -1.9889 -0.3978 0.4231 0.363479 0.572669 -0.19989 0.707102
293 -1.9895 -0.3987 0.4232 0.363648 0.572487 -0.200072 0.707105
294 -1.99 -0.3994 0.4235 0.36375 0.572334 -0.200382 0.7071
295 -1.9907 -0.4002 0.4237 0.363194 0.572435 -0.201061 0.707103
296 -1.9913 -0.401 0.424 0.363218 0.572299 -0.201383 0.707105
297 -1.9918 -0.4017 0.4243 0.36275 0.572715 -0.201085 0.707102
298 -1.9925 -0.4025 0.4245 0.362588 0.572451 -0.20202 0.70711
299 -1.9931 -0.4033 0.4247 0.362053 0.572568 -0.202748 0.707102
300 -1.9938 -0.4041 0.4249 0.361635 0.572801 -0.202846 0.707102
301 -1.9943 -0.4049 0.4251 0.36159 0.572806 -0.202883 0.707104
302 -1.9949 -0.4056 0.4254 0.361435 0.572667 -0.203522 0.707106
303 -1.9955 -0.4065 0.4255 0.361258 0.572722 -0.203635 0.70711
304 -1.9962 -0.407 0.426 0.359589 0.573466 -0.204472 0.707111
305 -1.997 -0.4075 0.4266 0.358384 0.573323 -0.207065 0.707104
306 -1.9977 -0.4082 0.4269 0.358112 0.573273 -0.207658 0.707105
307 -1.9985 -0.409 0.4271 0.35786 0.57338 -0.207726 0.707111
308 -1.9987 -0.4101 0.4266 0.360028 0.573257 -0.20441 0.707101
309 -1.9998 -0.4105 0.4276 0.356957 0.57372 -0.208436 0.707103
310 -2 -0.4116 0.427 0.35969 0.573294 -0.204929 0.707099
311 -2.0008 -0.412 0.4274 0.358154 0.573863 -0.205912 0.707108
312 -2.0014 -0.4128 0.4276 0.357973 0.574096 -0.205589 0.707107
313 -2.0024 -0.4122 0.4283 0.35276 0.576263 -0.208496 0.707109
314 -2.0028 -0.4142 0.428 0.357758 0.574225 -0.205649 0.707103
315 -2.0035 -0.4147 0.4283 0.357169 0.574424 -0.206027 0.707111
316 -2.0042 -0.4153 0.4285 0.357099 0.574452 -0.206152 0.707104
317 -2.0047 -0.4165 0.4283 0.359187 0.573743 -0.204426 0.707109
318 -2.0052 -0.4172 0.4285 0.359151 0.573875 -0.204168 0.707106
319 -2.0059 -0.4179 0.4288 0.358523 0.57417 -0.204348 0.707113
320 -2.0064 -0.4185 0.4289 0.358765 0.574209 -0.203876 0.707108
321 -2.007 -0.4191 0.4291 0.358438 0.574485 -0.20369 0.707107
322 -2.0083 -0.419 0.4302 0.356975 0.57448 -0.20614 0.707116
323 -2.0086 -0.4204 0.4296 0.356857 0.575269 -0.204237 0.707108
324 -2.0085 -0.422 0.4293 0.357018 0.576726 -0.199829 0.707105
325 -2.0091 -0.4227 0.4295 0.357036 0.576878 -0.199301 0.70711
326 -2.0104 -0.4227 0.4299 0.357664 0.575649 -0.201788 0.707104
327 -2.0105 -0.424 0.4299 0.35664 0.577124 -0.199444 0.707099
328 -2.011 -0.4246 0.4301 0.356457 0.577353 -0.199119 0.707098
329 -2.0124 -0.4247 0.4305 0.357379 0.575941 -0.201392 0.707109
330 -2.0124 -0.4259 0.4304 0.355947 0.577758 -0.198669 0.707112
331 -2.0137 -0.4259 0.4308 0.357006 0.576277 -0.201037 0.707114
332 -2.0142 -0.4266 0.4309 0.356736 0.576495 -0.200957 0.707108
333 -2.0151 -0.4266 0.4317 0.357174 0.576279 -0.20092 0.707099
334 -2.0156 -0.4279 0.4314 0.356185 0.576773 -0.201123 0.70711
335 -2.0157 -0.4289 0.4313 0.354966 0.578345 -0.198749 0.70711
336 -2.0164 -0.4295 0.4315 0.354952 0.57845 -0.198401 0.707115
337 -2.0171 -0.4301 0.4317 0.354706 0.578533 -0.19864 0.707112
338 -2.0179 -0.4309 0.4319 0.354752 0.578472 -0.198808 0.707106
339 -2.0184 -0.4313 0.4322 0.354551 0.578494 -0.199214 0.707097
340 -2.0196 -0.4315 0.4325 0.355441 0.577307 -0.200992 0.707103
341 -2.0203 -0.4321 0.4327 0.355387 0.577244 -0.20112 0.707114
342 -2.0205 -0.4331 0.4326 0.354296 0.578563 -0.199341 0.707107
343 -2.0217 -0.4333 0.433 0.355097 0.577253 -0.201771 0.707102
344 -2.022 -0.4348 0.4325 0.353867 0.578317 -0.200836 0.707105
345 -2.0229 -0.4347 0.4334 0.355525 0.57735 -0.200746 0.707101
346 -2.0236 -0.4353 0.4336 0.355202 0.577392 -0.201202 0.707101
347 -2.0243 -0.4359 0.4337 0.354988 0.577278 -0.20176 0.707112
348 -2.0249 -0.4364 0.434 0.354717 0.577383 -0.202087 0.7071
349 -2.0254 -0.4371 0.4342 0.355398 0.577223 -0.201263 0.707106
350 -2.0262 -0.4375 0.4344 0.354826 0.576936 -0.203066 0.707108
351 -2.0267 -0.4382 0.4345 0.355151 0.576896 -0.202612 0.707108
352 -2.0275 -0.4388 0.4348 0.35529 0.576647 -0.203146 0.707103
353 -2.028 -0.4393 0.4348 0.354904 0.577034 -0.202647 0.707109
354 -2.0287 -0.44 0.4351 0.355112 0.576701 -0.20326 0.707106
355 -2.0292 -0.4407 0.4353 0.355689 0.576812 -0.201893 0.707109
356 -2.03 -0.4412 0.4355 0.355135 0.576565 -0.203578 0.707108
357 -2.0306 -0.4417 0.4357 0.355033 0.576547 -0.203882 0.707102
358 -2.0312 -0.4423 0.4359 0.354954 0.576449 -0.2043 0.707102
359 -2.0319 -0.443 0.4361 0.354767 0.576376 -0.204708 0.707112
360 -2.0324 -0.4435 0.4363 0.354978 0.57637 -0.204415 0.707107
361 -2.033 -0.444 0.4365 0.354584 0.576494 -0.204789 0.707104
362 -2.0335 -0.4446 0.4367 0.354607 0.576415 -0.204903 0.70711
363 -2.0341 -0.4451 0.4369 0.354134 0.576497 -0.205492 0.707109
364 -2.0346 -0.4458 0.4371 0.35435 0.57637 -0.205434 0.707113
365 -2.0353 -0.4464 0.4373 0.354216 0.576361 -0.205715 0.707111
366 -2.0357 -0.447 0.4374 0.353845 0.576323 -0.206578 0.707101
367 -2.0363 -0.4476 0.4376 0.353767 0.576281 -0.206793 0.707104
368 -2.0369 -0.4482 0.4379 0.353638 0.576131 -0.207447 0.707103
369 -2.0376 -0.4488 0.4381 0.354019 0.576003 -0.207133 0.707104
370 -2.038 -0.4494 0.4386 0.353806 0.576485 -0.206111 0.707108
371 -2.0387 -0.4499 0.4385 0.353878 0.575667 -0.208281 0.707106
372 -2.0393 -0.4505 0.4387 0.353527 0.57563 -0.20888 0.707114
373 -2.0398 -0.4511 0.4389 0.353491 0.575525 -0.20926 0.707112
374 -2.0403 -0.4516 0.4391 0.353484 0.575411 -0.209663 0.707105
375 -2.0408 -0.4522 0.4393 0.353251 0.575495 -0.209841 0.707104
376 -2.0413 -0.4528 0.4394 0.353273 0.575415 -0.209954 0.70711
377 -2.0419 -0.4534 0.4397 0.353237 0.57531 -0.210334 0.707107
378 -2.0424 -0.4541 0.4398 0.353495 0.575119 -0.210444 0.707105
379 -2.0429 -0.4546 0.44 0.353094 0.575184 -0.211016 0.707099
380 -2.0434 -0.4552 0.4401 0.352995 0.575123 -0.211176 0.707113
381 -2.0439 -0.4558 0.4403 0.35273 0.575016 -0.211903 0.707113
382 -2.0444 -0.4563 0.4405 0.352403 0.575065 -0.21246 0.707102
383 -2.0448 -0.4568 0.4408 0.352129 0.575069 -0.212842 0.707107
384 -2.0453 -0.4573 0.4409 0.351752 0.575109 -0.213322 0.707109
385 -2.0459 -0.4579 0.4411 0.351896 0.575009 -0.213389 0.707107
386 -2.0464 -0.4584 0.4413 0.351594 0.575035 -0.213856 0.707103
387 -2.0469 -0.4589 0.4414 0.351555 0.574928 -0.214235 0.707101
388 -2.0472 -0.4594 0.4416 0.35104 0.574955 -0.214991 0.707102
389 -2.0475 -0.46 0.4417 0.351726 0.574622 -0.214648 0.707111
390 -2.048 -0.4605 0.4419 0.351498 0.574449 -0.215537 0.707107
391 -2.0485 -0.461 0.4421 0.351383 0.574355 -0.215927 0.707111
392 -2.049 -0.4616 0.4423 0.351194 0.574289 -0.216437 0.707109
393 -2.0495 -0.4621 0.4425 0.351188 0.57423 -0.216637 0.707106
394 -2.0499 -0.4626 0.4427 0.350741 0.574354 -0.217036 0.707105
395 -2.0503 -0.4631 0.4428 0.350784 0.574206 -0.217368 0.707105
396 -2.0508 -0.4635 0.443 0.350743 0.574098 -0.217745 0.707103
397 -2.0512 -0.464 0.4432 0.3505 0.573977 -0.218486 0.7071
398 -2.0516 -0.4645 0.4433 0.350533 0.57384 -0.218742 0.707104
399 -2.0521 -0.465 0.4435 0.350779 0.573704 -0.218709 0.707104
400 -2.0525 -0.4654 0.4436 0.351046 0.573486 -0.218788 0.707109
401 -2.0529 -0.466 0.4438 0.351182 0.573371 -0.218954 0.707102
402 -2.0535 -0.4663 0.444 0.350883 0.573136 -0.219917 0.707113
403 -2.0538 -0.467 0.4441 0.351378 0.573067 -0.219496 0.707097
404 -2.0546 -0.4672 0.4445 0.350621 0.572593 -0.221826 0.707106
405 -2.0547 -0.4677 0.4444 0.351083 0.572631 -0.220966 0.707108
406 -2.0551 -0.4682 0.4446 0.35135 0.572411 -0.221044 0.707114
407 -2.0556 -0.4686 0.4448 0.351372 0.572229 -0.221605 0.707103
408 -2.056 -0.4691 0.4449 0.350954 0.572215 -0.222255 0.707107
409 -2.0564 -0.4696 0.4451 0.35089 0.5721 -0.222684 0.707105
410 -2.0567 -0.4701 0.4453 0.350984 0.571701 -0.223556 0.707105
411 -2.0575 -0.4705 0.4455 0.350348 0.57161 -0.224761 0.707107
412 -2.0579 -0.471 0.4457 0.349944 0.571525 -0.225625 0.707105
413 -2.0579 -0.4714 0.4457 0.350665 0.571488 -0.22454 0.70711
414 -2.0583 -0.4718 0.4458 0.350729 0.571328 -0.224888 0.707107
415 -2.0586 -0.4722 0.446 0.350371 0.571238 -0.225719 0.707103
416 -2.059 -0.4726 0.4462 0.350475 0.571114 -0.225783 0.70711
417 -2.0593 -0.4731 0.4463 0.35036 0.571003 -0.22624 0.70711
418 -2.0597 -0.4735 0.4465 0.35048 0.570781 -0.226699 0.707103
419 -2.06 -0.474 0.4466 0.350527 0.570689 -0.226829 0.707106
420 -2.0604 -0.4745 0.4467 0.35064 0.570393 -0.227377 0.707107
421 -2.0607 -0.475 0.4468 0.350374 0.570525 -0.22746 0.707107
422 -2.061 -0.4754 0.4469 0.350269 0.570473 -0.227719 0.70711
423 -2.0615 -0.4759 0.447 0.350418 0.570228 -0.228091 0.707111
424 -2.0617 -0.4764 0.4471 0.350669 0.570165 -0.22797 0.707102
425 -2.062 -0.4767 0.4473 0.350267 0.569934 -0.229131 0.707104
426 -2.0623 -0.477 0.4475 0.349858 0.570078 -0.229306 0.707112
427 -2.0627 -0.4774 0.4478 0.349861 0.569975 -0.229535 0.707114
428 -2.0631 -0.4779 0.4478 0.350394 0.569826 -0.229207 0.707104
429 -2.0634 -0.4782 0.4478 0.350959 0.569406 -0.229369 0.707106
430 -2.0637 -0.4786 0.4479 0.351078 0.569299 -0.229486 0.707103
431 -2.064 -0.4789 0.448 0.3506 0.569416 -0.22992 0.707103
432 -2.0643 -0.4793 0.4481 0.35076 0.56923 -0.230096 0.707107
433 -2.0645 -0.4795 0.4484 0.350018 0.569217 -0.231251 0.707107
434 -2.065 -0.48 0.4483 0.350907 0.568851 -0.230874 0.707101
435 -2.0653 -0.4803 0.4483 0.351053 0.568603 -0.231244 0.707103
436 -2.0655 -0.4807 0.4483 0.350793 0.568591 -0.231627 0.707106
437 -2.0658 -0.4809 0.4485 0.350888 0.568477 -0.231791 0.707104
438 -2.066 -0.4813 0.4486 0.350754 0.568433 -0.232027 0.70711
439 -2.0664 -0.4816 0.4487 0.350594 0.568266 -0.232651 0.707113
440 -2.0667 -0.4819 0.4488 0.350567 0.568143 -0.233038 0.707108
441 -2.067 -0.4823 0.4489 0.350645 0.567983 -0.233328 0.707107
442 -2.067 -0.4832 0.4484 0.349938 0.568892 -0.232166 0.707107
443 -2.0676 -0.4827 0.449 0.350268 0.567797 -0.234299 0.707111
444 -2.0679 -0.4831 0.4491 0.350732 0.567487 -0.234469 0.707101
445 -2.0682 -0.4834 0.4492 0.350697 0.567287 -0.234945 0.707106
446 -2.0678 -0.4841 0.4492 0.35021 0.568754 -0.232208 0.707098
447 -2.0688 -0.4839 0.4493 0.351104 0.566637 -0.235875 0.707109
448 -2.0683 -0.4847 0.4492 0.350456 0.56822 -0.233055 0.707105
449 -2.0694 -0.4843 0.4494 0.351541 0.565919 -0.236966 0.707107
450 -2.0688 -0.4853 0.4493 0.350789 0.567734 -0.233696 0.707109
451 -2.069 -0.4855 0.4493 0.35118 0.567436 -0.233879 0.707105
452 -2.0702 -0.485 0.4496 0.352642 0.564734 -0.238124 0.70711
453 -2.0695 -0.4861 0.4494 0.351632 0.566931 -0.234477 0.7071
454 -2.0708 -0.4855 0.4497 0.353277 0.563966 -0.239057 0.707105
455 -2.071 -0.4857 0.4497 0.353885 0.563382 -0.23949 0.707109
456 -2.0714 -0.4859 0.4498 0.353668 0.563036 -0.240618 0.707109
457 -2.0714 -0.4865 0.4496 0.353927 0.563097 -0.240211 0.707099
458 -2.0716 -0.4867 0.4495 0.353929 0.562811 -0.240743 0.70711
459 -2.0718 -0.4869 0.4497 0.354284 0.562533 -0.241009 0.707098
460 -2.0724 -0.4867 0.4501 0.355144 0.561202 -0.24273 0.707108
461 -2.0726 -0.4869 0.45 0.355523 0.560639 -0.243477 0.707108
462 -2.0728 -0.4872 0.45 0.355643 0.560333 -0.243967 0.707111
463 -2.073 -0.4873 0.4501 0.355994 0.559899 -0.244531 0.707104
464 -2.0735 -0.4875 0.4501 0.3567 0.559087 -0.245342 0.707106
465 -2.0736 -0.4877 0.4502 0.356865 0.558622 -0.246098 0.707111
466 -2.0739 -0.4879 0.4502 0.357364 0.558218 -0.246324 0.707108
467 -2.0744 -0.4878 0.4505 0.35813 0.556848 -0.248226 0.707115
468 -2.0744 -0.4881 0.4504 0.35785 0.557167 -0.247919 0.707115
469 -2.0748 -0.4882 0.4505 0.358553 0.556272 -0.248937 0.707112
470 -2.0748 -0.4885 0.4504 0.358785 0.556234 -0.248733 0.707108
471 -2.0751 -0.4886 0.4504 0.359421 0.555504 -0.249462 0.707107
472 -2.0756 -0.4888 0.4506 0.359887 0.554717 -0.250471 0.707113
473 -2.0756 -0.489 0.4505 0.360172 0.554459 -0.250674 0.707109
474 -2.0773 -0.4878 0.4516 0.362392 0.550553 -0.256016 0.70711
475 -2.0774 -0.488 0.4516 0.362912 0.550067 -0.256401 0.707103
476 -2.0764 -0.4893 0.4509 0.362008 0.552674 -0.252077 0.707099
477 -2.0765 -0.4894 0.4509 0.362279 0.552098 -0.252871 0.707106
478 -2.0768 -0.4896 0.4509 0.362719 0.551501 -0.253596 0.707101
479 -2.077 -0.4897 0.4509 0.363186 0.550937 -0.254091 0.707107
480 -2.0777 -0.4892 0.4515 0.36393 0.549286 -0.256634 0.707103
481 -2.0775 -0.4899 0.4509 0.363993 0.549672 -0.255757 0.707099
482 -2.0777 -0.4901 0.451 0.364902 0.548912 -0.256062 0.707102
483 -2.0781 -0.4897 0.4516 0.366267 0.547348 -0.257416 0.707106
484 -2.0781 -0.4904 0.451 0.366379 0.547211 -0.257584 0.707103
485 -2.0782 -0.4907 0.4508 0.36721 0.546483 -0.257794 0.707117
486 -2.0786 -0.4903 0.4516 0.368087 0.545498 -0.258771 0.707103
487 -2.0788 -0.4908 0.4511 0.368715 0.544669 -0.259566 0.707109
488 -2.079 -0.4909 0.451 0.369282 0.543829 -0.260597 0.707101
489 -2.0791 -0.4912 0.451 0.37 0.5432 -0.260892 0.707101
490 -2.0794 -0.4913 0.451 0.370889 0.542291 -0.261514 0.707102
491 -2.0796 -0.4914 0.4511 0.371669 0.541159 -0.262628 0.707113
492 -2.0799 -0.4914 0.4512 0.372468 0.540273 -0.263367 0.707109
493 -2.0801 -0.4914 0.4513 0.373206 0.539307 -0.264353 0.707104
494 -2.0803 -0.4915 0.4514 0.374262 0.538333 -0.264864 0.707102
495 -2.0805 -0.4916 0.4515 0.374952 0.537445 -0.265661 0.707104
496 -2.0807 -0.4917 0.4515 0.375875 0.536434 -0.266459 0.707099
497 -2.0809 -0.4918 0.4516 0.376607 0.535451 -0.267298 0.707109
498 -2.0811 -0.4919 0.4517 0.37717 0.534459 -0.268515 0.707106
499 -2.0813 -0.4921 0.4517 0.378038 0.53362 -0.26902 0.707101
500 -2.0815 -0.4922 0.4517 0.378529 0.532636 -0.270239 0.707104
501 -2.0817 -0.4923 0.4517 0.379062 0.53171 -0.27129 0.707106
502 -2.0818 -0.4924 0.4518 0.379577 0.530791 -0.272313 0.707112
503 -2.0822 -0.4927 0.4517 0.380992 0.529753 -0.272413 0.707106
504 -2.0822 -0.4928 0.4518 0.381237 0.529012 -0.273559 0.707101
505 -2.0824 -0.493 0.4518 0.382062 0.527997 -0.274319 0.707106
506 -2.0825 -0.4931 0.4518 0.382623 0.527219 -0.275097 0.7071
507 -2.0827 -0.4932 0.4518 0.383249 0.526486 -0.275589 0.707104
508 -2.0828 -0.4934 0.4518 0.3838 0.525615 -0.276437 0.707108
509 -2.083 -0.4935 0.4519 0.384515 0.524786 -0.277083 0.707102
510 -2.0831 -0.4937 0.4519 0.385281 0.523761 -0.277864 0.707111
511 -2.0833 -0.4938 0.4519 0.386096 0.522887 -0.27841 0.707108
512 -2.0835 -0.4939 0.452 0.386741 0.522066 -0.279055 0.707108
513 -2.0836 -0.494 0.452 0.387487 0.521202 -0.279601 0.707111
514 -2.0837 -0.4941 0.452 0.388173 0.520441 -0.28008 0.70711
515 -2.0839 -0.4942 0.4521 0.388859 0.519678 -0.280559 0.707109
516 -2.084 -0.4944 0.452 0.389877 0.518908 -0.280553 0.70711
517 -2.0841 -0.4945 0.4521 0.390368 0.518214 -0.281255 0.7071
518 -2.0842 -0.4946 0.4521 0.391196 0.517411 -0.281569 0.707101
519 -2.0843 -0.4947 0.4521 0.39204 0.516493 -0.282008 0.707109
520 -2.0844 -0.4949 0.452 0.392895 0.515865 -0.282028 0.707103
521 -2.0848 -0.4951 0.452 0.394451 0.51499 -0.281516 0.707097
522 -2.0849 -0.4951 0.4519 0.395089 0.513989 -0.282342 0.707107
523 -2.085 -0.4953 0.4519 0.395856 0.513283 -0.282582 0.707104
524 -2.0851 -0.4953 0.4519 0.396547 0.512557 -0.282791 0.707118
525 -2.0852 -0.4954 0.452 0.397097 0.512164 -0.282905 0.707101
526 -2.0853 -0.4955 0.4519 0.397964 0.511354 -0.283138 0.707102
527 -2.0854 -0.4957 0.4521 0.398269 0.510999 -0.283323 0.707105
528 -2.0855 -0.4957 0.4519 0.399113 0.510267 -0.283392 0.707111
529 -2.0856 -0.4958 0.4519 0.399575 0.509636 -0.283924 0.707106
530 -2.0856 -0.496 0.4518 0.40045 0.50914 -0.283605 0.707104
531 -2.0857 -0.496 0.4518 0.400721 0.508648 -0.284076 0.707107
532 -2.0858 -0.4962 0.4518 0.401405 0.50835 -0.283601 0.707111
533 -2.0859 -0.4963 0.4517 0.40229 0.50784 -0.283311 0.707106
534 -2.086 -0.4964 0.4518 0.402359 0.507432 -0.28398 0.707102
535 -2.086 -0.4965 0.4517 0.403332 0.507119 -0.283072 0.707111
536 -2.0861 -0.4967 0.4517 0.403868 0.5069 -0.282757 0.707105
537 -2.0862 -0.4968 0.4516 0.404137 0.506739 -0.282647 0.707107
538 -2.0862 -0.497 0.4516 0.404773 0.506476 -0.28223 0.707104
539 -2.0862 -0.4971 0.4516 0.404574 0.506459 -0.282527 0.707106
540 -2.0863 -0.4973 0.4516 0.405177 0.506118 -0.282305 0.707103
541 -2.0863 -0.4974 0.4515 0.405922 0.50597 -0.281427 0.70711
542 -2.0864 -0.4976 0.4515 0.405922 0.50597 -0.281427 0.70711
543 -2.0862 -0.4976 0.4514 0.406496 0.506101 -0.280373 0.707109
544 -2.0863 -0.4979 0.4513 0.408012 0.505867 -0.278617 0.707106
545 -2.0864 -0.498 0.4515 0.406621 0.50586 -0.280611 0.707111
546 -2.0865 -0.4982 0.4514 0.407926 0.505681 -0.279028 0.707111
547 -2.0864 -0.4983 0.4514 0.407194 0.505933 -0.279643 0.707111
548 -2.0864 -0.4984 0.4515 0.407473 0.505862 -0.279469 0.707101
549 -2.0864 -0.4985 0.4514 0.407791 0.505923 -0.278835 0.707107
550 -2.0864 -0.4986 0.4513 0.408541 0.505759 -0.277983 0.707112
551 -2.0863 -0.4988 0.4515 0.408466 0.505721 -0.278246 0.707103
552 -2.0863 -0.4989 0.4515 0.408554 0.505689 -0.278107 0.70711
553 -2.0863 -0.499 0.4514 0.408843 0.505991 -0.277124 0.707111
554 -2.0864 -0.4992 0.4513 0.409561 0.505749 -0.276468 0.707114
555 -2.0864 -0.4994 0.4512 0.410388 0.505598 -0.275637 0.707102
556 -2.0864 -0.4995 0.4512 0.410307 0.505685 -0.275513 0.707111
557 -2.0864 -0.4997 0.4513 0.410833 0.505303 -0.275543 0.7071
558 -2.0864 -0.4996 0.4513 0.410513 0.505255 -0.275968 0.707113
559 -2.0864 -0.4998 0.4512 0.411531 0.505512 -0.273909 0.70712
560 -2.0864 -0.4999 0.4511 0.411991 0.505464 -0.27339 0.707112
561 -2.0864 -0.5001 0.4511 0.412759 0.505211 -0.272688 0.707113
562 -2.0864 -0.5003 0.451 0.413875 0.504919 -0.271538 0.707112
563 -2.0864 -0.5003 0.4512 0.412766 0.504715 -0.273708 0.707101
564 -2.0863 -0.5006 0.4509 0.415001 0.504556 -0.270508 0.707111
565 -2.0863 -0.5007 0.4509 0.415528 0.504383 -0.270082 0.707105
566 -2.0862 -0.501 0.451 0.416498 0.503651 -0.269834 0.707117
567 -2.0862 -0.501 0.4509 0.416581 0.503878 -0.26941 0.707104
568 -2.0861 -0.5013 0.4509 0.417605 0.502981 -0.269486 0.707106
569 -2.0861 -0.5014 0.4508 0.418201 0.503156 -0.268242 0.707105
570 -2.0861 -0.5016 0.4508 0.41856 0.502943 -0.268014 0.707111
571 -2.086 -0.5019 0.4509 0.419595 0.502186 -0.267758 0.707117
572 -2.086 -0.5019 0.4508 0.419568 0.502425 -0.267414 0.707111
573 -2.0859 -0.5022 0.4508 0.420354 0.501869 -0.267305 0.707103
574 -2.0858 -0.5022 0.4507 0.420685 0.501893 -0.266731 0.707104
575 -2.0857 -0.5024 0.4507 0.420933 0.501793 -0.266482 0.707108
576 -2.0857 -0.5026 0.4507 0.421691 0.50137 -0.266126 0.707103
577 -2.0855 -0.5027 0.4506 0.422254 0.501046 -0.265728 0.707114
578 -2.0854 -0.5029 0.4506 0.422957 0.500731 -0.265311 0.707104
579 -2.0853 -0.5031 0.4506 0.423245 0.50048 -0.265347 0.707102
580 -2.0853 -0.5034 0.4506 0.424259 0.500203 -0.26406 0.70712
581 -2.0852 -0.5035 0.4506 0.424289 0.499701 -0.265122 0.707105
582 -2.0851 -0.5037 0.4506 0.424674 0.499402 -0.265052 0.707106
583 -2.085 -0.5039 0.4507 0.425713 0.499041 -0.263927 0.707119
584 -2.0848 -0.504 0.4505 0.425511 0.499096 -0.264363 0.707098
585 -2.0847 -0.5042 0.4505 0.426277 0.498394 -0.264321 0.707111
586 -2.0846 -0.5043 0.4505 0.426564 0.498353 -0.263906 0.707114
587 -2.0845 -0.5045 0.4504 0.427045 0.49821 -0.263529 0.707102
588 -2.0844 -0.5046 0.4505 0.427441 0.498104 -0.263052 0.707105
589 -2.0843 -0.5048 0.4505 0.42792 0.497858 -0.262774 0.707102
590 -2.0838 -0.505 0.4503 0.429133 0.497402 -0.261635 0.707104
591 -2.084 -0.5051 0.4503 0.428957 0.497017 -0.262615 0.707107
592 -2.0838 -0.5053 0.4502 0.429394 0.496709 -0.262498 0.707106
593 -2.0837 -0.5054 0.4502 0.429722 0.496516 -0.262366 0.707102
594 -2.0835 -0.5056 0.4501 0.430432 0.496021 -0.262158 0.7071
595 -2.0835 -0.5055 0.4502 0.429381 0.496149 -0.263473 0.707116
596 -2.0833 -0.5058 0.4501 0.430187 0.496022 -0.262513 0.707105
597 -2.0831 -0.5061 0.45 0.431657 0.495181 -0.261678 0.707105
598 -2.083 -0.5062 0.4499 0.431627 0.495263 -0.261514 0.707111
599 -2.0827 -0.5064 0.4499 0.431985 0.494673 -0.262092 0.707106
600 -2.0825 -0.5066 0.4498 0.432664 0.494257 -0.261715 0.70711
601 -2.0825 -0.5066 0.4497 0.432336 0.494452 -0.261849 0.707114
602 -2.0822 -0.5069 0.4497 0.433565 0.493551 -0.261635 0.707102
603 -2.082 -0.5071 0.4496 0.434171 0.493156 -0.261252 0.707114
604 -2.0818 -0.5073 0.4495 0.434636 0.49276 -0.261293 0.707108
605 -2.0816 -0.5074 0.4494 0.435312 0.492342 -0.260911 0.707112
606 -2.0818 -0.5076 0.4493 0.436629 0.491382 -0.260537 0.70711
607 -2.0812 -0.5078 0.4492 0.4364 0.491635 -0.260509 0.707104
608 -2.081 -0.508 0.4491 0.437022 0.491324 -0.260068 0.707102
609 -2.0807 -0.508 0.4489 0.437239 0.491558 -0.259372 0.707092
610 -2.0806 -0.5083 0.4489 0.438287 0.490674 -0.259071 0.707112
611 -2.0804 -0.5085 0.4488 0.438753 0.490579 -0.258402 0.707117
612 -2.0801 -0.5086 0.4488 0.438345 0.49077 -0.258925 0.707099
613 -2.0799 -0.5088 0.4486 0.439317 0.490639 -0.257423 0.707108
614 -2.0797 -0.509 0.4485 0.439706 0.490576 -0.256907 0.707105
615 -2.0813 -0.5093 0.4491 0.440772 0.487209 -0.261394 0.707111
616 -2.0791 -0.5094 0.4483 0.440375 0.490517 -0.255933 0.707099
617 -2.0788 -0.5093 0.4481 0.440468 0.490818 -0.255049 0.707113
618 -2.0786 -0.5097 0.4481 0.440809 0.490606 -0.25499 0.707102
619 -2.0783 -0.5098 0.4479 0.441163 0.490625 -0.254305 0.707105
620 -2.078 -0.51 0.4478 0.44155 0.49056 -0.253786 0.707102
621 -2.0776 -0.5101 0.4478 0.441517 0.490644 -0.25362 0.707108
622 -2.0774 -0.5103 0.4477 0.441779 0.490713 -0.253041 0.707107
623 -2.077 -0.5105 0.4476 0.442102 0.490916 -0.252085 0.707107
624 -2.0767 -0.5106 0.4474 0.442308 0.490992 -0.251552 0.707109
625 -2.0763 -0.5108 0.4473 0.442444 0.491194 -0.250913 0.70711
626 -2.076 -0.511 0.4472 0.4429 0.491093 -0.250231 0.707116
627 -2.0757 -0.511 0.4471 0.442817 0.491387 -0.249906 0.707106
628 -2.0753 -0.5112 0.447 0.443491 0.491304 -0.248965 0.707098
629 -2.0751 -0.5114 0.4468 0.4438 0.491261 -0.248436 0.707103
630 -2.0748 -0.5115 0.4467 0.443788 0.491521 -0.247951 0.707103
631 -2.0745 -0.5115 0.4466 0.444077 0.491403 -0.247637 0.707106
632 -2.0742 -0.5117 0.4465 0.444675 0.491342 -0.246688 0.707105
633 -2.0738 -0.5118 0.4463 0.444983 0.4914 -0.246052 0.707102
634 -2.0735 -0.512 0.4462 0.445522 0.491206 -0.245481 0.7071
635 -2.0732 -0.512 0.4461 0.445702 0.491296 -0.24489 0.707108
636 -2.0728 -0.5122 0.4459 0.446366 0.491106 -0.244041 0.70711
637 -2.0724 -0.5124 0.4458 0.446743 0.491229 -0.243134 0.707107
638 -2.0721 -0.5125 0.4456 0.446905 0.491344 -0.242653 0.707102
639 -2.0717 -0.5126 0.4454 0.447404 0.491331 -0.241801 0.707098
640 -2.0713 -0.5127 0.4453 0.44767 0.491329 -0.241323 0.707097
641 -2.0709 -0.5128 0.4451 0.448166 0.491214 -0.240574 0.707103
642 -2.0705 -0.513 0.445 0.448623 0.491182 -0.239654 0.707115
643 -2.0702 -0.513 0.4449 0.448783 0.491258 -0.239396 0.707097
644 -2.0698 -0.5132 0.4447 0.449608 0.49105 -0.23804 0.707118
645 -2.0695 -0.5134 0.4445 0.449909 0.491064 -0.237619 0.707102
646 -2.0691 -0.5134 0.4444 0.450294 0.491064 -0.236857 0.707105
647 -2.0686 -0.5136 0.4442 0.451064 0.490924 -0.235665 0.707106
648 -2.0683 -0.5137 0.4441 0.451624 0.490778 -0.234906 0.707105
649 -2.0678 -0.5137 0.444 0.451935 0.490765 -0.234365 0.707102
650 -2.0674 -0.5138 0.4438 0.452471 0.490637 -0.233547 0.707107
651 -2.0671 -0.5139 0.4436 0.453046 0.490426 -0.232897 0.707105
652 -2.0667 -0.514 0.4435 0.453514 0.490232 -0.23235 0.707109
653 -2.0663 -0.5141 0.4434 0.454162 0.489992 -0.2317 0.707099
654 -2.0659 -0.5142 0.4432 0.454641 0.489871 -0.230927 0.707107
655 -2.0654 -0.5143 0.443 0.455321 0.489585 -0.230214 0.707105
656 -2.0651 -0.5143 0.4429 0.455837 0.489281 -0.229717 0.707116
657 -2.0647 -0.5144 0.4428 0.455906 0.489209 -0.229775 0.707112
658 -2.0643 -0.5145 0.4426 0.456594 0.488995 -0.228834 0.707115
659 -2.064 -0.5146 0.4424 0.457197 0.488388 -0.22901 0.707107
660 -2.0635 -0.5147 0.4423 0.457397 0.488489 -0.228456 0.707102
661 -2.0631 -0.5148 0.4422 0.458225 0.487974 -0.227788 0.707111
662 -2.0627 -0.5149 0.442 0.458496 0.487737 -0.227905 0.707098
663 -2.0622 -0.515 0.4419 0.459155 0.487539 -0.226897 0.707107
664 -2.0618 -0.5151 0.4417 0.459708 0.487149 -0.226561 0.707112
665 -2.0613 -0.5152 0.4416 0.460259 0.486758 -0.226223 0.707117
666 -2.0609 -0.5153 0.4414 0.461108 0.486418 -0.225386 0.707102
667 -2.0605 -0.5154 0.4413 0.461667 0.486099 -0.224818 0.707112
668 -2.0601 -0.5155 0.4411 0.462376 0.485622 -0.224366 0.707114
669 -2.0599 -0.5157 0.441 0.463247 0.484671 -0.224754 0.707103
670 -2.0592 -0.5157 0.4408 0.463577 0.484705 -0.22402 0.707101
671 -2.0588 -0.5157 0.4406 0.464168 0.484228 -0.223844 0.7071
672 -2.0584 -0.5158 0.4405 0.464847 0.483669 -0.223435 0.707118
673 -2.0579 -0.5159 0.4403 0.465833 0.48312 -0.222751 0.707102
674 -2.0575 -0.516 0.4401 0.466613 0.482639 -0.222112 0.707106
675 -2.057 -0.516 0.44 0.467129 0.482076 -0.222383 0.707095
676 -2.0565 -0.516 0.4398 0.467905 0.481495 -0.22185 0.707109
677 -2.0561 -0.5161 0.4396 0.468885 0.480841 -0.221264 0.707103
678 -2.0556 -0.5162 0.4394 0.469742 0.4803 -0.2205 0.707114
679 -2.0552 -0.5162 0.4392 0.47059 0.479683 -0.219963 0.707119
680 -2.0547 -0.5163 0.439 0.471451 0.479028 -0.21965 0.707111
681 -2.0542 -0.5165 0.4387 0.472475 0.478357 -0.218993 0.707104
682 -2.0537 -0.5165 0.4385 0.473139 0.477912 -0.218572 0.7071
683 -2.0532 -0.5165 0.4384 0.473718 0.477325 -0.218488 0.70711
684 -2.0527 -0.5166 0.4383 0.474198 0.476856 -0.218413 0.707115
685 -2.0522 -0.5166 0.4381 0.473953 0.476673 -0.219483 0.707103
686 -2.0519 -0.5168 0.4379 0.475195 0.475891 -0.218362 0.707114
687 -2.0514 -0.5169 0.4377 0.476133 0.47527 -0.217808 0.707102
688 -2.0509 -0.517 0.4375 0.476498 0.474803 -0.218013 0.707103
689 -2.0505 -0.517 0.4373 0.477196 0.47448 -0.217184 0.707104
690 -2.05 -0.5171 0.4371 0.477727 0.474072 -0.216809 0.707112
691 -2.0496 -0.5172 0.4369 0.478081 0.473841 -0.216563 0.707109
692 -2.0491 -0.5173 0.4367 0.478518 0.473652 -0.216087 0.707103
693 -2.0486 -0.5174 0.4365 0.479128 0.473309 -0.215603 0.707093
694 -2.0481 -0.5175 0.4363 0.479799 0.472947 -0.214774 0.707104
695 -2.0481 -0.5176 0.4362 0.480812 0.471362 -0.215914 0.707111
696 -2.0471 -0.5176 0.4359 0.481044 0.47221 -0.213745 0.707093
697 -2.0466 -0.5177 0.4357 0.481334 0.472199 -0.212982 0.707104
698 -2.0461 -0.5177 0.4355 0.481747 0.472045 -0.212274 0.707113
699 -2.0455 -0.5178 0.4353 0.482272 0.472006 -0.21129 0.707103
