0.840991616249 0.600334997177 -0.515753030777 0.840991616249 1.60033499718 -0.515753030777 0.0789394031163 0.064 0.064 0.064
0.840991616249 0.595334997177 -0.515753030777 0.840991616249 1.59533499718 -0.515753030777 0.0789394031163 0.064 0.064 0.064
0.840991616249 0.590334997177 -0.515753030777 0.840991616249 1.59033499718 -0.515753030777 0.0789394031163 0.064 0.064 0.064
0.840991616249 0.585334997177 -0.515753030777 0.840991616249 1.58533499718 -0.515753030777 0.0789394031163 0.064 0.064 0.064
0.840991616249 0.580334997177 -0.515753030777 0.840991616249 1.58033499718 -0.515753030777 0.0789394031163 0.064 0.064 0.064
0.840991616249 0.575334997177 -0.515753030777 0.840991616249 1.57533499718 -0.515753030777 0.0789394031163 0.064 0.064 0.064
0.840991616249 0.570334997177 -0.515753030777 0.840991616249 1.57033499718 -0.515753030777 0.0789394031163 0.064 0.064 0.064
0.840991616249 0.565334997177 -0.515753030777 0.840991616249 1.56533499718 -0.515753030777 0.0789394031163 0.064 0.064 0.064
0.840991616249 0.560334997177 -0.515753030777 0.840991616249 1.56033499718 -0.515753030777 0.0789394031163 0.064 0.064 0.064
0.840991616249 0.555334997177 -0.515753030777 0.840991616249 1.55533499718 -0.515753030777 0.0789394031163 0.064 0.064 0.064
0.840991616249 0.550334997177 -0.515753030777 0.840991616249 1.55033499718 -0.515753030777 0.0789394031163 0.064 0.064 0.064
0.840991616249 0.545334997177 -0.515753030777 0.840991616249 1.54533499718 -0.515753030777 0.0789394031163 0.064 0.064 0.064
0.840991616249 0.540334997177 -0.515753030777 0.840991616249 1.54033499718 -0.515753030777 0.0789394031163 0.064 0.064 0.064
0.840991616249 0.535334997177 -0.515753030777 0.840991616249 1.53533499718 -0.515753030777 0.0789394031163 0.064 0.064 0.064
0.840991616249 0.530334997177 -0.515753030777 0.840991616249 1.53033499718 -0.515753030777 0.0789394031163 0.064 0.064 0.064
0.840991616249 0.525334997177 -0.515753030777 0.840991616249 1.52533499718 -0.515753030777 0.0789394031163 0.064 0.064 0.064
0.840991616249 0.520334997177 -0.515753030777 0.840991616249 1.52033499718 -0.515753030777 0.0789394031163 0.064 0.064 0.064
0.840991616249 0.515334997177 -0.515753030777 0.840991616249 1.51533499718 -0.515753030777 0.0789394031163 0.064 0.064 0.064
0.840991616249 0.510334997177 -0.515753030777 0.840991616249 1.51033499718 -0.515753030777 0.0789394031163 0.064 0.064 0.064
0.840991616249 0.505334997177 -0.515753030777 0.840991616249 1.50533499718 -0.515753030777 0.0789394031163 0.064 0.064 0.064
0.840991616249 0.500334997177 -0.515753030777 0.840991616249 1.50033499718 -0.515753030777 0.0789394031163 0.064 0.064 0.064
0.840991616249 0.495334997177 -0.515753030777 0.840991616249 1.49533499718 -0.515753030777 0.0789394031163 0.064 0.064 0.064
0.840991616249 0.490334997177 -0.515753030777 0.840991616249 1.49033499718 -0.515753030777 0.0789394031163 0.064 0.064 0.064
0.840991616249 0.485334997177 -0.515753030777 0.840991616249 1.48533499718 -0.515753030777 0.0789394031163 0.064 0.064 0.064
0.840991616249 0.480334997177 -0.515753030777 0.840991616249 1.48033499718 -0.515753030777 0.0789394031163 0.064 0.064 0.064
0.840991616249 0.475334997177 -0.515753030777 0.840991616249 1.47533499718 -0.515753030777 0.0789394031163 0.064 0.064 0.064
0.840991616249 0.470334997177 -0.515753030777 0.840991616249 1.47033499718 -0.515753030777 0.0789394031163 0.064 0.064 0.064
0.840991616249 0.465334997177 -0.515753030777 0.840991616249 1.46533499718 -0.515753030777 0.0789394031163 0.064 0.064 0.064
0.840991616249 0.460334997177 -0.515753030777 0.840991616249 1.46033499718 -0.515753030777 0.0789394031163 0.064 0.064 0.064
0.840991616249 0.455334997177 -0.515753030777 0.840991616249 1.45533499718 -0.515753030777 0.0789394031163 0.064 0.064 0.064
0.840991616249 0.450334997177 -0.515753030777 0.840991616249 1.45033499718 -0.515753030777 0.0789394031163 0.064 0.064 0.064
0.840991616249 0.445334997177 -0.515753030777 0.840991616249 1.44533499718 -0.515753030777 0.0789394031163 0.064 0.064 0.064
0.840991616249 0.440334997177 -0.515753030777 0.840991616249 1.44033499718 -0.515753030777 0.0789394031163 0.064 0.064 0.064
0.840991616249 0.435334997177 -0.515753030777 0.840991616249 1.43533499718 -0.515753030777 0.0789394031163 0.064 0.064 0.064
0.840991616249 0.430334997177 -0.515753030777 0.840991616249 1.43033499718 -0.515753030777 0.0789394031163 0.064 0.064 0.064
0.840991616249 0.425334997177 -0.515753030777 0.840991616249 1.42533499718 -0.515753030777 0.0789394031163 0.064 0.064 0.064
0.840991616249 0.420334997177 -0.515753030777 0.840991616249 1.42033499718 -0.515753030777 0.0789394031163 0.064 0.064 0.064
0.840991616249 0.415334997177 -0.515753030777 0.840991616249 1.41533499718 -0.515753030777 0.0789394031163 0.064 0.064 0.064
0.840991616249 0.410334997177 -0.515753030777 0.840991616249 1.41033499718 -0.515753030777 0.0789394031163 0.064 0.064 0.064
0.840991616249 0.405334997177 -0.515753030777 0.840991616249 1.40533499718 -0.515753030777 0.0789394031163 0.064 0.064 0.064
0.840991616249 0.400334997177 -0.515753030777 0.840991616249 1.40033499718 -0.515753030777 0.0789394031163 0.064 0.064 0.064
0.840991616249 0.395334997177 -0.515753030777 0.840991616249 1.39533499718 -0.515753030777 0.0789394031163 0.064 0.064 0.064
0.840991616249 0.390334997177 -0.515753030777 0.840991616249 1.39033499718 -0.515753030777 0.0789394031163 0.064 0.064 0.064
0.840991616249 0.385334997177 -0.515753030777 0.840991616249 1.38533499718 -0.515753030777 0.0789394031163 0.064 0.064 0.064
0.840991616249 0.380334997177 -0.515753030777 0.840991616249 1.38033499718 -0.515753030777 0.0789394031163 0.064 0.064 0.064
0.840991616249 0.375334997177 -0.515753030777 0.840991616249 1.37533499718 -0.515753030777 0.0789394031163 0.064 0.064 0.064
0.840991616249 0.370334997177 -0.515753030777 0.840991616249 1.37033499718 -0.515753030777 0.0789394031163 0.064 0.064 0.064
0.840991616249 0.365334997177 -0.515753030777 0.840991616249 1.36533499718 -0.515753030777 0.0789394031163 0.064 0.064 0.064
0.840991616249 0.360334997177 -0.515753030777 0.840991616249 1.36033499718 -0.515753030777 0.0789394031163 0.064 0.064 0.064
0.840991616249 0.355334997177 -0.515753030777 0.840991616249 1.35533499718 -0.515753030777 0.0789394031163 0.064 0.064 0.064
0.840991616249 0.350334997177 -0.515753030777 0.840991616249 1.35033499718 -0.515753030777 0.0789394031163 0.064 0.064 0.064
0.840991616249 0.345334997177 -0.515753030777 0.840991616249 1.34533499718 -0.515753030777 0.0789394031163 0.064 0.064 0.064
0.840991616249 0.340334997177 -0.515753030777 0.840991616249 1.34033499718 -0.515753030777 0.0789394031163 0.064 0.064 0.064
0.840991616249 0.335334997177 -0.515753030777 0.840991616249 1.33533499718 -0.515753030777 0.0789394031163 0.064 0.064 0.064
0.840991616249 0.330334997177 -0.515753030777 0.840991616249 1.33033499718 -0.515753030777 0.0789394031163 0.064 0.064 0.064
0.840991616249 0.325334997177 -0.515753030777 0.840991616249 1.32533499718 -0.515753030777 0.0789394031163 0.064 0.064 0.064
0.840991616249 0.320334997177 -0.515753030777 0.840991616249 1.32033499718 -0.515753030777 0.0789394031163 0.064 0.064 0.064
0.840991616249 0.315334997177 -0.515753030777 0.840991616249 1.31533499718 -0.515753030777 0.0789394031163 0.064 0.064 0.064
0.840991616249 0.310334997177 -0.515753030777 0.840991616249 1.31033499718 -0.515753030777 0.0789394031163 0.064 0.064 0.064
0.840991616249 0.305334997177 -0.515753030777 0.840991616249 1.30533499718 -0.515753030777 0.0789394031163 0.064 0.064 0.064
0.840991616249 0.300334997177 -0.515753030777 0.840991616249 1.30033499718 -0.515753030777 0.0789394031163 0.064 0.064 0.064
0.840991616249 0.295334997177 -0.515753030777 0.840991616249 1.29533499718 -0.515753030777 0.0789394031163 0.064 0.064 0.064
0.840991616249 0.290334997177 -0.515753030777 0.840991616249 1.29033499718 -0.515753030777 0.0789394031163 0.064 0.064 0.064
0.840991616249 0.285334997177 -0.515753030777 0.840991616249 1.28533499718 -0.515753030777 0.0789394031163 0.064 0.064 0.064
0.840991616249 0.280334997177 -0.515753030777 0.840991616249 1.28033499718 -0.515753030777 0.0789394031163 0.064 0.064 0.064
0.840991616249 0.275334997177 -0.515753030777 0.840991616249 1.27533499718 -0.515753030777 0.0789394031163 0.064 0.064 0.064
0.840991616249 0.270334997177 -0.515753030777 0.840991616249 1.27033499718 -0.515753030777 0.0789394031163 0.064 0.064 0.064
0.840991616249 0.265334997177 -0.515753030777 0.840991616249 1.26533499718 -0.515753030777 0.0789394031163 0.064 0.064 0.064
0.840991616249 0.260334997177 -0.515753030777 0.840991616249 1.26033499718 -0.515753030777 0.0789394031163 0.064 0.064 0.064
0.840991616249 0.255334997177 -0.515753030777 0.840991616249 1.25533499718 -0.515753030777 0.0789394031163 0.064 0.064 0.064
0.840991616249 0.250334997177 -0.515753030777 0.840991616249 1.25033499718 -0.515753030777 0.0789394031163 0.064 0.064 0.064
0.840991616249 0.245334997177 -0.515753030777 0.840991616249 1.24533499718 -0.515753030777 0.0789394031163 0.064 0.064 0.064
0.840991616249 0.240334997177 -0.515753030777 0.840991616249 1.24033499718 -0.515753030777 0.0789394031163 0.064 0.064 0.064
0.840991616249 0.235334997177 -0.515753030777 0.840991616249 1.23533499718 -0.515753030777 0.0789394031163 0.064 0.064 0.064
0.840991616249 0.230334997177 -0.515753030777 0.840991616249 1.23033499718 -0.515753030777 0.0789394031163 0.064 0.064 0.064
0.840991616249 0.225334997177 -0.515753030777 0.840991616249 1.22533499718 -0.515753030777 0.0789394031163 0.064 0.064 0.064
0.840991616249 0.220334997177 -0.515753030777 0.840991616249 1.22033499718 -0.515753030777 0.0789394031163 0.064 0.064 0.064
0.840991616249 0.215334997177 -0.515753030777 0.840991616249 1.21533499718 -0.515753030777 0.0789394031163 0.064 0.064 0.064
0.840991616249 0.210334997177 -0.515753030777 0.840991616249 1.21033499718 -0.515753030777 0.0789394031163 0.064 0.064 0.064
0.840991616249 0.205334997177 -0.515753030777 0.840991616249 1.20533499718 -0.515753030777 0.0789394031163 0.064 0.064 0.064
0.840991616249 0.200334997177 -0.515753030777 0.840991616249 1.20033499718 -0.515753030777 0.0789394031163 0.064 0.064 0.064
0.840991616249 0.195334997177 -0.515753030777 0.840991616249 1.19533499718 -0.515753030777 0.0789394031163 0.064 0.064 0.064
0.840991616249 0.190334997177 -0.515753030777 0.840991616249 1.19033499718 -0.515753030777 0.0789394031163 0.064 0.064 0.064
0.840991616249 0.185334997177 -0.515753030777 0.840991616249 1.18533499718 -0.515753030777 0.0789394031163 0.064 0.064 0.064
0.840991616249 0.180334997177 -0.515753030777 0.840991616249 1.18033499718 -0.515753030777 0.0789394031163 0.064 0.064 0.064
0.840991616249 0.175334997177 -0.515753030777 0.840991616249 1.17533499718 -0.515753030777 0.0789394031163 0.064 0.064 0.064
0.840991616249 0.170334997177 -0.515753030777 0.840991616249 1.17033499718 -0.515753030777 0.0789394031163 0.064 0.064 0.064
0.840991616249 0.165334997177 -0.515753030777 0.840991616249 1.16533499718 -0.515753030777 0.0789394031163 0.064 0.064 0.064
0.840991616249 0.160334997177 -0.515753030777 0.840991616249 1.16033499718 -0.515753030777 0.0789394031163 0.064 0.064 0.064
0.840991616249 0.155334997177 -0.515753030777 0.840991616249 1.15533499718 -0.515753030777 0.0789394031163 0.064 0.064 0.064
0.840991616249 0.150334997177 -0.515753030777 0.840991616249 1.15033499718 -0.515753030777 0.0789394031163 0.064 0.064 0.064
0.840991616249 0.145334997177 -0.515753030777 0.840991616249 1.14533499718 -0.515753030777 0.0789394031163 0.064 0.064 0.064
0.840991616249 0.140334997177 -0.515753030777 0.840991616249 1.14033499718 -0.515753030777 0.0789394031163 0.064 0.064 0.064
0.840991616249 0.135334997177 -0.515753030777 0.840991616249 1.13533499718 -0.515753030777 0.0789394031163 0.064 0.064 0.064
0.840991616249 0.130334997177 -0.515753030777 0.840991616249 1.13033499718 -0.515753030777 0.0789394031163 0.064 0.064 0.064
0.840991616249 0.125334997177 -0.515753030777 0.840991616249 1.12533499718 -0.515753030777 0.0789394031163 0.064 0.064 0.064
0.840991616249 0.120334997177 -0.515753030777 0.840991616249 1.12033499718 -0.515753030777 0.0789394031163 0.064 0.064 0.064
0.840991616249 0.115334997177 -0.515753030777 0.840991616249 1.11533499718 -0.515753030777 0.0789394031163 0.064 0.064 0.064
0.840991616249 0.110334997177 -0.515753030777 0.840991616249 1.11033499718 -0.515753030777 0.0789394031163 0.064 0.064 0.064
0.840991616249 0.105334997177 -0.515753030777 0.840991616249 1.10533499718 -0.515753030777 0.0789394031163 0.064 0.064 0.064
0.840991616249 0.100334997177 -0.515753030777 0.840991616249 1.10033499718 -0.515753030777 0.0789394031163 0.064 0.064 0.064
0.840991616249 0.0953349971771 -0.515753030777 0.840991616249 1.09533499718 -0.515753030777 0.0789394031163 0.064 0.064 0.064
0.840991616249 0.0903349971771 -0.515753030777 0.840991616249 1.09033499718 -0.515753030777 0.0789394031163 0.064 0.064 0.064
0.840991616249 0.0853349971771 -0.515753030777 0.840991616249 1.08533499718 -0.515753030777 0.0789394031163 0.064 0.064 0.064
0.840991616249 0.0803349971771 -0.515753030777 0.840991616249 1.08033499718 -0.515753030777 0.0789394031163 0.064 0.064 0.064
0.840991616249 0.0753349971771 -0.515753030777 0.840991616249 1.07533499718 -0.515753030777 0.0789394031163 0.064 0.064 0.064
0.840991616249 0.0703349971771 -0.515753030777 0.840991616249 1.07033499718 -0.515753030777 0.0789394031163 0.064 0.064 0.064
0.840991616249 0.0653349971771 -0.515753030777 0.840991616249 1.06533499718 -0.515753030777 0.0789394031163 0.064 0.064 0.064
0.840991616249 0.0603349971771 -0.515753030777 0.840991616249 1.06033499718 -0.515753030777 0.0789394031163 0.064 0.064 0.064
0.840991616249 0.0553349971771 -0.515753030777 0.840991616249 1.05533499718 -0.515753030777 0.0789394031163 0.064 0.064 0.064
0.840991616249 0.0503349971771 -0.515753030777 0.840991616249 1.05033499718 -0.515753030777 0.0789394031163 0.064 0.064 0.064
0.840991616249 0.0453349971771 -0.515753030777 0.840991616249 1.04533499718 -0.515753030777 0.0789394031163 0.064 0.064 0.064
0.840991616249 0.0403349971771 -0.515753030777 0.840991616249 1.04033499718 -0.515753030777 0.0789394031163 0.064 0.064 0.064
0.840991616249 0.0353349971771 -0.515753030777 0.840991616249 1.03533499718 -0.515753030777 0.0789394031163 0.064 0.064 0.064
0.840991616249 0.0303349971771 -0.515753030777 0.840991616249 1.03033499718 -0.515753030777 0.0789394031163 0.064 0.064 0.064
0.840991616249 0.0253349971771 -0.515753030777 0.840991616249 1.02533499718 -0.515753030777 0.0789394031163 0.064 0.064 0.064
0.840991616249 0.0203349971771 -0.515753030777 0.840991616249 1.02033499718 -0.515753030777 0.0789394031163 0.064 0.064 0.064
0.840991616249 0.0153349971771 -0.515753030777 0.840991616249 1.01533499718 -0.515753030777 0.0789394031163 0.064 0.064 0.064
0.840991616249 0.0103349971771 -0.515753030777 0.840991616249 1.01033499718 -0.515753030777 0.0789394031163 0.064 0.064 0.064
0.840991616249 0.00533499717712 -0.515753030777 0.840991616249 1.00533499718 -0.515753030777 0.0789394031163 0.064 0.064 0.064
0.840991616249 0.000334997177124 -0.515753030777 0.840991616249 1.00033499718 -0.515753030777 0.0789394031163 0.064 0.064 0.064
0.840991616249 -0.00466500282288 -0.515753030777 0.840991616249 0.995334997177 -0.515753030777 0.0789394031163 0.064 0.064 0.064
0.840991616249 -0.00966500282288 -0.515753030777 0.840991616249 0.990334997177 -0.515753030777 0.0789394031163 0.064 0.064 0.064
0.840991616249 -0.0146650028229 -0.515753030777 0.840991616249 0.985334997177 -0.515753030777 0.0789394031163 0.064 0.064 0.064
0.840991616249 -0.0196650028229 -0.515753030777 0.840991616249 0.980334997177 -0.515753030777 0.0789394031163 0.064 0.064 0.064
0.840991616249 -0.0246650028229 -0.515753030777 0.840991616249 0.975334997177 -0.515753030777 0.0789394031163 0.064 0.064 0.064
0.840991616249 -0.0296650028229 -0.515753030777 0.840991616249 0.970334997177 -0.515753030777 0.0789394031163 0.064 0.064 0.064
0.840991616249 -0.0346650028229 -0.515753030777 0.840991616249 0.965334997177 -0.515753030777 0.0789394031163 0.064 0.064 0.064
0.840991616249 -0.0396650028229 -0.515753030777 0.840991616249 0.960334997177 -0.515753030777 0.0789394031163 0.064 0.064 0.064
0.840991616249 -0.0446650028229 -0.515753030777 0.840991616249 0.955334997177 -0.515753030777 0.0789394031163 0.064 0.064 0.064
0.840991616249 -0.0496650028229 -0.515753030777 0.840991616249 0.950334997177 -0.515753030777 0.0789394031163 0.064 0.064 0.064
0.840991616249 -0.0546650028229 -0.515753030777 0.840991616249 0.945334997177 -0.515753030777 0.0789394031163 0.064 0.064 0.064
0.840991616249 -0.0596650028229 -0.515753030777 0.840991616249 0.940334997177 -0.515753030777 0.0789394031163 0.064 0.064 0.064
0.840991616249 -0.0646650028229 -0.515753030777 0.840991616249 0.935334997177 -0.515753030777 0.0789394031163 0.064 0.064 0.064
0.840991616249 -0.0696650028229 -0.515753030777 0.840991616249 0.930334997177 -0.515753030777 0.0789394031163 0.064 0.064 0.064
0.840991616249 -0.0746650028229 -0.515753030777 0.840991616249 0.925334997177 -0.515753030777 0.0789394031163 0.064 0.064 0.064
0.840991616249 -0.0796650028229 -0.515753030777 0.840991616249 0.920334997177 -0.515753030777 0.0789394031163 0.064 0.064 0.064
0.840991616249 -0.0846650028229 -0.515753030777 0.840991616249 0.915334997177 -0.515753030777 0.0789394031163 0.064 0.064 0.064
0.840991616249 -0.0896650028229 -0.515753030777 0.840991616249 0.910334997177 -0.515753030777 0.0789394031163 0.064 0.064 0.064
0.840991616249 -0.0946650028229 -0.515753030777 0.840991616249 0.905334997177 -0.515753030777 0.0789394031163 0.064 0.064 0.064
0.840991616249 -0.0996650028229 -0.515753030777 0.840991616249 0.900334997177 -0.515753030777 0.0789394031163 0.064 0.064 0.064
0.840991616249 -0.104665002823 -0.515753030777 0.840991616249 0.895334997177 -0.515753030777 0.0789394031163 0.064 0.064 0.064
0.840991616249 -0.109665002823 -0.515753030777 0.840991616249 0.890334997177 -0.515753030777 0.0789394031163 0.064 0.064 0.064
0.840991616249 -0.114665002823 -0.515753030777 0.840991616249 0.885334997177 -0.515753030777 0.0789394031163 0.064 0.064 0.064
0.840991616249 -0.119665002823 -0.515753030777 0.840991616249 0.880334997177 -0.515753030777 0.0789394031163 0.064 0.064 0.064
0.840991616249 -0.124665002823 -0.515753030777 0.840991616249 0.875334997177 -0.515753030777 0.0789394031163 0.064 0.064 0.064
0.840991616249 -0.129665002823 -0.515753030777 0.840991616249 0.870334997177 -0.515753030777 0.0789394031163 0.064 0.064 0.064
0.840991616249 -0.134665002823 -0.515753030777 0.840991616249 0.865334997177 -0.515753030777 0.0789394031163 0.064 0.064 0.064
0.840991616249 -0.139665002823 -0.515753030777 0.840991616249 0.860334997177 -0.515753030777 0.0789394031163 0.064 0.064 0.064
0.840991616249 -0.144665002823 -0.515753030777 0.840991616249 0.855334997177 -0.515753030777 0.0789394031163 0.064 0.064 0.064
0.840991616249 -0.149665002823 -0.515753030777 0.840991616249 0.850334997177 -0.515753030777 0.0789394031163 0.064 0.064 0.064
0.840991616249 -0.154665002823 -0.515753030777 0.840991616249 0.845334997177 -0.515753030777 0.0789394031163 0.064 0.064 0.064
0.840991616249 -0.159665002823 -0.515753030777 0.840991616249 0.840334997177 -0.515753030777 0.0789394031163 0.064 0.064 0.064
0.840991616249 -0.164665002823 -0.515753030777 0.840991616249 0.835334997177 -0.515753030777 0.0789394031163 0.064 0.064 0.064
0.840991616249 -0.169665002823 -0.515753030777 0.840991616249 0.830334997177 -0.515753030777 0.0789394031163 0.064 0.064 0.064
0.840991616249 -0.174665002823 -0.515753030777 0.840991616249 0.825334997177 -0.515753030777 0.0789394031163 0.064 0.064 0.064
0.840991616249 -0.179665002823 -0.515753030777 0.840991616249 0.820334997177 -0.515753030777 0.0789394031163 0.064 0.064 0.064
0.840991616249 -0.184665002823 -0.515753030777 0.840991616249 0.815334997177 -0.515753030777 0.0789394031163 0.064 0.064 0.064
0.840991616249 -0.189665002823 -0.515753030777 0.840991616249 0.810334997177 -0.515753030777 0.0789394031163 0.064 0.064 0.064
0.840991616249 -0.194665002823 -0.515753030777 0.840991616249 0.805334997177 -0.515753030777 0.0789394031163 0.064 0.064 0.064
0.840991616249 -0.199665002823 -0.515753030777 0.840991616249 0.800334997177 -0.515753030777 0.0789394031163 0.064 0.064 0.064
0.840991616249 -0.204665002823 -0.515753030777 0.840991616249 0.795334997177 -0.515753030777 0.0789394031163 0.064 0.064 0.064
0.840991616249 -0.209665002823 -0.515753030777 0.840991616249 0.790334997177 -0.515753030777 0.0789394031163 0.064 0.064 0.064
0.840991616249 -0.214665002823 -0.515753030777 0.840991616249 0.785334997177 -0.515753030777 0.0789394031163 0.064 0.064 0.064
0.840991616249 -0.219665002823 -0.515753030777 0.840991616249 0.780334997177 -0.515753030777 0.0789394031163 0.064 0.064 0.064
0.840991616249 -0.224665002823 -0.515753030777 0.840991616249 0.775334997177 -0.515753030777 0.0789394031163 0.064 0.064 0.064
0.840991616249 -0.229665002823 -0.515753030777 0.840991616249 0.770334997177 -0.515753030777 0.0789394031163 0.064 0.064 0.064
0.840991616249 -0.234665002823 -0.515753030777 0.840991616249 0.765334997177 -0.515753030777 0.0789394031163 0.064 0.064 0.064
0.840991616249 -0.239665002823 -0.515753030777 0.840991616249 0.760334997177 -0.515753030777 0.0789394031163 0.064 0.064 0.064
0.840991616249 -0.244665002823 -0.515753030777 0.840991616249 0.755334997177 -0.515753030777 0.0789394031163 0.064 0.064 0.064
0.840991616249 -0.249665002823 -0.515753030777 0.840991616249 0.750334997177 -0.515753030777 0.0789394031163 0.064 0.064 0.064
0.840991616249 -0.254665002823 -0.515753030777 0.840991616249 0.745334997177 -0.515753030777 0.0789394031163 0.064 0.064 0.064
0.840991616249 -0.259665002823 -0.515753030777 0.840991616249 0.740334997177 -0.515753030777 0.0789394031163 0.064 0.064 0.064
0.840991616249 -0.264665002823 -0.515753030777 0.840991616249 0.735334997177 -0.515753030777 0.0789394031163 0.064 0.064 0.064
0.840991616249 -0.269665002823 -0.515753030777 0.840991616249 0.730334997177 -0.515753030777 0.0789394031163 0.064 0.064 0.064
0.840991616249 -0.274665002823 -0.515753030777 0.840991616249 0.725334997177 -0.515753030777 0.0789394031163 0.064 0.064 0.064
0.840991616249 -0.279665002823 -0.515753030777 0.840991616249 0.720334997177 -0.515753030777 0.0789394031163 0.064 0.064 0.064
0.840991616249 -0.284665002823 -0.515753030777 0.840991616249 0.715334997177 -0.515753030777 0.0789394031163 0.064 0.064 0.064
0.840991616249 -0.289665002823 -0.515753030777 0.840991616249 0.710334997177 -0.515753030777 0.0789394031163 0.064 0.064 0.064
0.840991616249 -0.294665002823 -0.515753030777 0.840991616249 0.705334997177 -0.515753030777 0.0789394031163 0.064 0.064 0.064
0.840991616249 -0.299665002823 -0.515753030777 0.840991616249 0.700334997177 -0.515753030777 0.0789394031163 0.064 0.064 0.064
0.840991616249 -0.304665002823 -0.515753030777 0.840991616249 0.695334997177 -0.515753030777 0.0789394031163 0.064 0.064 0.064
0.840991616249 -0.309665002823 -0.515753030777 0.840991616249 0.690334997177 -0.515753030777 0.0789394031163 0.064 0.064 0.064
0.840991616249 -0.314665002823 -0.515753030777 0.840991616249 0.685334997177 -0.515753030777 0.0789394031163 0.064 0.064 0.064
0.840991616249 -0.319665002823 -0.515753030777 0.840991616249 0.680334997177 -0.515753030777 0.0789394031163 0.064 0.064 0.064
0.840991616249 -0.324665002823 -0.515753030777 0.840991616249 0.675334997177 -0.515753030777 0.0789394031163 0.064 0.064 0.064
0.840991616249 -0.329665002823 -0.515753030777 0.840991616249 0.670334997177 -0.515753030777 0.0789394031163 0.064 0.064 0.064
0.840991616249 -0.334665002823 -0.515753030777 0.840991616249 0.665334997177 -0.515753030777 0.0789394031163 0.064 0.064 0.064
0.840991616249 -0.339665002823 -0.515753030777 0.840991616249 0.660334997177 -0.515753030777 0.0789394031163 0.064 0.064 0.064
0.840991616249 -0.344665002823 -0.515753030777 0.840991616249 0.655334997177 -0.515753030777 0.0789394031163 0.064 0.064 0.064
0.840991616249 -0.349665002823 -0.515753030777 0.840991616249 0.650334997177 -0.515753030777 0.0789394031163 0.064 0.064 0.064
0.840991616249 -0.354665002823 -0.515753030777 0.840991616249 0.645334997177 -0.515753030777 0.0789394031163 0.064 0.064 0.064
0.840991616249 -0.359665002823 -0.515753030777 0.840991616249 0.640334997177 -0.515753030777 0.0789394031163 0.064 0.064 0.064
0.840991616249 -0.364665002823 -0.515753030777 0.840991616249 0.635334997177 -0.515753030777 0.0789394031163 0.064 0.064 0.064
0.840991616249 -0.369665002823 -0.515753030777 0.840991616249 0.630334997177 -0.515753030777 0.0789394031163 0.064 0.064 0.064
0.840991616249 -0.374665002823 -0.515753030777 0.840991616249 0.625334997177 -0.515753030777 0.0789394031163 0.064 0.064 0.064
0.840991616249 -0.379665002823 -0.515753030777 0.840991616249 0.620334997177 -0.515753030777 0.0789394031163 0.064 0.064 0.064
0.840991616249 -0.384665002823 -0.515753030777 0.840991616249 0.615334997177 -0.515753030777 0.0789394031163 0.064 0.064 0.064
0.840991616249 -0.389665002823 -0.515753030777 0.840991616249 0.610334997177 -0.515753030777 0.0789394031163 0.064 0.064 0.064
0.840991616249 -0.394665002823 -0.515753030777 0.840991616249 0.605334997177 -0.515753030777 0.0789394031163 0.064 0.064 0.064
0.840991616249 -0.399665002823 -0.515753030777 0.840991616249 0.600334997177 -0.515753030777 0.0789394031163 0.064 0.064 0.064
0.840991616249 -0.404665002823 -0.515753030777 0.840991616249 0.595334997177 -0.515753030777 0.0789394031163 0.064 0.064 0.064
0.840991616249 -0.409665002823 -0.515753030777 0.840991616249 0.590334997177 -0.515753030777 0.0789394031163 0.064 0.064 0.064
0.840991616249 -0.414665002823 -0.515753030777 0.840991616249 0.585334997177 -0.515753030777 0.0789394031163 0.064 0.064 0.064
0.840991616249 -0.419665002823 -0.515753030777 0.840991616249 0.580334997177 -0.515753030777 0.0789394031163 0.064 0.064 0.064
0.840991616249 -0.424665002823 -0.515753030777 0.840991616249 0.575334997177 -0.515753030777 0.0789394031163 0.064 0.064 0.064
0.840991616249 -0.429665002823 -0.515753030777 0.840991616249 0.570334997177 -0.515753030777 0.0789394031163 0.064 0.064 0.064
0.840991616249 -0.434665002823 -0.515753030777 0.840991616249 0.565334997177 -0.515753030777 0.0789394031163 0.064 0.064 0.064
0.840991616249 -0.439665002823 -0.515753030777 0.840991616249 0.560334997177 -0.515753030777 0.0789394031163 0.064 0.064 0.064
0.840991616249 -0.444665002823 -0.515753030777 0.840991616249 0.555334997177 -0.515753030777 0.0789394031163 0.064 0.064 0.064
0.840991616249 -0.449665002823 -0.515753030777 0.840991616249 0.550334997177 -0.515753030777 0.0789394031163 0.064 0.064 0.064
0.840991616249 -0.454665002823 -0.515753030777 0.840991616249 0.545334997177 -0.515753030777 0.0789394031163 0.064 0.064 0.064
0.840991616249 -0.459665002823 -0.515753030777 0.840991616249 0.540334997177 -0.515753030777 0.0789394031163 0.064 0.064 0.064
0.840991616249 -0.464665002823 -0.515753030777 0.840991616249 0.535334997177 -0.515753030777 0.0789394031163 0.064 0.064 0.064
0.840991616249 -0.469665002823 -0.515753030777 0.840991616249 0.530334997177 -0.515753030777 0.0789394031163 0.064 0.064 0.064
0.840991616249 -0.474665002823 -0.515753030777 0.840991616249 0.525334997177 -0.515753030777 0.0789394031163 0.064 0.064 0.064
0.840991616249 -0.479665002823 -0.515753030777 0.840991616249 0.520334997177 -0.515753030777 0.0789394031163 0.064 0.064 0.064
0.840991616249 -0.484665002823 -0.515753030777 0.840991616249 0.515334997177 -0.515753030777 0.0789394031163 0.064 0.064 0.064
0.840991616249 -0.489665002823 -0.515753030777 0.840991616249 0.510334997177 -0.515753030777 0.0789394031163 0.064 0.064 0.064
0.840991616249 -0.494665002823 -0.515753030777 0.840991616249 0.505334997177 -0.515753030777 0.0789394031163 0.064 0.064 0.064
0.840991616249 -0.499665002823 -0.515753030777 0.840991616249 0.500334997177 -0.515753030777 0.0789394031163 0.064 0.064 0.064
0.840991616249 -0.504665002823 -0.515753030777 0.840991616249 0.495334997177 -0.515753030777 0.0789394031163 0.064 0.064 0.064
0.840991616249 -0.509665002823 -0.515753030777 0.840991616249 0.490334997177 -0.515753030777 0.0789394031163 0.064 0.064 0.064
0.840991616249 -0.514665002823 -0.515753030777 0.840991616249 0.485334997177 -0.515753030777 0.0789394031163 0.064 0.064 0.064
0.840991616249 -0.519665002823 -0.515753030777 0.840991616249 0.480334997177 -0.515753030777 0.0789394031163 0.064 0.064 0.064
0.840991616249 -0.524665002823 -0.515753030777 0.840991616249 0.475334997177 -0.515753030777 0.0789394031163 0.064 0.064 0.064
0.840991616249 -0.529665002823 -0.515753030777 0.840991616249 0.470334997177 -0.515753030777 0.0789394031163 0.064 0.064 0.064
0.840991616249 -0.534665002823 -0.515753030777 0.840991616249 0.465334997177 -0.515753030777 0.0789394031163 0.064 0.064 0.064
0.840991616249 -0.539665002823 -0.515753030777 0.840991616249 0.460334997177 -0.515753030777 0.0789394031163 0.064 0.064 0.064
0.840991616249 -0.544665002823 -0.515753030777 0.840991616249 0.455334997177 -0.515753030777 0.0789394031163 0.064 0.064 0.064
0.840991616249 -0.549665002823 -0.515753030777 0.840991616249 0.450334997177 -0.515753030777 0.0789394031163 0.064 0.064 0.064
0.840991616249 -0.554665002823 -0.515753030777 0.840991616249 0.445334997177 -0.515753030777 0.0789394031163 0.064 0.064 0.064
0.840991616249 -0.559665002823 -0.515753030777 0.840991616249 0.440334997177 -0.515753030777 0.0789394031163 0.064 0.064 0.064
0.840991616249 -0.564665002823 -0.515753030777 0.840991616249 0.435334997177 -0.515753030777 0.0789394031163 0.064 0.064 0.064
0.840991616249 -0.569665002823 -0.515753030777 0.840991616249 0.430334997177 -0.515753030777 0.0789394031163 0.064 0.064 0.064
0.840991616249 -0.574665002823 -0.515753030777 0.840991616249 0.425334997177 -0.515753030777 0.0789394031163 0.064 0.064 0.064
0.840991616249 -0.579665002823 -0.515753030777 0.840991616249 0.420334997177 -0.515753030777 0.0789394031163 0.064 0.064 0.064
0.840991616249 -0.584665002823 -0.515753030777 0.840991616249 0.415334997177 -0.515753030777 0.0789394031163 0.064 0.064 0.064
0.840991616249 -0.589665002823 -0.515753030777 0.840991616249 0.410334997177 -0.515753030777 0.0789394031163 0.064 0.064 0.064
0.840991616249 -0.594665002823 -0.515753030777 0.840991616249 0.405334997177 -0.515753030777 0.0789394031163 0.064 0.064 0.064
0.840991616249 -0.599665002823 -0.515753030777 0.840991616249 0.400334997177 -0.515753030777 0.0789394031163 0.064 0.064 0.064
0.840991616249 -0.604665002823 -0.515753030777 0.840991616249 0.395334997177 -0.515753030777 0.0789394031163 0.064 0.064 0.064
0.840991616249 -0.609665002823 -0.515753030777 0.840991616249 0.390334997177 -0.515753030777 0.0789394031163 0.064 0.064 0.064
0.840991616249 -0.614665002823 -0.515753030777 0.840991616249 0.385334997177 -0.515753030777 0.0789394031163 0.064 0.064 0.064
0.840991616249 -0.619665002823 -0.515753030777 0.840991616249 0.380334997177 -0.515753030777 0.0789394031163 0.064 0.064 0.064
0.840991616249 -0.624665002823 -0.515753030777 0.840991616249 0.375334997177 -0.515753030777 0.0789394031163 0.064 0.064 0.064
0.840991616249 -0.629665002823 -0.515753030777 0.840991616249 0.370334997177 -0.515753030777 0.0789394031163 0.064 0.064 0.064
0.840991616249 -0.634665002823 -0.515753030777 0.840991616249 0.365334997177 -0.515753030777 0.0789394031163 0.064 0.064 0.064
0.840991616249 -0.639665002823 -0.515753030777 0.840991616249 0.360334997177 -0.515753030777 0.0789394031163 0.064 0.064 0.064
0.840991616249 -0.644665002823 -0.515753030777 0.840991616249 0.355334997177 -0.515753030777 0.0789394031163 0.064 0.064 0.064
0.840991616249 -0.649665002823 -0.515753030777 0.840991616249 0.350334997177 -0.515753030777 0.0789394031163 0.064 0.064 0.064
0.840991616249 -0.654665002823 -0.515753030777 0.840991616249 0.345334997177 -0.515753030777 0.0789394031163 0.064 0.064 0.064
0.840991616249 -0.659665002823 -0.515753030777 0.840991616249 0.340334997177 -0.515753030777 0.0789394031163 0.064 0.064 0.064
0.840991616249 -0.664665002823 -0.515753030777 0.840991616249 0.335334997177 -0.515753030777 0.0789394031163 0.064 0.064 0.064
0.840991616249 -0.669665002823 -0.515753030777 0.840991616249 0.330334997177 -0.515753030777 0.0789394031163 0.064 0.064 0.064
0.840991616249 -0.674665002823 -0.515753030777 0.840991616249 0.325334997177 -0.515753030777 0.0789394031163 0.064 0.064 0.064
0.840991616249 -0.679665002823 -0.515753030777 0.840991616249 0.320334997177 -0.515753030777 0.0789394031163 0.064 0.064 0.064
0.840991616249 -0.684665002823 -0.515753030777 0.840991616249 0.315334997177 -0.515753030777 0.0789394031163 0.064 0.064 0.064
0.840991616249 -0.689665002823 -0.515753030777 0.840991616249 0.310334997177 -0.515753030777 0.0789394031163 0.064 0.064 0.064
0.840991616249 -0.694665002823 -0.515753030777 0.840991616249 0.305334997177 -0.515753030777 0.0789394031163 0.064 0.064 0.064
0.840991616249 -0.699665002823 -0.515753030777 0.840991616249 0.300334997177 -0.515753030777 0.0789394031163 0.064 0.064 0.064
0.840991616249 -0.704665002823 -0.515753030777 0.840991616249 0.295334997177 -0.515753030777 0.0789394031163 0.064 0.064 0.064
0.840991616249 -0.709665002823 -0.515753030777 0.840991616249 0.290334997177 -0.515753030777 0.0789394031163 0.064 0.064 0.064
0.840991616249 -0.714665002823 -0.515753030777 0.840991616249 0.285334997177 -0.515753030777 0.0789394031163 0.064 0.064 0.064
0.840991616249 -0.719665002823 -0.515753030777 0.840991616249 0.280334997177 -0.515753030777 0.0789394031163 0.064 0.064 0.064
0.840991616249 -0.724665002823 -0.515753030777 0.840991616249 0.275334997177 -0.515753030777 0.0789394031163 0.064 0.064 0.064
0.840991616249 -0.729665002823 -0.515753030777 0.840991616249 0.270334997177 -0.515753030777 0.0789394031163 0.064 0.064 0.064
0.840991616249 -0.734665002823 -0.515753030777 0.840991616249 0.265334997177 -0.515753030777 0.0789394031163 0.064 0.064 0.064
0.840991616249 -0.739665002823 -0.515753030777 0.840991616249 0.260334997177 -0.515753030777 0.0789394031163 0.064 0.064 0.064
0.840991616249 -0.744665002823 -0.515753030777 0.840991616249 0.255334997177 -0.515753030777 0.0789394031163 0.064 0.064 0.064
0.840991616249 -0.749665002823 -0.515753030777 0.840991616249 0.250334997177 -0.515753030777 0.0789394031163 0.064 0.064 0.064
0.840991616249 -0.754665002823 -0.515753030777 0.840991616249 0.245334997177 -0.515753030777 0.0789394031163 0.064 0.064 0.064
0.840991616249 -0.759665002823 -0.515753030777 0.840991616249 0.240334997177 -0.515753030777 0.0789394031163 0.064 0.064 0.064
0.840991616249 -0.764665002823 -0.515753030777 0.840991616249 0.235334997177 -0.515753030777 0.0789394031163 0.064 0.064 0.064
0.840991616249 -0.769665002823 -0.515753030777 0.840991616249 0.230334997177 -0.515753030777 0.0789394031163 0.064 0.064 0.064
0.840991616249 -0.774665002823 -0.515753030777 0.840991616249 0.225334997177 -0.515753030777 0.0789394031163 0.064 0.064 0.064
0.840991616249 -0.779665002823 -0.515753030777 0.840991616249 0.220334997177 -0.515753030777 0.0789394031163 0.064 0.064 0.064
0.840991616249 -0.784665002823 -0.515753030777 0.840991616249 0.215334997177 -0.515753030777 0.0789394031163 0.064 0.064 0.064
0.840991616249 -0.789665002823 -0.515753030777 0.840991616249 0.210334997177 -0.515753030777 0.0789394031163 0.064 0.064 0.064
0.840991616249 -0.794665002823 -0.515753030777 0.840991616249 0.205334997177 -0.515753030777 0.0789394031163 0.064 0.064 0.064
0.840991616249 -0.799665002823 -0.515753030777 0.840991616249 0.200334997177 -0.515753030777 0.0789394031163 0.064 0.064 0.064
0.840991616249 -0.804665002823 -0.515753030777 0.840991616249 0.195334997177 -0.515753030777 0.0789394031163 0.064 0.064 0.064
0.840991616249 -0.809665002823 -0.515753030777 0.840991616249 0.190334997177 -0.515753030777 0.0789394031163 0.064 0.064 0.064
0.840991616249 -0.814665002823 -0.515753030777 0.840991616249 0.185334997177 -0.515753030777 0.0789394031163 0.064 0.064 0.064
0.840991616249 -0.819665002823 -0.515753030777 0.840991616249 0.180334997177 -0.515753030777 0.0789394031163 0.064 0.064 0.064
0.840991616249 -0.824665002823 -0.515753030777 0.840991616249 0.175334997177 -0.515753030777 0.0789394031163 0.064 0.064 0.064
0.840991616249 -0.829665002823 -0.515753030777 0.840991616249 0.170334997177 -0.515753030777 0.0789394031163 0.064 0.064 0.064
0.840991616249 -0.834665002823 -0.515753030777 0.840991616249 0.165334997177 -0.515753030777 0.0789394031163 0.064 0.064 0.064
0.840991616249 -0.839665002823 -0.515753030777 0.840991616249 0.160334997177 -0.515753030777 0.0789394031163 0.064 0.064 0.064
0.840991616249 -0.844665002823 -0.515753030777 0.840991616249 0.155334997177 -0.515753030777 0.0789394031163 0.064 0.064 0.064
0.840991616249 -0.849665002823 -0.515753030777 0.840991616249 0.150334997177 -0.515753030777 0.0789394031163 0.064 0.064 0.064
0.840991616249 -0.854665002823 -0.515753030777 0.840991616249 0.145334997177 -0.515753030777 0.0789394031163 0.064 0.064 0.064
0.840991616249 -0.859665002823 -0.515753030777 0.840991616249 0.140334997177 -0.515753030777 0.0789394031163 0.064 0.064 0.064
0.840991616249 -0.864665002823 -0.515753030777 0.840991616249 0.135334997177 -0.515753030777 0.0789394031163 0.064 0.064 0.064
0.840991616249 -0.869665002823 -0.515753030777 0.840991616249 0.130334997177 -0.515753030777 0.0789394031163 0.064 0.064 0.064
0.840991616249 -0.874665002823 -0.515753030777 0.840991616249 0.125334997177 -0.515753030777 0.0789394031163 0.064 0.064 0.064
0.840991616249 -0.879665002823 -0.515753030777 0.840991616249 0.120334997177 -0.515753030777 0.0789394031163 0.064 0.064 0.064
0.840991616249 -0.884665002823 -0.515753030777 0.840991616249 0.115334997177 -0.515753030777 0.0789394031163 0.064 0.064 0.064
0.840991616249 -0.889665002823 -0.515753030777 0.840991616249 0.110334997177 -0.515753030777 0.0789394031163 0.064 0.064 0.064
0.840991616249 -0.894665002823 -0.515753030777 0.840991616249 0.105334997177 -0.515753030777 0.0789394031163 0.064 0.064 0.064
0.840991616249 -0.899665002823 -0.515753030777 0.840991616249 0.100334997177 -0.515753030777 0.0789394031163 0.064 0.064 0.064
0.840991616249 -0.904665002823 -0.515753030777 0.840991616249 0.0953349971771 -0.515753030777 0.0789394031163 0.064 0.064 0.064
0.840991616249 -0.909665002823 -0.515753030777 0.840991616249 0.0903349971771 -0.515753030777 0.0789394031163 0.064 0.064 0.064
0.840991616249 -0.914665002823 -0.515753030777 0.840991616249 0.0853349971771 -0.515753030777 0.0789394031163 0.064 0.064 0.064
0.840991616249 -0.919665002823 -0.515753030777 0.840991616249 0.0803349971771 -0.515753030777 0.0789394031163 0.064 0.064 0.064
0.840991616249 -0.924665002823 -0.515753030777 0.840991616249 0.0753349971771 -0.515753030777 0.0789394031163 0.064 0.064 0.064
0.840991616249 -0.929665002823 -0.515753030777 0.840991616249 0.0703349971771 -0.515753030777 0.0789394031163 0.064 0.064 0.064
0.840991616249 -0.934665002823 -0.515753030777 0.840991616249 0.0653349971771 -0.515753030777 0.0789394031163 0.064 0.064 0.064
0.840991616249 -0.939665002823 -0.515753030777 0.840991616249 0.0603349971771 -0.515753030777 0.0789394031163 0.064 0.064 0.064
0.840991616249 -0.944665002823 -0.515753030777 0.840991616249 0.0553349971771 -0.515753030777 0.0789394031163 0.064 0.064 0.064
0.840991616249 -0.949665002823 -0.515753030777 0.840991616249 0.0503349971771 -0.515753030777 0.0789394031163 0.064 0.064 0.064
0.840991616249 -0.954665002823 -0.515753030777 0.840991616249 0.0453349971771 -0.515753030777 0.0789394031163 0.064 0.064 0.064
0.840991616249 -0.959665002823 -0.515753030777 0.840991616249 0.0403349971771 -0.515753030777 0.0789394031163 0.064 0.064 0.064
0.840991616249 -0.964665002823 -0.515753030777 0.840991616249 0.0353349971771 -0.515753030777 0.0789394031163 0.064 0.064 0.064
0.840991616249 -0.969665002823 -0.515753030777 0.840991616249 0.0303349971771 -0.515753030777 0.0789394031163 0.064 0.064 0.064
0.840991616249 -0.974665002823 -0.515753030777 0.840991616249 0.0253349971771 -0.515753030777 0.0789394031163 0.064 0.064 0.064
0.840991616249 -0.979665002823 -0.515753030777 0.840991616249 0.0203349971771 -0.515753030777 0.0789394031163 0.064 0.064 0.064
0.840991616249 -0.984665002823 -0.515753030777 0.840991616249 0.0153349971771 -0.515753030777 0.0789394031163 0.064 0.064 0.064
0.840991616249 -0.989665002823 -0.515753030777 0.840991616249 0.0103349971771 -0.515753030777 0.0789394031163 0.064 0.064 0.064
0.840991616249 -0.994665002823 -0.515753030777 0.840991616249 0.00533499717712 -0.515753030777 0.0789394031163 0.064 0.064 0.064
0.840991616249 -0.999665002823 -0.515753030777 0.840991616249 0.000334997177123 -0.515753030777 0.0789394031163 0.064 0.064 0.064
0.840991616249 -1.00466500282 -0.515753030777 0.840991616249 -0.00466500282288 -0.515753030777 0.0789394031163 0.064 0.064 0.064
0.840991616249 -1.00966500282 -0.515753030777 0.840991616249 -0.00966500282288 -0.515753030777 0.0789394031163 0.064 0.064 0.064
0.840991616249 -1.01466500282 -0.515753030777 0.840991616249 -0.0146650028229 -0.515753030777 0.0789394031163 0.064 0.064 0.064
0.840991616249 -1.01966500282 -0.515753030777 0.840991616249 -0.0196650028229 -0.515753030777 0.0789394031163 0.064 0.064 0.064
0.840991616249 -1.02466500282 -0.515753030777 0.840991616249 -0.0246650028229 -0.515753030777 0.0789394031163 0.064 0.064 0.064
0.840991616249 -1.02966500282 -0.515753030777 0.840991616249 -0.0296650028229 -0.515753030777 0.0789394031163 0.064 0.064 0.064
0.840991616249 -1.03466500282 -0.515753030777 0.840991616249 -0.0346650028229 -0.515753030777 0.0789394031163 0.064 0.064 0.064
0.840991616249 -1.03966500282 -0.515753030777 0.840991616249 -0.0396650028229 -0.515753030777 0.0789394031163 0.064 0.064 0.064
0.840991616249 -1.04466500282 -0.515753030777 0.840991616249 -0.0446650028229 -0.515753030777 0.0789394031163 0.064 0.064 0.064
0.840991616249 -1.04966500282 -0.515753030777 0.840991616249 -0.0496650028229 -0.515753030777 0.0789394031163 0.064 0.064 0.064
0.840991616249 -1.05466500282 -0.515753030777 0.840991616249 -0.0546650028229 -0.515753030777 0.0789394031163 0.064 0.064 0.064
0.840991616249 -1.05966500282 -0.515753030777 0.840991616249 -0.0596650028229 -0.515753030777 0.0789394031163 0.064 0.064 0.064
0.840991616249 -1.06466500282 -0.515753030777 0.840991616249 -0.0646650028229 -0.515753030777 0.0789394031163 0.064 0.064 0.064
0.840991616249 -1.06966500282 -0.515753030777 0.840991616249 -0.0696650028229 -0.515753030777 0.0789394031163 0.064 0.064 0.064
0.840991616249 -1.07466500282 -0.515753030777 0.840991616249 -0.0746650028229 -0.515753030777 0.0789394031163 0.064 0.064 0.064
0.840991616249 -1.07966500282 -0.515753030777 0.840991616249 -0.0796650028229 -0.515753030777 0.0789394031163 0.064 0.064 0.064
0.840991616249 -1.08466500282 -0.515753030777 0.840991616249 -0.0846650028229 -0.515753030777 0.0789394031163 0.064 0.064 0.064
0.840991616249 -1.08966500282 -0.515753030777 0.840991616249 -0.0896650028229 -0.515753030777 0.0789394031163 0.064 0.064 0.064
0.840991616249 -1.09466500282 -0.515753030777 0.840991616249 -0.0946650028229 -0.515753030777 0.0789394031163 0.064 0.064 0.064
0.840991616249 -1.09966500282 -0.515753030777 0.840991616249 -0.0996650028229 -0.515753030777 0.0789394031163 0.064 0.064 0.064
0.840991616249 -1.10466500282 -0.515753030777 0.840991616249 -0.104665002823 -0.515753030777 0.0789394031163 0.064 0.064 0.064
0.840991616249 -1.10966500282 -0.515753030777 0.840991616249 -0.109665002823 -0.515753030777 0.0789394031163 0.064 0.064 0.064
0.840991616249 -1.11466500282 -0.515753030777 0.840991616249 -0.114665002823 -0.515753030777 0.0789394031163 0.064 0.064 0.064
0.840991616249 -1.11966500282 -0.515753030777 0.840991616249 -0.119665002823 -0.515753030777 0.0789394031163 0.064 0.064 0.064
0.840991616249 -1.12466500282 -0.515753030777 0.840991616249 -0.124665002823 -0.515753030777 0.0789394031163 0.064 0.064 0.064
0.840991616249 -1.12966500282 -0.515753030777 0.840991616249 -0.129665002823 -0.515753030777 0.0789394031163 0.064 0.064 0.064
0.840991616249 -1.13466500282 -0.515753030777 0.840991616249 -0.134665002823 -0.515753030777 0.0789394031163 0.064 0.064 0.064
0.840991616249 -1.13966500282 -0.515753030777 0.840991616249 -0.139665002823 -0.515753030777 0.0789394031163 0.064 0.064 0.064
0.840991616249 -1.14466500282 -0.515753030777 0.840991616249 -0.144665002823 -0.515753030777 0.0789394031163 0.064 0.064 0.064
0.840991616249 -1.14966500282 -0.515753030777 0.840991616249 -0.149665002823 -0.515753030777 0.0789394031163 0.064 0.064 0.064
0.840991616249 -1.15466500282 -0.515753030777 0.840991616249 -0.154665002823 -0.515753030777 0.0789394031163 0.064 0.064 0.064
0.840991616249 -1.15966500282 -0.515753030777 0.840991616249 -0.159665002823 -0.515753030777 0.0789394031163 0.064 0.064 0.064
0.840991616249 -1.16466500282 -0.515753030777 0.840991616249 -0.164665002823 -0.515753030777 0.0789394031163 0.064 0.064 0.064
0.840991616249 -1.16966500282 -0.515753030777 0.840991616249 -0.169665002823 -0.515753030777 0.0789394031163 0.064 0.064 0.064
0.840991616249 -1.17466500282 -0.515753030777 0.840991616249 -0.174665002823 -0.515753030777 0.0789394031163 0.064 0.064 0.064
0.840991616249 -1.17966500282 -0.515753030777 0.840991616249 -0.179665002823 -0.515753030777 0.0789394031163 0.064 0.064 0.064
0.840991616249 -1.18466500282 -0.515753030777 0.840991616249 -0.184665002823 -0.515753030777 0.0789394031163 0.064 0.064 0.064
0.840991616249 -1.18966500282 -0.515753030777 0.840991616249 -0.189665002823 -0.515753030777 0.0789394031163 0.064 0.064 0.064
0.840991616249 -1.19466500282 -0.515753030777 0.840991616249 -0.194665002823 -0.515753030777 0.0789394031163 0.064 0.064 0.064
0.840991616249 -1.19966500282 -0.515753030777 0.840991616249 -0.199665002823 -0.515753030777 0.0789394031163 0.064 0.064 0.064
0.840991616249 -1.20466500282 -0.515753030777 0.840991616249 -0.204665002823 -0.515753030777 0.0789394031163 0.064 0.064 0.064
0.840991616249 -1.20966500282 -0.515753030777 0.840991616249 -0.209665002823 -0.515753030777 0.0789394031163 0.064 0.064 0.064
0.840991616249 -1.21466500282 -0.515753030777 0.840991616249 -0.214665002823 -0.515753030777 0.0789394031163 0.064 0.064 0.064
0.840991616249 -1.21966500282 -0.515753030777 0.840991616249 -0.219665002823 -0.515753030777 0.0789394031163 0.064 0.064 0.064
0.840991616249 -1.22466500282 -0.515753030777 0.840991616249 -0.224665002823 -0.515753030777 0.0789394031163 0.064 0.064 0.064
0.840991616249 -1.22966500282 -0.515753030777 0.840991616249 -0.229665002823 -0.515753030777 0.0789394031163 0.064 0.064 0.064
0.840991616249 -1.23466500282 -0.515753030777 0.840991616249 -0.234665002823 -0.515753030777 0.0789394031163 0.064 0.064 0.064
0.840991616249 -1.23966500282 -0.515753030777 0.840991616249 -0.239665002823 -0.515753030777 0.0789394031163 0.064 0.064 0.064
0.840991616249 -1.24466500282 -0.515753030777 0.840991616249 -0.244665002823 -0.515753030777 0.0789394031163 0.064 0.064 0.064
0.840991616249 -1.24966500282 -0.515753030777 0.840991616249 -0.249665002823 -0.515753030777 0.0789394031163 0.064 0.064 0.064
0.840991616249 -1.25466500282 -0.515753030777 0.840991616249 -0.254665002823 -0.515753030777 0.0789394031163 0.064 0.064 0.064
0.840991616249 -1.25966500282 -0.515753030777 0.840991616249 -0.259665002823 -0.515753030777 0.0789394031163 0.064 0.064 0.064
0.840991616249 -1.26466500282 -0.515753030777 0.840991616249 -0.264665002823 -0.515753030777 0.0789394031163 0.064 0.064 0.064
0.840991616249 -1.26966500282 -0.515753030777 0.840991616249 -0.269665002823 -0.515753030777 0.0789394031163 0.064 0.064 0.064
0.840991616249 -1.27466500282 -0.515753030777 0.840991616249 -0.274665002823 -0.515753030777 0.0789394031163 0.064 0.064 0.064
0.840991616249 -1.27966500282 -0.515753030777 0.840991616249 -0.279665002823 -0.515753030777 0.0789394031163 0.064 0.064 0.064
0.840991616249 -1.28466500282 -0.515753030777 0.840991616249 -0.284665002823 -0.515753030777 0.0789394031163 0.064 0.064 0.064
0.840991616249 -1.28966500282 -0.515753030777 0.840991616249 -0.289665002823 -0.515753030777 0.0789394031163 0.064 0.064 0.064
0.840991616249 -1.29466500282 -0.515753030777 0.840991616249 -0.294665002823 -0.515753030777 0.0789394031163 0.064 0.064 0.064
0.840991616249 -1.29966500282 -0.515753030777 0.840991616249 -0.299665002823 -0.515753030777 0.0789394031163 0.064 0.064 0.064
0.840991616249 -1.30466500282 -0.515753030777 0.840991616249 -0.304665002823 -0.515753030777 0.0789394031163 0.064 0.064 0.064
0.840991616249 -1.30966500282 -0.515753030777 0.840991616249 -0.309665002823 -0.515753030777 0.0789394031163 0.064 0.064 0.064
0.840991616249 -1.31466500282 -0.515753030777 0.840991616249 -0.314665002823 -0.515753030777 0.0789394031163 0.064 0.064 0.064
0.840991616249 -1.31966500282 -0.515753030777 0.840991616249 -0.319665002823 -0.515753030777 0.0789394031163 0.064 0.064 0.064
0.840991616249 -1.32466500282 -0.515753030777 0.840991616249 -0.324665002823 -0.515753030777 0.0789394031163 0.064 0.064 0.064
0.840991616249 -1.32966500282 -0.515753030777 0.840991616249 -0.329665002823 -0.515753030777 0.0789394031163 0.064 0.064 0.064
0.840991616249 -1.33466500282 -0.515753030777 0.840991616249 -0.334665002823 -0.515753030777 0.0789394031163 0.064 0.064 0.064
0.840991616249 -1.33966500282 -0.515753030777 0.840991616249 -0.339665002823 -0.515753030777 0.0789394031163 0.064 0.064 0.064
0.840991616249 -1.34466500282 -0.515753030777 0.840991616249 -0.344665002823 -0.515753030777 0.0789394031163 0.064 0.064 0.064
0.840991616249 -1.34966500282 -0.515753030777 0.840991616249 -0.349665002823 -0.515753030777 0.0789394031163 0.064 0.064 0.064
0.840991616249 -1.35466500282 -0.515753030777 0.840991616249 -0.354665002823 -0.515753030777 0.0789394031163 0.064 0.064 0.064
0.840991616249 -1.35966500282 -0.515753030777 0.840991616249 -0.359665002823 -0.515753030777 0.0789394031163 0.064 0.064 0.064
0.840991616249 -1.36466500282 -0.515753030777 0.840991616249 -0.364665002823 -0.515753030777 0.0789394031163 0.064 0.064 0.064
0.840991616249 -1.36966500282 -0.515753030777 0.840991616249 -0.369665002823 -0.515753030777 0.0789394031163 0.064 0.064 0.064
0.840991616249 -1.37466500282 -0.515753030777 0.840991616249 -0.374665002823 -0.515753030777 0.0789394031163 0.064 0.064 0.064
0.840991616249 -1.37966500282 -0.515753030777 0.840991616249 -0.379665002823 -0.515753030777 0.0789394031163 0.064 0.064 0.064
0.840991616249 -1.38466500282 -0.515753030777 0.840991616249 -0.384665002823 -0.515753030777 0.0789394031163 0.064 0.064 0.064
0.840991616249 -1.38966500282 -0.515753030777 0.840991616249 -0.389665002823 -0.515753030777 0.0789394031163 0.064 0.064 0.064
0.840991616249 -1.39466500282 -0.515753030777 0.840991616249 -0.394665002823 -0.515753030777 0.0789394031163 0.064 0.064 0.064
0.840991616249 -1.39966500282 -0.515753030777 0.840991616249 -0.399665002823 -0.515753030777 0.0789394031163 0.064 0.064 0.064
0.840991616249 -1.40466500282 -0.515753030777 0.840991616249 -0.404665002823 -0.515753030777 0.0789394031163 0.064 0.064 0.064
0.840991616249 -1.40966500282 -0.515753030777 0.840991616249 -0.409665002823 -0.515753030777 0.0789394031163 0.064 0.064 0.064
0.840991616249 -1.41466500282 -0.515753030777 0.840991616249 -0.414665002823 -0.515753030777 0.0789394031163 0.064 0.064 0.064
0.840991616249 -1.41966500282 -0.515753030777 0.840991616249 -0.419665002823 -0.515753030777 0.0789394031163 0.064 0.064 0.064
0.840991616249 -1.42466500282 -0.515753030777 0.840991616249 -0.424665002823 -0.515753030777 0.0789394031163 0.064 0.064 0.064
0.840991616249 -1.42966500282 -0.515753030777 0.840991616249 -0.429665002823 -0.515753030777 0.0789394031163 0.064 0.064 0.064
0.840991616249 -1.43466500282 -0.515753030777 0.840991616249 -0.434665002823 -0.515753030777 0.0789394031163 0.064 0.064 0.064
0.840991616249 -1.43966500282 -0.515753030777 0.840991616249 -0.439665002823 -0.515753030777 0.0789394031163 0.064 0.064 0.064
0.840991616249 -1.44466500282 -0.515753030777 0.840991616249 -0.444665002823 -0.515753030777 0.0789394031163 0.064 0.064 0.064
0.840991616249 -1.44966500282 -0.515753030777 0.840991616249 -0.449665002823 -0.515753030777 0.0789394031163 0.064 0.064 0.064
0.840991616249 -1.45466500282 -0.515753030777 0.840991616249 -0.454665002823 -0.515753030777 0.0789394031163 0.064 0.064 0.064
0.840991616249 -1.45966500282 -0.515753030777 0.840991616249 -0.459665002823 -0.515753030777 0.0789394031163 0.064 0.064 0.064
0.840991616249 -1.46466500282 -0.515753030777 0.840991616249 -0.464665002823 -0.515753030777 0.0789394031163 0.064 0.064 0.064
0.840991616249 -1.46966500282 -0.515753030777 0.840991616249 -0.469665002823 -0.515753030777 0.0789394031163 0.064 0.064 0.064
0.840991616249 -1.47466500282 -0.515753030777 0.840991616249 -0.474665002823 -0.515753030777 0.0789394031163 0.064 0.064 0.064
0.840991616249 -1.47966500282 -0.515753030777 0.840991616249 -0.479665002823 -0.515753030777 0.0789394031163 0.064 0.064 0.064
0.840991616249 -1.48466500282 -0.515753030777 0.840991616249 -0.484665002823 -0.515753030777 0.0789394031163 0.064 0.064 0.064
0.840991616249 -1.48966500282 -0.515753030777 0.840991616249 -0.489665002823 -0.515753030777 0.0789394031163 0.064 0.064 0.064
0.840991616249 -1.49466500282 -0.515753030777 0.840991616249 -0.494665002823 -0.515753030777 0.0789394031163 0.064 0.064 0.064
0.840991616249 -1.49966500282 -0.515753030777 0.840991616249 -0.499665002823 -0.515753030777 0.0789394031163 0.064 0.064 0.064
0.840991616249 -1.50466500282 -0.515753030777 0.840991616249 -0.504665002823 -0.515753030777 0.0789394031163 0.064 0.064 0.064
0.840991616249 -1.50966500282 -0.515753030777 0.840991616249 -0.509665002823 -0.515753030777 0.0789394031163 0.064 0.064 0.064
0.840991616249 -1.51466500282 -0.515753030777 0.840991616249 -0.514665002823 -0.515753030777 0.0789394031163 0.064 0.064 0.064
0.840991616249 -1.51966500282 -0.515753030777 0.840991616249 -0.519665002823 -0.515753030777 0.0789394031163 0.064 0.064 0.064
0.840991616249 -1.52466500282 -0.515753030777 0.840991616249 -0.524665002823 -0.515753030777 0.0789394031163 0.064 0.064 0.064
0.840991616249 -1.52966500282 -0.515753030777 0.840991616249 -0.529665002823 -0.515753030777 0.0789394031163 0.064 0.064 0.064
0.840991616249 -1.53466500282 -0.515753030777 0.840991616249 -0.534665002823 -0.515753030777 0.0789394031163 0.064 0.064 0.064
0.840991616249 -1.53966500282 -0.515753030777 0.840991616249 -0.539665002823 -0.515753030777 0.0789394031163 0.064 0.064 0.064
0.840991616249 -1.54466500282 -0.515753030777 0.840991616249 -0.544665002823 -0.515753030777 0.0789394031163 0.064 0.064 0.064
0.840991616249 -1.54966500282 -0.515753030777 0.840991616249 -0.549665002823 -0.515753030777 0.0789394031163 0.064 0.064 0.064
0.840991616249 -1.55466500282 -0.515753030777 0.840991616249 -0.554665002823 -0.515753030777 0.0789394031163 0.064 0.064 0.064
0.840991616249 -1.55966500282 -0.515753030777 0.840991616249 -0.559665002823 -0.515753030777 0.0789394031163 0.064 0.064 0.064
0.840991616249 -1.56466500282 -0.515753030777 0.840991616249 -0.564665002823 -0.515753030777 0.0789394031163 0.064 0.064 0.064
0.840991616249 -1.56966500282 -0.515753030777 0.840991616249 -0.569665002823 -0.515753030777 0.0789394031163 0.064 0.064 0.064
0.840991616249 -1.57466500282 -0.515753030777 0.840991616249 -0.574665002823 -0.515753030777 0.0789394031163 0.064 0.064 0.064
0.840991616249 -1.57966500282 -0.515753030777 0.840991616249 -0.579665002823 -0.515753030777 0.0789394031163 0.064 0.064 0.064
0.840991616249 -1.58466500282 -0.515753030777 0.840991616249 -0.584665002823 -0.515753030777 0.0789394031163 0.064 0.064 0.064
0.840991616249 -1.58966500282 -0.515753030777 0.840991616249 -0.589665002823 -0.515753030777 0.0789394031163 0.064 0.064 0.064
0.840991616249 -1.59466500282 -0.515753030777 0.840991616249 -0.594665002823 -0.515753030777 0.0789394031163 0.064 0.064 0.064
0.840991616249 -1.59966500282 -0.515753030777 0.840991616249 -0.599665002823 -0.515753030777 0.0789394031163 0.064 0.064 0.064
0.840991616249 -1.60466500282 -0.515753030777 0.840991616249 -0.604665002823 -0.515753030777 0.0789394031163 0.064 0.064 0.064
0.840991616249 -1.60966500282 -0.515753030777 0.840991616249 -0.609665002823 -0.515753030777 0.0789394031163 0.064 0.064 0.064
0.840991616249 -1.61466500282 -0.515753030777 0.840991616249 -0.614665002823 -0.515753030777 0.0789394031163 0.064 0.064 0.064
0.840991616249 -1.61966500282 -0.515753030777 0.840991616249 -0.619665002823 -0.515753030777 0.0789394031163 0.064 0.064 0.064
0.840991616249 -1.62466500282 -0.515753030777 0.840991616249 -0.624665002823 -0.515753030777 0.0789394031163 0.064 0.064 0.064
0.840991616249 -1.62966500282 -0.515753030777 0.840991616249 -0.629665002823 -0.515753030777 0.0789394031163 0.064 0.064 0.064
0.840991616249 -1.63466500282 -0.515753030777 0.840991616249 -0.634665002823 -0.515753030777 0.0789394031163 0.064 0.064 0.064
0.840991616249 -1.63966500282 -0.515753030777 0.840991616249 -0.639665002823 -0.515753030777 0.0789394031163 0.064 0.064 0.064
0.840991616249 -1.64466500282 -0.515753030777 0.840991616249 -0.644665002823 -0.515753030777 0.0789394031163 0.064 0.064 0.064
