0.01 0.5 -0.623095095158 1.01 0.5 -0.623095095158
0.02 0.5 -0.623095095158 1.02 0.5 -0.623095095158
0.03 0.5 -0.623095095158 1.03 0.5 -0.623095095158
0.04 0.5 -0.623095095158 1.04 0.5 -0.623095095158
0.05 0.5 -0.623095095158 1.05 0.5 -0.623095095158
0.06 0.5 -0.623095095158 1.06 0.5 -0.623095095158
0.07 0.5 -0.623095095158 1.07 0.5 -0.623095095158
0.08 0.5 -0.623095095158 1.08 0.5 -0.623095095158
0.09 0.5 -0.623095095158 1.09 0.5 -0.623095095158
0.1 0.5 -0.623095095158 1.1 0.5 -0.623095095158
0.11 0.5 -0.623095095158 1.11 0.5 -0.623095095158
0.12 0.5 -0.623095095158 1.12 0.5 -0.623095095158
0.13 0.5 -0.623095095158 1.13 0.5 -0.623095095158
0.14 0.5 -0.623095095158 1.14 0.5 -0.623095095158
0.15 0.5 -0.623095095158 1.15 0.5 -0.623095095158
0.16 0.5 -0.623095095158 1.16 0.5 -0.623095095158
0.17 0.5 -0.623095095158 1.17 0.5 -0.623095095158
0.18 0.5 -0.623095095158 1.18 0.5 -0.623095095158
0.19 0.5 -0.623095095158 1.19 0.5 -0.623095095158
0.2 0.5 -0.623095095158 1.2 0.5 -0.623095095158
0.21 0.5 -0.623095095158 1.21 0.5 -0.623095095158
0.22 0.5 -0.623095095158 1.22 0.5 -0.623095095158
0.23 0.5 -0.623095095158 1.23 0.5 -0.623095095158
0.24 0.5 -0.623095095158 1.24 0.5 -0.623095095158
0.25 0.5 -0.623095095158 1.25 0.5 -0.623095095158
0.26 0.5 -0.623095095158 1.26 0.5 -0.623095095158
0.27 0.5 -0.623095095158 1.27 0.5 -0.623095095158
0.28 0.5 -0.623095095158 1.28 0.5 -0.623095095158
0.29 0.5 -0.623095095158 1.29 0.5 -0.623095095158
0.3 0.5 -0.623095095158 1.3 0.5 -0.623095095158
0.31 0.5 -0.623095095158 1.31 0.5 -0.623095095158
0.32 0.5 -0.623095095158 1.32 0.5 -0.623095095158
0.33 0.5 -0.623095095158 1.33 0.5 -0.623095095158
0.34 0.5 -0.623095095158 1.34 0.5 -0.623095095158
0.35 0.5 -0.623095095158 1.35 0.5 -0.623095095158
0.36 0.5 -0.623095095158 1.36 0.5 -0.623095095158
0.37 0.5 -0.623095095158 1.37 0.5 -0.623095095158
0.38 0.5 -0.623095095158 1.38 0.5 -0.623095095158
0.39 0.5 -0.623095095158 1.39 0.5 -0.623095095158
0.4 0.5 -0.623095095158 1.4 0.5 -0.623095095158
0.41 0.5 -0.623095095158 1.41 0.5 -0.623095095158
0.42 0.5 -0.623095095158 1.42 0.5 -0.623095095158
0.43 0.5 -0.623095095158 1.43 0.5 -0.623095095158
0.44 0.5 -0.623095095158 1.44 0.5 -0.623095095158
0.45 0.5 -0.623095095158 1.45 0.5 -0.623095095158
0.46 0.5 -0.623095095158 1.46 0.5 -0.623095095158
0.47 0.5 -0.623095095158 1.47 0.5 -0.623095095158
0.48 0.5 -0.623095095158 1.48 0.5 -0.623095095158
0.49 0.5 -0.623095095158 1.49 0.5 -0.623095095158
0.5 0.5 -0.623095095158 1.5 0.5 -0.623095095158
0.51 0.5 -0.623095095158 1.51 0.5 -0.623095095158
0.52 0.5 -0.623095095158 1.52 0.5 -0.623095095158
0.53 0.5 -0.623095095158 1.53 0.5 -0.623095095158
0.54 0.5 -0.623095095158 1.54 0.5 -0.623095095158
0.55 0.5 -0.623095095158 1.55 0.5 -0.623095095158
0.56 0.5 -0.623095095158 1.56 0.5 -0.623095095158
0.57 0.5 -0.623095095158 1.57 0.5 -0.623095095158
0.58 0.5 -0.623095095158 1.58 0.5 -0.623095095158
0.59 0.5 -0.623095095158 1.59 0.5 -0.623095095158
0.6 0.5 -0.623095095158 1.6 0.5 -0.623095095158
0.61 0.5 -0.623095095158 1.61 0.5 -0.623095095158
0.62 0.5 -0.623095095158 1.62 0.5 -0.623095095158
0.63 0.5 -0.623095095158 1.63 0.5 -0.623095095158
0.64 0.5 -0.623095095158 1.64 0.5 -0.623095095158
0.65 0.5 -0.623095095158 1.65 0.5 -0.623095095158
0.66 0.5 -0.623095095158 1.66 0.5 -0.623095095158
0.67 0.5 -0.623095095158 1.67 0.5 -0.623095095158
0.68 0.5 -0.623095095158 1.68 0.5 -0.623095095158
0.69 0.5 -0.623095095158 1.69 0.5 -0.623095095158
0.7 0.5 -0.623095095158 1.7 0.5 -0.623095095158
0.71 0.5 -0.623095095158 1.71 0.5 -0.623095095158
0.72 0.5 -0.623095095158 1.72 0.5 -0.623095095158
0.73 0.5 -0.623095095158 1.73 0.5 -0.623095095158
0.74 0.5 -0.623095095158 1.74 0.5 -0.623095095158
0.75 0.5 -0.623095095158 1.75 0.5 -0.623095095158
0.76 0.5 -0.623095095158 1.76 0.5 -0.623095095158
0.77 0.5 -0.623095095158 1.77 0.5 -0.623095095158
0.78 0.5 -0.623095095158 1.78 0.5 -0.623095095158
0.79 0.5 -0.623095095158 1.79 0.5 -0.623095095158
0.8 0.5 -0.623095095158 1.8 0.5 -0.623095095158
0.81 0.5 -0.623095095158 1.81 0.5 -0.623095095158
0.82 0.5 -0.623095095158 1.82 0.5 -0.623095095158
0.83 0.5 -0.623095095158 1.83 0.5 -0.623095095158
0.84 0.5 -0.623095095158 1.84 0.5 -0.623095095158
0.85 0.5 -0.623095095158 1.85 0.5 -0.623095095158
0.86 0.5 -0.623095095158 1.86 0.5 -0.623095095158
0.87 0.5 -0.623095095158 1.87 0.5 -0.623095095158
0.88 0.5 -0.623095095158 1.88 0.5 -0.623095095158
0.89 0.5 -0.623095095158 1.89 0.5 -0.623095095158
0.9 0.5 -0.623095095158 1.9 0.5 -0.623095095158
0.91 0.5 -0.623095095158 1.91 0.5 -0.623095095158
0.92 0.5 -0.623095095158 1.92 0.5 -0.623095095158
0.93 0.5 -0.623095095158 1.93 0.5 -0.623095095158
0.94 0.5 -0.623095095158 1.94 0.5 -0.623095095158
0.95 0.5 -0.623095095158 1.95 0.5 -0.623095095158
0.96 0.5 -0.623095095158 1.96 0.5 -0.623095095158
0.97 0.5 -0.623095095158 1.97 0.5 -0.623095095158
0.98 0.5 -0.623095095158 1.98 0.5 -0.623095095158
0.99 0.5 -0.623095095158 1.99 0.5 -0.623095095158
1.0 0.5 -0.623095095158 2.0 0.5 -0.623095095158
1.01 0.5 -0.623095095158 2.01 0.5 -0.623095095158
1.02 0.5 -0.623095095158 2.02 0.5 -0.623095095158
1.03 0.5 -0.623095095158 2.03 0.5 -0.623095095158
1.04 0.5 -0.623095095158 2.04 0.5 -0.623095095158
1.05 0.5 -0.623095095158 2.05 0.5 -0.623095095158
1.06 0.5 -0.623095095158 2.06 0.5 -0.623095095158
1.07 0.5 -0.623095095158 2.07 0.5 -0.623095095158
1.08 0.5 -0.623095095158 2.08 0.5 -0.623095095158
1.09 0.5 -0.623095095158 2.09 0.5 -0.623095095158
1.1 0.5 -0.623095095158 2.1 0.5 -0.623095095158
1.11 0.5 -0.623095095158 2.11 0.5 -0.623095095158
1.12 0.5 -0.623095095158 2.12 0.5 -0.623095095158
1.13 0.5 -0.623095095158 2.13 0.5 -0.623095095158
1.14 0.5 -0.623095095158 2.14 0.5 -0.623095095158
1.15 0.5 -0.623095095158 2.15 0.5 -0.623095095158
1.16 0.5 -0.623095095158 2.16 0.5 -0.623095095158
1.17 0.5 -0.623095095158 2.17 0.5 -0.623095095158
1.18 0.5 -0.623095095158 2.18 0.5 -0.623095095158
1.19 0.5 -0.623095095158 2.19 0.5 -0.623095095158
1.2 0.5 -0.623095095158 2.2 0.5 -0.623095095158
1.21 0.5 -0.623095095158 2.21 0.5 -0.623095095158
1.22 0.5 -0.623095095158 2.22 0.5 -0.623095095158
1.23 0.5 -0.623095095158 2.23 0.5 -0.623095095158
1.24 0.5 -0.623095095158 2.24 0.5 -0.623095095158
1.25 0.5 -0.623095095158 2.25 0.5 -0.623095095158
1.26 0.5 -0.623095095158 2.26 0.5 -0.623095095158
1.27 0.5 -0.623095095158 2.27 0.5 -0.623095095158
1.28 0.5 -0.623095095158 2.28 0.5 -0.623095095158
1.29 0.5 -0.623095095158 2.29 0.5 -0.623095095158
1.3 0.5 -0.623095095158 2.3 0.5 -0.623095095158
1.31 0.5 -0.623095095158 2.31 0.5 -0.623095095158
1.32 0.5 -0.623095095158 2.32 0.5 -0.623095095158
1.33 0.5 -0.623095095158 2.33 0.5 -0.623095095158
1.34 0.5 -0.623095095158 2.34 0.5 -0.623095095158
1.35 0.5 -0.623095095158 2.35 0.5 -0.623095095158
1.36 0.5 -0.623095095158 2.36 0.5 -0.623095095158
1.37 0.5 -0.623095095158 2.37 0.5 -0.623095095158
1.38 0.5 -0.623095095158 2.38 0.5 -0.623095095158
1.39 0.5 -0.623095095158 2.39 0.5 -0.623095095158
1.4 0.5 -0.623095095158 2.4 0.5 -0.623095095158
1.41 0.5 -0.623095095158 2.41 0.5 -0.623095095158
1.42 0.5 -0.623095095158 2.42 0.5 -0.623095095158
1.43 0.5 -0.623095095158 2.43 0.5 -0.623095095158
1.44 0.5 -0.623095095158 2.44 0.5 -0.623095095158
1.45 0.5 -0.623095095158 2.45 0.5 -0.623095095158
1.46 0.5 -0.623095095158 2.46 0.5 -0.623095095158
1.47 0.5 -0.623095095158 2.47 0.5 -0.623095095158
1.48 0.5 -0.623095095158 2.48 0.5 -0.623095095158
1.49 0.5 -0.623095095158 2.49 0.5 -0.623095095158
1.5 0.5 -0.623095095158 2.5 0.5 -0.623095095158
1.5 0.5 -0.623095095158 2.5 0.5 -0.623095095158
1.5 0.5 -0.623095095158 2.49965732498 0.526176948308 -0.623095095158
1.5 0.5 -0.623095095158 2.49862953475 0.552335956243 -0.623095095158
1.5 0.5 -0.623095095158 2.49691733373 0.578459095728 -0.623095095158
1.5 0.5 -0.623095095158 2.49452189537 0.604528463268 -0.623095095158
1.5 0.5 -0.623095095158 2.49144486137 0.63052619222 -0.623095095158
1.5 0.5 -0.623095095158 2.4876883406 0.65643446504 -0.623095095158
1.5 0.5 -0.623095095158 2.48325490756 0.682235525492 -0.623095095158
1.5 0.5 -0.623095095158 2.47814760073 0.707911690818 -0.623095095158
1.5 0.5 -0.623095095158 2.4723699204 0.733445363856 -0.623095095158
1.5 0.5 -0.623095095158 2.46592582629 0.758819045103 -0.623095095158
1.5 0.5 -0.623095095158 2.45881973487 0.784015344704 -0.623095095158
1.5 0.5 -0.623095095158 2.4510565163 0.809016994375 -0.623095095158
1.5 0.5 -0.623095095158 2.44264149109 0.833806859234 -0.623095095158
1.5 0.5 -0.623095095158 2.4335804265 0.858367949545 -0.623095095158
1.5 0.5 -0.623095095158 2.42387953251 0.882683432365 -0.623095095158
1.5 0.5 -0.623095095158 2.41354545764 0.906736643076 -0.623095095158
1.5 0.5 -0.623095095158 2.40258528435 0.930511096808 -0.623095095158
1.5 0.5 -0.623095095158 2.39100652419 0.95399049974 -0.623095095158
1.5 0.5 -0.623095095158 2.37881711266 0.97715876026 -0.623095095158
1.5 0.5 -0.623095095158 2.36602540378 1.0 -0.623095095158
1.5 0.5 -0.623095095158 2.35264016435 1.02249856472 -0.623095095158
1.5 0.5 -0.623095095158 2.33867056795 1.04463903502 -0.623095095158
1.5 0.5 -0.623095095158 2.32412618862 1.06640623692 -0.623095095158
1.5 0.5 -0.623095095158 2.30901699437 1.08778525229 -0.623095095158
1.5 0.5 -0.623095095158 2.29335334029 1.10876142901 -0.623095095158
1.5 0.5 -0.623095095158 2.27714596146 1.12932039105 -0.623095095158
1.5 0.5 -0.623095095158 2.2604059656 1.14944804833 -0.623095095158
1.5 0.5 -0.623095095158 2.24314482548 1.16913060636 -0.623095095158
1.5 0.5 -0.623095095158 2.22537437101 1.18835457569 -0.623095095158
1.5 0.5 -0.623095095158 2.20710678119 1.20710678119 -0.623095095158
1.5 0.5 -0.623095095158 2.18835457569 1.22537437101 -0.623095095158
1.5 0.5 -0.623095095158 2.16913060636 1.24314482548 -0.623095095158
1.5 0.5 -0.623095095158 2.14944804833 1.2604059656 -0.623095095158
1.5 0.5 -0.623095095158 2.12932039105 1.27714596146 -0.623095095158
1.5 0.5 -0.623095095158 2.10876142901 1.29335334029 -0.623095095158
1.5 0.5 -0.623095095158 2.08778525229 1.30901699437 -0.623095095158
1.5 0.5 -0.623095095158 2.06640623692 1.32412618862 -0.623095095158
1.5 0.5 -0.623095095158 2.04463903502 1.33867056795 -0.623095095158
1.5 0.5 -0.623095095158 2.02249856472 1.35264016435 -0.623095095158
1.5 0.5 -0.623095095158 2.0 1.36602540378 -0.623095095158
1.5 0.5 -0.623095095158 1.97715876026 1.37881711266 -0.623095095158
1.5 0.5 -0.623095095158 1.95399049974 1.39100652419 -0.623095095158
1.5 0.5 -0.623095095158 1.93051109681 1.40258528435 -0.623095095158
1.5 0.5 -0.623095095158 1.90673664308 1.41354545764 -0.623095095158
1.5 0.5 -0.623095095158 1.88268343237 1.42387953251 -0.623095095158
1.5 0.5 -0.623095095158 1.85836794955 1.4335804265 -0.623095095158
1.5 0.5 -0.623095095158 1.83380685923 1.44264149109 -0.623095095158
1.5 0.5 -0.623095095158 1.80901699437 1.4510565163 -0.623095095158
1.5 0.5 -0.623095095158 1.7840153447 1.45881973487 -0.623095095158
1.5 0.5 -0.623095095158 1.7588190451 1.46592582629 -0.623095095158
1.5 0.5 -0.623095095158 1.73344536386 1.4723699204 -0.623095095158
1.5 0.5 -0.623095095158 1.70791169082 1.47814760073 -0.623095095158
1.5 0.5 -0.623095095158 1.68223552549 1.48325490756 -0.623095095158
1.5 0.5 -0.623095095158 1.65643446504 1.4876883406 -0.623095095158
1.5 0.5 -0.623095095158 1.63052619222 1.49144486137 -0.623095095158
1.5 0.5 -0.623095095158 1.60452846327 1.49452189537 -0.623095095158
1.5 0.5 -0.623095095158 1.57845909573 1.49691733373 -0.623095095158
1.5 0.5 -0.623095095158 1.55233595624 1.49862953475 -0.623095095158
1.5 0.5 -0.623095095158 1.52617694831 1.49965732498 -0.623095095158
1.5 0.51 -0.623095095158 1.5 1.51 -0.623095095158
1.5 0.52 -0.623095095158 1.5 1.52 -0.623095095158
1.5 0.53 -0.623095095158 1.5 1.53 -0.623095095158
1.5 0.54 -0.623095095158 1.5 1.54 -0.623095095158
1.5 0.55 -0.623095095158 1.5 1.55 -0.623095095158
1.5 0.56 -0.623095095158 1.5 1.56 -0.623095095158
1.5 0.57 -0.623095095158 1.5 1.57 -0.623095095158
1.5 0.58 -0.623095095158 1.5 1.58 -0.623095095158
1.5 0.59 -0.623095095158 1.5 1.59 -0.623095095158
1.5 0.6 -0.623095095158 1.5 1.6 -0.623095095158
1.5 0.61 -0.623095095158 1.5 1.61 -0.623095095158
1.5 0.62 -0.623095095158 1.5 1.62 -0.623095095158
1.5 0.63 -0.623095095158 1.5 1.63 -0.623095095158
1.5 0.64 -0.623095095158 1.5 1.64 -0.623095095158
1.5 0.65 -0.623095095158 1.5 1.65 -0.623095095158
1.5 0.66 -0.623095095158 1.5 1.66 -0.623095095158
1.5 0.67 -0.623095095158 1.5 1.67 -0.623095095158
1.5 0.68 -0.623095095158 1.5 1.68 -0.623095095158
1.5 0.69 -0.623095095158 1.5 1.69 -0.623095095158
1.5 0.7 -0.623095095158 1.5 1.7 -0.623095095158
1.5 0.71 -0.623095095158 1.5 1.71 -0.623095095158
1.5 0.72 -0.623095095158 1.5 1.72 -0.623095095158
1.5 0.73 -0.623095095158 1.5 1.73 -0.623095095158
1.5 0.74 -0.623095095158 1.5 1.74 -0.623095095158
1.5 0.75 -0.623095095158 1.5 1.75 -0.623095095158
1.5 0.76 -0.623095095158 1.5 1.76 -0.623095095158
1.5 0.77 -0.623095095158 1.5 1.77 -0.623095095158
1.5 0.78 -0.623095095158 1.5 1.78 -0.623095095158
1.5 0.79 -0.623095095158 1.5 1.79 -0.623095095158
1.5 0.8 -0.623095095158 1.5 1.8 -0.623095095158
1.5 0.81 -0.623095095158 1.5 1.81 -0.623095095158
1.5 0.82 -0.623095095158 1.5 1.82 -0.623095095158
1.5 0.83 -0.623095095158 1.5 1.83 -0.623095095158
1.5 0.84 -0.623095095158 1.5 1.84 -0.623095095158
1.5 0.85 -0.623095095158 1.5 1.85 -0.623095095158
1.5 0.86 -0.623095095158 1.5 1.86 -0.623095095158
1.5 0.87 -0.623095095158 1.5 1.87 -0.623095095158
1.5 0.88 -0.623095095158 1.5 1.88 -0.623095095158
1.5 0.89 -0.623095095158 1.5 1.89 -0.623095095158
1.5 0.9 -0.623095095158 1.5 1.9 -0.623095095158
1.5 0.91 -0.623095095158 1.5 1.91 -0.623095095158
1.5 0.92 -0.623095095158 1.5 1.92 -0.623095095158
1.5 0.93 -0.623095095158 1.5 1.93 -0.623095095158
1.5 0.94 -0.623095095158 1.5 1.94 -0.623095095158
1.5 0.95 -0.623095095158 1.5 1.95 -0.623095095158
1.5 0.96 -0.623095095158 1.5 1.96 -0.623095095158
1.5 0.97 -0.623095095158 1.5 1.97 -0.623095095158
1.5 0.98 -0.623095095158 1.5 1.98 -0.623095095158
1.5 0.99 -0.623095095158 1.5 1.99 -0.623095095158
1.5 1.0 -0.623095095158 1.5 2.0 -0.623095095158
1.5 1.01 -0.623095095158 1.5 2.01 -0.623095095158
1.5 1.02 -0.623095095158 1.5 2.02 -0.623095095158
1.5 1.03 -0.623095095158 1.5 2.03 -0.623095095158
1.5 1.04 -0.623095095158 1.5 2.04 -0.623095095158
1.5 1.05 -0.623095095158 1.5 2.05 -0.623095095158
1.5 1.06 -0.623095095158 1.5 2.06 -0.623095095158
1.5 1.07 -0.623095095158 1.5 2.07 -0.623095095158
1.5 1.08 -0.623095095158 1.5 2.08 -0.623095095158
1.5 1.09 -0.623095095158 1.5 2.09 -0.623095095158
1.5 1.1 -0.623095095158 1.5 2.1 -0.623095095158
1.5 1.11 -0.623095095158 1.5 2.11 -0.623095095158
1.5 1.12 -0.623095095158 1.5 2.12 -0.623095095158
1.5 1.13 -0.623095095158 1.5 2.13 -0.623095095158
1.5 1.14 -0.623095095158 1.5 2.14 -0.623095095158
1.5 1.15 -0.623095095158 1.5 2.15 -0.623095095158
1.5 1.16 -0.623095095158 1.5 2.16 -0.623095095158
1.5 1.17 -0.623095095158 1.5 2.17 -0.623095095158
1.5 1.18 -0.623095095158 1.5 2.18 -0.623095095158
1.5 1.19 -0.623095095158 1.5 2.19 -0.623095095158
1.5 1.2 -0.623095095158 1.5 2.2 -0.623095095158
1.5 1.21 -0.623095095158 1.5 2.21 -0.623095095158
1.5 1.22 -0.623095095158 1.5 2.22 -0.623095095158
1.5 1.23 -0.623095095158 1.5 2.23 -0.623095095158
1.5 1.24 -0.623095095158 1.5 2.24 -0.623095095158
1.5 1.25 -0.623095095158 1.5 2.25 -0.623095095158
1.5 1.26 -0.623095095158 1.5 2.26 -0.623095095158
1.5 1.27 -0.623095095158 1.5 2.27 -0.623095095158
1.5 1.28 -0.623095095158 1.5 2.28 -0.623095095158
1.5 1.29 -0.623095095158 1.5 2.29 -0.623095095158
1.5 1.3 -0.623095095158 1.5 2.3 -0.623095095158
1.5 1.31 -0.623095095158 1.5 2.31 -0.623095095158
1.5 1.32 -0.623095095158 1.5 2.32 -0.623095095158
1.5 1.33 -0.623095095158 1.5 2.33 -0.623095095158
1.5 1.34 -0.623095095158 1.5 2.34 -0.623095095158
1.5 1.35 -0.623095095158 1.5 2.35 -0.623095095158
1.5 1.36 -0.623095095158 1.5 2.36 -0.623095095158
1.5 1.37 -0.623095095158 1.5 2.37 -0.623095095158
1.5 1.38 -0.623095095158 1.5 2.38 -0.623095095158
1.5 1.39 -0.623095095158 1.5 2.39 -0.623095095158
1.5 1.4 -0.623095095158 1.5 2.4 -0.623095095158
1.5 1.41 -0.623095095158 1.5 2.41 -0.623095095158
1.5 1.42 -0.623095095158 1.5 2.42 -0.623095095158
1.5 1.43 -0.623095095158 1.5 2.43 -0.623095095158
1.5 1.44 -0.623095095158 1.5 2.44 -0.623095095158
1.5 1.45 -0.623095095158 1.5 2.45 -0.623095095158
1.5 1.46 -0.623095095158 1.5 2.46 -0.623095095158
1.5 1.47 -0.623095095158 1.5 2.47 -0.623095095158
1.5 1.48 -0.623095095158 1.5 2.48 -0.623095095158
1.5 1.49 -0.623095095158 1.5 2.49 -0.623095095158
1.5 1.5 -0.623095095158 1.5 2.5 -0.623095095158
1.5 1.51 -0.623095095158 1.5 2.51 -0.623095095158
1.5 1.52 -0.623095095158 1.5 2.52 -0.623095095158
1.5 1.53 -0.623095095158 1.5 2.53 -0.623095095158
1.5 1.54 -0.623095095158 1.5 2.54 -0.623095095158
1.5 1.55 -0.623095095158 1.5 2.55 -0.623095095158
1.5 1.56 -0.623095095158 1.5 2.56 -0.623095095158
1.5 1.57 -0.623095095158 1.5 2.57 -0.623095095158
1.5 1.58 -0.623095095158 1.5 2.58 -0.623095095158
1.5 1.59 -0.623095095158 1.5 2.59 -0.623095095158
1.5 1.6 -0.623095095158 1.5 2.6 -0.623095095158
1.5 1.61 -0.623095095158 1.5 2.61 -0.623095095158
1.5 1.62 -0.623095095158 1.5 2.62 -0.623095095158
1.5 1.63 -0.623095095158 1.5 2.63 -0.623095095158
1.5 1.64 -0.623095095158 1.5 2.64 -0.623095095158
1.5 1.65 -0.623095095158 1.5 2.65 -0.623095095158
1.5 1.66 -0.623095095158 1.5 2.66 -0.623095095158
1.5 1.67 -0.623095095158 1.5 2.67 -0.623095095158
1.5 1.68 -0.623095095158 1.5 2.68 -0.623095095158
1.5 1.69 -0.623095095158 1.5 2.69 -0.623095095158
1.5 1.7 -0.623095095158 1.5 2.7 -0.623095095158
1.5 1.71 -0.623095095158 1.5 2.71 -0.623095095158
1.5 1.72 -0.623095095158 1.5 2.72 -0.623095095158
1.5 1.73 -0.623095095158 1.5 2.73 -0.623095095158
1.5 1.74 -0.623095095158 1.5 2.74 -0.623095095158
1.5 1.75 -0.623095095158 1.5 2.75 -0.623095095158
1.5 1.76 -0.623095095158 1.5 2.76 -0.623095095158
1.5 1.77 -0.623095095158 1.5 2.77 -0.623095095158
1.5 1.78 -0.623095095158 1.5 2.78 -0.623095095158
1.5 1.79 -0.623095095158 1.5 2.79 -0.623095095158
1.5 1.8 -0.623095095158 1.5 2.8 -0.623095095158
1.5 1.81 -0.623095095158 1.5 2.81 -0.623095095158
1.5 1.82 -0.623095095158 1.5 2.82 -0.623095095158
1.5 1.83 -0.623095095158 1.5 2.83 -0.623095095158
1.5 1.84 -0.623095095158 1.5 2.84 -0.623095095158
1.5 1.85 -0.623095095158 1.5 2.85 -0.623095095158
1.5 1.86 -0.623095095158 1.5 2.86 -0.623095095158
1.5 1.87 -0.623095095158 1.5 2.87 -0.623095095158
1.5 1.88 -0.623095095158 1.5 2.88 -0.623095095158
1.5 1.89 -0.623095095158 1.5 2.89 -0.623095095158
1.5 1.9 -0.623095095158 1.5 2.9 -0.623095095158
1.5 1.91 -0.623095095158 1.5 2.91 -0.623095095158
1.5 1.92 -0.623095095158 1.5 2.92 -0.623095095158
1.5 1.93 -0.623095095158 1.5 2.93 -0.623095095158
1.5 1.94 -0.623095095158 1.5 2.94 -0.623095095158
1.5 1.95 -0.623095095158 1.5 2.95 -0.623095095158
1.5 1.96 -0.623095095158 1.5 2.96 -0.623095095158
1.5 1.97 -0.623095095158 1.5 2.97 -0.623095095158
1.5 1.98 -0.623095095158 1.5 2.98 -0.623095095158
1.5 1.99 -0.623095095158 1.5 2.99 -0.623095095158
1.5 2.0 -0.623095095158 1.5 3.0 -0.623095095158
1.5 2.0 -0.623095095158 1.5 3.0 -0.623095095158
1.5 2.0 -0.623095095158 1.47382305169 2.99965732498 -0.623095095158
1.5 2.0 -0.623095095158 1.44766404376 2.99862953475 -0.623095095158
1.5 2.0 -0.623095095158 1.42154090427 2.99691733373 -0.623095095158
1.5 2.0 -0.623095095158 1.39547153673 2.99452189537 -0.623095095158
1.5 2.0 -0.623095095158 1.36947380778 2.99144486137 -0.623095095158
1.5 2.0 -0.623095095158 1.34356553496 2.9876883406 -0.623095095158
1.5 2.0 -0.623095095158 1.31776447451 2.98325490756 -0.623095095158
1.5 2.0 -0.623095095158 1.29208830918 2.97814760073 -0.623095095158
1.5 2.0 -0.623095095158 1.26655463614 2.9723699204 -0.623095095158
1.5 2.0 -0.623095095158 1.2411809549 2.96592582629 -0.623095095158
1.5 2.0 -0.623095095158 1.2159846553 2.95881973487 -0.623095095158
1.5 2.0 -0.623095095158 1.19098300563 2.9510565163 -0.623095095158
1.5 2.0 -0.623095095158 1.16619314077 2.94264149109 -0.623095095158
1.5 2.0 -0.623095095158 1.14163205045 2.9335804265 -0.623095095158
1.5 2.0 -0.623095095158 1.11731656763 2.92387953251 -0.623095095158
1.5 2.0 -0.623095095158 1.09326335692 2.91354545764 -0.623095095158
1.5 2.0 -0.623095095158 1.06948890319 2.90258528435 -0.623095095158
1.5 2.0 -0.623095095158 1.04600950026 2.89100652419 -0.623095095158
1.5 2.0 -0.623095095158 1.02284123974 2.87881711266 -0.623095095158
1.5 2.0 -0.623095095158 1.0 2.86602540378 -0.623095095158
1.5 2.0 -0.623095095158 0.977501435284 2.85264016435 -0.623095095158
1.5 2.0 -0.623095095158 0.955360964985 2.83867056795 -0.623095095158
1.5 2.0 -0.623095095158 0.933593763075 2.82412618862 -0.623095095158
1.5 2.0 -0.623095095158 0.912214747708 2.80901699437 -0.623095095158
1.5 2.0 -0.623095095158 0.891238570991 2.79335334029 -0.623095095158
1.5 2.0 -0.623095095158 0.87067960895 2.77714596146 -0.623095095158
1.5 2.0 -0.623095095158 0.85055195167 2.7604059656 -0.623095095158
1.5 2.0 -0.623095095158 0.830869393641 2.74314482548 -0.623095095158
1.5 2.0 -0.623095095158 0.811645424306 2.72537437101 -0.623095095158
1.5 2.0 -0.623095095158 0.792893218813 2.70710678119 -0.623095095158
1.5 2.0 -0.623095095158 0.774625628988 2.68835457569 -0.623095095158
1.5 2.0 -0.623095095158 0.756855174523 2.66913060636 -0.623095095158
1.5 2.0 -0.623095095158 0.7395940344 2.64944804833 -0.623095095158
1.5 2.0 -0.623095095158 0.722854038543 2.62932039105 -0.623095095158
1.5 2.0 -0.623095095158 0.706646659709 2.60876142901 -0.623095095158
1.5 2.0 -0.623095095158 0.690983005625 2.58778525229 -0.623095095158
1.5 2.0 -0.623095095158 0.675873811378 2.56640623692 -0.623095095158
1.5 2.0 -0.623095095158 0.661329432055 2.54463903502 -0.623095095158
1.5 2.0 -0.623095095158 0.647359835646 2.52249856472 -0.623095095158
1.5 2.0 -0.623095095158 0.633974596216 2.5 -0.623095095158
1.5 2.0 -0.623095095158 0.621182887338 2.47715876026 -0.623095095158
1.5 2.0 -0.623095095158 0.608993475812 2.45399049974 -0.623095095158
1.5 2.0 -0.623095095158 0.59741471565 2.43051109681 -0.623095095158
1.5 2.0 -0.623095095158 0.586454542357 2.40673664308 -0.623095095158
1.5 2.0 -0.623095095158 0.576120467489 2.38268343237 -0.623095095158
1.5 2.0 -0.623095095158 0.566419573503 2.35836794955 -0.623095095158
1.5 2.0 -0.623095095158 0.557358508908 2.33380685923 -0.623095095158
1.5 2.0 -0.623095095158 0.548943483705 2.30901699437 -0.623095095158
1.5 2.0 -0.623095095158 0.541180265132 2.2840153447 -0.623095095158
1.5 2.0 -0.623095095158 0.534074173711 2.2588190451 -0.623095095158
1.5 2.0 -0.623095095158 0.527630079602 2.23344536386 -0.623095095158
1.5 2.0 -0.623095095158 0.521852399266 2.20791169082 -0.623095095158
1.5 2.0 -0.623095095158 0.516745092436 2.18223552549 -0.623095095158
1.5 2.0 -0.623095095158 0.512311659405 2.15643446504 -0.623095095158
1.5 2.0 -0.623095095158 0.508555138626 2.13052619222 -0.623095095158
1.5 2.0 -0.623095095158 0.505478104632 2.10452846327 -0.623095095158
1.5 2.0 -0.623095095158 0.503082666267 2.07845909573 -0.623095095158
1.5 2.0 -0.623095095158 0.501370465245 2.05233595624 -0.623095095158
1.5 2.0 -0.623095095158 0.500342675024 2.02617694831 -0.623095095158
1.49 2.0 -0.623095095158 0.49 2.0 -0.623095095158
1.48 2.0 -0.623095095158 0.48 2.0 -0.623095095158
1.47 2.0 -0.623095095158 0.47 2.0 -0.623095095158
1.46 2.0 -0.623095095158 0.46 2.0 -0.623095095158
1.45 2.0 -0.623095095158 0.45 2.0 -0.623095095158
1.44 2.0 -0.623095095158 0.44 2.0 -0.623095095158
1.43 2.0 -0.623095095158 0.43 2.0 -0.623095095158
1.42 2.0 -0.623095095158 0.42 2.0 -0.623095095158
1.41 2.0 -0.623095095158 0.41 2.0 -0.623095095158
1.4 2.0 -0.623095095158 0.4 2.0 -0.623095095158
1.39 2.0 -0.623095095158 0.39 2.0 -0.623095095158
1.38 2.0 -0.623095095158 0.38 2.0 -0.623095095158
1.37 2.0 -0.623095095158 0.37 2.0 -0.623095095158
1.36 2.0 -0.623095095158 0.36 2.0 -0.623095095158
1.35 2.0 -0.623095095158 0.35 2.0 -0.623095095158
1.34 2.0 -0.623095095158 0.34 2.0 -0.623095095158
1.33 2.0 -0.623095095158 0.33 2.0 -0.623095095158
1.32 2.0 -0.623095095158 0.32 2.0 -0.623095095158
1.31 2.0 -0.623095095158 0.31 2.0 -0.623095095158
1.3 2.0 -0.623095095158 0.3 2.0 -0.623095095158
1.29 2.0 -0.623095095158 0.29 2.0 -0.623095095158
1.28 2.0 -0.623095095158 0.28 2.0 -0.623095095158
1.27 2.0 -0.623095095158 0.27 2.0 -0.623095095158
1.26 2.0 -0.623095095158 0.26 2.0 -0.623095095158
1.25 2.0 -0.623095095158 0.25 2.0 -0.623095095158
1.24 2.0 -0.623095095158 0.24 2.0 -0.623095095158
1.23 2.0 -0.623095095158 0.23 2.0 -0.623095095158
1.22 2.0 -0.623095095158 0.22 2.0 -0.623095095158
1.21 2.0 -0.623095095158 0.21 2.0 -0.623095095158
1.2 2.0 -0.623095095158 0.2 2.0 -0.623095095158
1.19 2.0 -0.623095095158 0.19 2.0 -0.623095095158
1.18 2.0 -0.623095095158 0.18 2.0 -0.623095095158
1.17 2.0 -0.623095095158 0.17 2.0 -0.623095095158
1.16 2.0 -0.623095095158 0.16 2.0 -0.623095095158
1.15 2.0 -0.623095095158 0.15 2.0 -0.623095095158
1.14 2.0 -0.623095095158 0.14 2.0 -0.623095095158
1.13 2.0 -0.623095095158 0.13 2.0 -0.623095095158
1.12 2.0 -0.623095095158 0.12 2.0 -0.623095095158
1.11 2.0 -0.623095095158 0.11 2.0 -0.623095095158
1.1 2.0 -0.623095095158 0.1 2.0 -0.623095095158
1.09 2.0 -0.623095095158 0.09 2.0 -0.623095095158
1.08 2.0 -0.623095095158 0.08 2.0 -0.623095095158
1.07 2.0 -0.623095095158 0.07 2.0 -0.623095095158
1.06 2.0 -0.623095095158 0.06 2.0 -0.623095095158
1.05 2.0 -0.623095095158 0.05 2.0 -0.623095095158
1.04 2.0 -0.623095095158 0.04 2.0 -0.623095095158
1.03 2.0 -0.623095095158 0.03 2.0 -0.623095095158
1.02 2.0 -0.623095095158 0.02 2.0 -0.623095095158
1.01 2.0 -0.623095095158 0.01 2.0 -0.623095095158
1.0 2.0 -0.623095095158 6.66133814775e-16 2.0 -0.623095095158
0.99 2.0 -0.623095095158 -0.01 2.0 -0.623095095158
0.98 2.0 -0.623095095158 -0.02 2.0 -0.623095095158
0.97 2.0 -0.623095095158 -0.03 2.0 -0.623095095158
0.96 2.0 -0.623095095158 -0.04 2.0 -0.623095095158
0.95 2.0 -0.623095095158 -0.05 2.0 -0.623095095158
0.94 2.0 -0.623095095158 -0.06 2.0 -0.623095095158
0.93 2.0 -0.623095095158 -0.07 2.0 -0.623095095158
0.92 2.0 -0.623095095158 -0.08 2.0 -0.623095095158
0.91 2.0 -0.623095095158 -0.09 2.0 -0.623095095158
0.9 2.0 -0.623095095158 -0.1 2.0 -0.623095095158
0.89 2.0 -0.623095095158 -0.11 2.0 -0.623095095158
0.88 2.0 -0.623095095158 -0.12 2.0 -0.623095095158
0.87 2.0 -0.623095095158 -0.13 2.0 -0.623095095158
0.86 2.0 -0.623095095158 -0.14 2.0 -0.623095095158
0.85 2.0 -0.623095095158 -0.15 2.0 -0.623095095158
0.84 2.0 -0.623095095158 -0.16 2.0 -0.623095095158
0.83 2.0 -0.623095095158 -0.17 2.0 -0.623095095158
0.82 2.0 -0.623095095158 -0.18 2.0 -0.623095095158
0.81 2.0 -0.623095095158 -0.19 2.0 -0.623095095158
0.8 2.0 -0.623095095158 -0.2 2.0 -0.623095095158
0.79 2.0 -0.623095095158 -0.21 2.0 -0.623095095158
0.78 2.0 -0.623095095158 -0.22 2.0 -0.623095095158
0.77 2.0 -0.623095095158 -0.23 2.0 -0.623095095158
0.76 2.0 -0.623095095158 -0.24 2.0 -0.623095095158
0.75 2.0 -0.623095095158 -0.25 2.0 -0.623095095158
0.74 2.0 -0.623095095158 -0.26 2.0 -0.623095095158
0.73 2.0 -0.623095095158 -0.27 2.0 -0.623095095158
0.72 2.0 -0.623095095158 -0.28 2.0 -0.623095095158
0.71 2.0 -0.623095095158 -0.29 2.0 -0.623095095158
0.7 2.0 -0.623095095158 -0.3 2.0 -0.623095095158
0.69 2.0 -0.623095095158 -0.31 2.0 -0.623095095158
0.68 2.0 -0.623095095158 -0.32 2.0 -0.623095095158
0.67 2.0 -0.623095095158 -0.33 2.0 -0.623095095158
0.66 2.0 -0.623095095158 -0.34 2.0 -0.623095095158
0.65 2.0 -0.623095095158 -0.35 2.0 -0.623095095158
0.64 2.0 -0.623095095158 -0.36 2.0 -0.623095095158
0.63 2.0 -0.623095095158 -0.37 2.0 -0.623095095158
0.62 2.0 -0.623095095158 -0.38 2.0 -0.623095095158
0.61 2.0 -0.623095095158 -0.39 2.0 -0.623095095158
0.6 2.0 -0.623095095158 -0.4 2.0 -0.623095095158
0.59 2.0 -0.623095095158 -0.41 2.0 -0.623095095158
0.58 2.0 -0.623095095158 -0.42 2.0 -0.623095095158
0.57 2.0 -0.623095095158 -0.43 2.0 -0.623095095158
0.56 2.0 -0.623095095158 -0.44 2.0 -0.623095095158
0.55 2.0 -0.623095095158 -0.45 2.0 -0.623095095158
0.54 2.0 -0.623095095158 -0.46 2.0 -0.623095095158
0.53 2.0 -0.623095095158 -0.47 2.0 -0.623095095158
0.52 2.0 -0.623095095158 -0.48 2.0 -0.623095095158
0.51 2.0 -0.623095095158 -0.49 2.0 -0.623095095158
0.5 2.0 -0.623095095158 -0.5 2.0 -0.623095095158
0.49 2.0 -0.623095095158 -0.51 2.0 -0.623095095158
0.48 2.0 -0.623095095158 -0.52 2.0 -0.623095095158
0.47 2.0 -0.623095095158 -0.53 2.0 -0.623095095158
0.46 2.0 -0.623095095158 -0.54 2.0 -0.623095095158
0.45 2.0 -0.623095095158 -0.55 2.0 -0.623095095158
0.44 2.0 -0.623095095158 -0.56 2.0 -0.623095095158
0.43 2.0 -0.623095095158 -0.57 2.0 -0.623095095158
0.42 2.0 -0.623095095158 -0.58 2.0 -0.623095095158
0.41 2.0 -0.623095095158 -0.59 2.0 -0.623095095158
0.4 2.0 -0.623095095158 -0.6 2.0 -0.623095095158
0.39 2.0 -0.623095095158 -0.61 2.0 -0.623095095158
0.38 2.0 -0.623095095158 -0.62 2.0 -0.623095095158
0.37 2.0 -0.623095095158 -0.63 2.0 -0.623095095158
0.36 2.0 -0.623095095158 -0.64 2.0 -0.623095095158
0.35 2.0 -0.623095095158 -0.65 2.0 -0.623095095158
0.34 2.0 -0.623095095158 -0.66 2.0 -0.623095095158
0.33 2.0 -0.623095095158 -0.67 2.0 -0.623095095158
0.32 2.0 -0.623095095158 -0.68 2.0 -0.623095095158
0.31 2.0 -0.623095095158 -0.69 2.0 -0.623095095158
0.3 2.0 -0.623095095158 -0.7 2.0 -0.623095095158
0.29 2.0 -0.623095095158 -0.71 2.0 -0.623095095158
0.28 2.0 -0.623095095158 -0.72 2.0 -0.623095095158
0.27 2.0 -0.623095095158 -0.73 2.0 -0.623095095158
0.26 2.0 -0.623095095158 -0.74 2.0 -0.623095095158
0.25 2.0 -0.623095095158 -0.75 2.0 -0.623095095158
0.24 2.0 -0.623095095158 -0.76 2.0 -0.623095095158
0.23 2.0 -0.623095095158 -0.77 2.0 -0.623095095158
0.22 2.0 -0.623095095158 -0.78 2.0 -0.623095095158
0.21 2.0 -0.623095095158 -0.79 2.0 -0.623095095158
0.2 2.0 -0.623095095158 -0.8 2.0 -0.623095095158
0.19 2.0 -0.623095095158 -0.81 2.0 -0.623095095158
0.18 2.0 -0.623095095158 -0.82 2.0 -0.623095095158
0.17 2.0 -0.623095095158 -0.83 2.0 -0.623095095158
0.16 2.0 -0.623095095158 -0.84 2.0 -0.623095095158
0.15 2.0 -0.623095095158 -0.85 2.0 -0.623095095158
0.14 2.0 -0.623095095158 -0.86 2.0 -0.623095095158
0.13 2.0 -0.623095095158 -0.87 2.0 -0.623095095158
0.12 2.0 -0.623095095158 -0.88 2.0 -0.623095095158
0.11 2.0 -0.623095095158 -0.89 2.0 -0.623095095158
0.1 2.0 -0.623095095158 -0.9 2.0 -0.623095095158
0.09 2.0 -0.623095095158 -0.91 2.0 -0.623095095158
0.08 2.0 -0.623095095158 -0.92 2.0 -0.623095095158
0.07 2.0 -0.623095095158 -0.93 2.0 -0.623095095158
0.06 2.0 -0.623095095158 -0.94 2.0 -0.623095095158
0.05 2.0 -0.623095095158 -0.95 2.0 -0.623095095158
0.04 2.0 -0.623095095158 -0.96 2.0 -0.623095095158
0.03 2.0 -0.623095095158 -0.97 2.0 -0.623095095158
0.02 2.0 -0.623095095158 -0.98 2.0 -0.623095095158
0.01 2.0 -0.623095095158 -0.99 2.0 -0.623095095158
-8.67361737988e-17 2.0 -0.623095095158 -1.0 2.0 -0.623095095158
-8.67361737988e-17 2.0 -0.623095095158 -1.0 2.0 -0.623095095158
-8.67361737988e-17 2.0 -0.623095095158 -0.999657324976 1.97382305169 -0.623095095158
-8.67361737988e-17 2.0 -0.623095095158 -0.998629534755 1.94766404376 -0.623095095158
-8.67361737988e-17 2.0 -0.623095095158 -0.996917333733 1.92154090427 -0.623095095158
-8.67361737988e-17 2.0 -0.623095095158 -0.994521895368 1.89547153673 -0.623095095158
-8.67361737988e-17 2.0 -0.623095095158 -0.991444861374 1.86947380778 -0.623095095158
-8.67361737988e-17 2.0 -0.623095095158 -0.987688340595 1.84356553496 -0.623095095158
-8.67361737988e-17 2.0 -0.623095095158 -0.983254907564 1.81776447451 -0.623095095158
-8.67361737988e-17 2.0 -0.623095095158 -0.978147600734 1.79208830918 -0.623095095158
-8.67361737988e-17 2.0 -0.623095095158 -0.972369920398 1.76655463614 -0.623095095158
-8.67361737988e-17 2.0 -0.623095095158 -0.965925826289 1.7411809549 -0.623095095158
-8.67361737988e-17 2.0 -0.623095095158 -0.958819734868 1.7159846553 -0.623095095158
-8.67361737988e-17 2.0 -0.623095095158 -0.951056516295 1.69098300563 -0.623095095158
-8.67361737988e-17 2.0 -0.623095095158 -0.942641491092 1.66619314077 -0.623095095158
-8.67361737988e-17 2.0 -0.623095095158 -0.933580426497 1.64163205045 -0.623095095158
-8.67361737988e-17 2.0 -0.623095095158 -0.923879532511 1.61731656763 -0.623095095158
-8.67361737988e-17 2.0 -0.623095095158 -0.913545457643 1.59326335692 -0.623095095158
-8.67361737988e-17 2.0 -0.623095095158 -0.90258528435 1.56948890319 -0.623095095158
-8.67361737988e-17 2.0 -0.623095095158 -0.891006524188 1.54600950026 -0.623095095158
-8.67361737988e-17 2.0 -0.623095095158 -0.878817112662 1.52284123974 -0.623095095158
-8.67361737988e-17 2.0 -0.623095095158 -0.866025403784 1.5 -0.623095095158
-8.67361737988e-17 2.0 -0.623095095158 -0.852640164354 1.47750143528 -0.623095095158
-8.67361737988e-17 2.0 -0.623095095158 -0.838670567945 1.45536096498 -0.623095095158
-8.67361737988e-17 2.0 -0.623095095158 -0.824126188622 1.43359376308 -0.623095095158
-8.67361737988e-17 2.0 -0.623095095158 -0.809016994375 1.41221474771 -0.623095095158
-8.67361737988e-17 2.0 -0.623095095158 -0.793353340291 1.39123857099 -0.623095095158
-8.67361737988e-17 2.0 -0.623095095158 -0.777145961457 1.37067960895 -0.623095095158
-8.67361737988e-17 2.0 -0.623095095158 -0.7604059656 1.35055195167 -0.623095095158
-8.67361737988e-17 2.0 -0.623095095158 -0.743144825477 1.33086939364 -0.623095095158
-8.67361737988e-17 2.0 -0.623095095158 -0.725374371012 1.31164542431 -0.623095095158
-8.67361737988e-17 2.0 -0.623095095158 -0.707106781187 1.29289321881 -0.623095095158
-8.67361737988e-17 2.0 -0.623095095158 -0.688354575694 1.27462562899 -0.623095095158
-8.67361737988e-17 2.0 -0.623095095158 -0.669130606359 1.25685517452 -0.623095095158
-8.67361737988e-17 2.0 -0.623095095158 -0.64944804833 1.2395940344 -0.623095095158
-8.67361737988e-17 2.0 -0.623095095158 -0.62932039105 1.22285403854 -0.623095095158
-8.67361737988e-17 2.0 -0.623095095158 -0.608761429009 1.20664665971 -0.623095095158
-8.67361737988e-17 2.0 -0.623095095158 -0.587785252292 1.19098300563 -0.623095095158
-8.67361737988e-17 2.0 -0.623095095158 -0.566406236925 1.17587381138 -0.623095095158
-8.67361737988e-17 2.0 -0.623095095158 -0.544639035015 1.16132943205 -0.623095095158
-8.67361737988e-17 2.0 -0.623095095158 -0.522498564716 1.14735983565 -0.623095095158
-8.67361737988e-17 2.0 -0.623095095158 -0.5 1.13397459622 -0.623095095158
-8.67361737988e-17 2.0 -0.623095095158 -0.47715876026 1.12118288734 -0.623095095158
-8.67361737988e-17 2.0 -0.623095095158 -0.45399049974 1.10899347581 -0.623095095158
-8.67361737988e-17 2.0 -0.623095095158 -0.430511096808 1.09741471565 -0.623095095158
-8.67361737988e-17 2.0 -0.623095095158 -0.406736643076 1.08645454236 -0.623095095158
-8.67361737988e-17 2.0 -0.623095095158 -0.382683432365 1.07612046749 -0.623095095158
-8.67361737988e-17 2.0 -0.623095095158 -0.358367949545 1.0664195735 -0.623095095158
-8.67361737988e-17 2.0 -0.623095095158 -0.333806859234 1.05735850891 -0.623095095158
-8.67361737988e-17 2.0 -0.623095095158 -0.309016994375 1.0489434837 -0.623095095158
-8.67361737988e-17 2.0 -0.623095095158 -0.284015344704 1.04118026513 -0.623095095158
-8.67361737988e-17 2.0 -0.623095095158 -0.258819045103 1.03407417371 -0.623095095158
-8.67361737988e-17 2.0 -0.623095095158 -0.233445363856 1.0276300796 -0.623095095158
-8.67361737988e-17 2.0 -0.623095095158 -0.207911690818 1.02185239927 -0.623095095158
-8.67361737988e-17 2.0 -0.623095095158 -0.182235525492 1.01674509244 -0.623095095158
-8.67361737988e-17 2.0 -0.623095095158 -0.15643446504 1.0123116594 -0.623095095158
-8.67361737988e-17 2.0 -0.623095095158 -0.13052619222 1.00855513863 -0.623095095158
-8.67361737988e-17 2.0 -0.623095095158 -0.104528463268 1.00547810463 -0.623095095158
-8.67361737988e-17 2.0 -0.623095095158 -0.0784590957278 1.00308266627 -0.623095095158
-8.67361737988e-17 2.0 -0.623095095158 -0.0523359562429 1.00137046525 -0.623095095158
-8.67361737988e-17 2.0 -0.623095095158 -0.0261769483079 1.00034267502 -0.623095095158
-8.67361737988e-17 1.99 -0.623095095158 -8.67361737988e-17 0.99 -0.623095095158
-8.67361737988e-17 1.98 -0.623095095158 -8.67361737988e-17 0.98 -0.623095095158
-8.67361737988e-17 1.97 -0.623095095158 -8.67361737988e-17 0.97 -0.623095095158
-8.67361737988e-17 1.96 -0.623095095158 -8.67361737988e-17 0.96 -0.623095095158
-8.67361737988e-17 1.95 -0.623095095158 -8.67361737988e-17 0.95 -0.623095095158
-8.67361737988e-17 1.94 -0.623095095158 -8.67361737988e-17 0.94 -0.623095095158
-8.67361737988e-17 1.93 -0.623095095158 -8.67361737988e-17 0.93 -0.623095095158
-8.67361737988e-17 1.92 -0.623095095158 -8.67361737988e-17 0.92 -0.623095095158
-8.67361737988e-17 1.91 -0.623095095158 -8.67361737988e-17 0.91 -0.623095095158
-8.67361737988e-17 1.9 -0.623095095158 -8.67361737988e-17 0.9 -0.623095095158
-8.67361737988e-17 1.89 -0.623095095158 -8.67361737988e-17 0.89 -0.623095095158
-8.67361737988e-17 1.88 -0.623095095158 -8.67361737988e-17 0.88 -0.623095095158
-8.67361737988e-17 1.87 -0.623095095158 -8.67361737988e-17 0.87 -0.623095095158
-8.67361737988e-17 1.86 -0.623095095158 -8.67361737988e-17 0.86 -0.623095095158
-8.67361737988e-17 1.85 -0.623095095158 -8.67361737988e-17 0.85 -0.623095095158
-8.67361737988e-17 1.84 -0.623095095158 -8.67361737988e-17 0.84 -0.623095095158
-8.67361737988e-17 1.83 -0.623095095158 -8.67361737988e-17 0.83 -0.623095095158
-8.67361737988e-17 1.82 -0.623095095158 -8.67361737988e-17 0.82 -0.623095095158
-8.67361737988e-17 1.81 -0.623095095158 -8.67361737988e-17 0.81 -0.623095095158
-8.67361737988e-17 1.8 -0.623095095158 -8.67361737988e-17 0.8 -0.623095095158
-8.67361737988e-17 1.79 -0.623095095158 -8.67361737988e-17 0.79 -0.623095095158
-8.67361737988e-17 1.78 -0.623095095158 -8.67361737988e-17 0.78 -0.623095095158
-8.67361737988e-17 1.77 -0.623095095158 -8.67361737988e-17 0.77 -0.623095095158
-8.67361737988e-17 1.76 -0.623095095158 -8.67361737988e-17 0.76 -0.623095095158
-8.67361737988e-17 1.75 -0.623095095158 -8.67361737988e-17 0.75 -0.623095095158
-8.67361737988e-17 1.74 -0.623095095158 -8.67361737988e-17 0.74 -0.623095095158
-8.67361737988e-17 1.73 -0.623095095158 -8.67361737988e-17 0.73 -0.623095095158
-8.67361737988e-17 1.72 -0.623095095158 -8.67361737988e-17 0.72 -0.623095095158
-8.67361737988e-17 1.71 -0.623095095158 -8.67361737988e-17 0.71 -0.623095095158
-8.67361737988e-17 1.7 -0.623095095158 -8.67361737988e-17 0.7 -0.623095095158
-8.67361737988e-17 1.69 -0.623095095158 -8.67361737988e-17 0.69 -0.623095095158
-8.67361737988e-17 1.68 -0.623095095158 -8.67361737988e-17 0.68 -0.623095095158
-8.67361737988e-17 1.67 -0.623095095158 -8.67361737988e-17 0.67 -0.623095095158
-8.67361737988e-17 1.66 -0.623095095158 -8.67361737988e-17 0.66 -0.623095095158
-8.67361737988e-17 1.65 -0.623095095158 -8.67361737988e-17 0.65 -0.623095095158
-8.67361737988e-17 1.64 -0.623095095158 -8.67361737988e-17 0.64 -0.623095095158
-8.67361737988e-17 1.63 -0.623095095158 -8.67361737988e-17 0.63 -0.623095095158
-8.67361737988e-17 1.62 -0.623095095158 -8.67361737988e-17 0.62 -0.623095095158
-8.67361737988e-17 1.61 -0.623095095158 -8.67361737988e-17 0.61 -0.623095095158
-8.67361737988e-17 1.6 -0.623095095158 -8.67361737988e-17 0.6 -0.623095095158
-8.67361737988e-17 1.59 -0.623095095158 -8.67361737988e-17 0.59 -0.623095095158
-8.67361737988e-17 1.58 -0.623095095158 -8.67361737988e-17 0.58 -0.623095095158
-8.67361737988e-17 1.57 -0.623095095158 -8.67361737988e-17 0.57 -0.623095095158
-8.67361737988e-17 1.56 -0.623095095158 -8.67361737988e-17 0.56 -0.623095095158
-8.67361737988e-17 1.55 -0.623095095158 -8.67361737988e-17 0.55 -0.623095095158
-8.67361737988e-17 1.54 -0.623095095158 -8.67361737988e-17 0.54 -0.623095095158
-8.67361737988e-17 1.53 -0.623095095158 -8.67361737988e-17 0.53 -0.623095095158
-8.67361737988e-17 1.52 -0.623095095158 -8.67361737988e-17 0.52 -0.623095095158
-8.67361737988e-17 1.51 -0.623095095158 -8.67361737988e-17 0.51 -0.623095095158
-8.67361737988e-17 1.5 -0.623095095158 -8.67361737988e-17 0.5 -0.623095095158
-8.67361737988e-17 1.49 -0.623095095158 -8.67361737988e-17 0.49 -0.623095095158
-8.67361737988e-17 1.48 -0.623095095158 -8.67361737988e-17 0.48 -0.623095095158
-8.67361737988e-17 1.47 -0.623095095158 -8.67361737988e-17 0.47 -0.623095095158
-8.67361737988e-17 1.46 -0.623095095158 -8.67361737988e-17 0.46 -0.623095095158
-8.67361737988e-17 1.45 -0.623095095158 -8.67361737988e-17 0.45 -0.623095095158
-8.67361737988e-17 1.44 -0.623095095158 -8.67361737988e-17 0.44 -0.623095095158
-8.67361737988e-17 1.43 -0.623095095158 -8.67361737988e-17 0.43 -0.623095095158
-8.67361737988e-17 1.42 -0.623095095158 -8.67361737988e-17 0.42 -0.623095095158
-8.67361737988e-17 1.41 -0.623095095158 -8.67361737988e-17 0.41 -0.623095095158
-8.67361737988e-17 1.4 -0.623095095158 -8.67361737988e-17 0.4 -0.623095095158
-8.67361737988e-17 1.39 -0.623095095158 -8.67361737988e-17 0.39 -0.623095095158
-8.67361737988e-17 1.38 -0.623095095158 -8.67361737988e-17 0.38 -0.623095095158
-8.67361737988e-17 1.37 -0.623095095158 -8.67361737988e-17 0.37 -0.623095095158
-8.67361737988e-17 1.36 -0.623095095158 -8.67361737988e-17 0.36 -0.623095095158
-8.67361737988e-17 1.35 -0.623095095158 -8.67361737988e-17 0.35 -0.623095095158
-8.67361737988e-17 1.34 -0.623095095158 -8.67361737988e-17 0.34 -0.623095095158
-8.67361737988e-17 1.33 -0.623095095158 -8.67361737988e-17 0.33 -0.623095095158
-8.67361737988e-17 1.32 -0.623095095158 -8.67361737988e-17 0.32 -0.623095095158
-8.67361737988e-17 1.31 -0.623095095158 -8.67361737988e-17 0.31 -0.623095095158
-8.67361737988e-17 1.3 -0.623095095158 -8.67361737988e-17 0.3 -0.623095095158
-8.67361737988e-17 1.29 -0.623095095158 -8.67361737988e-17 0.29 -0.623095095158
-8.67361737988e-17 1.28 -0.623095095158 -8.67361737988e-17 0.28 -0.623095095158
-8.67361737988e-17 1.27 -0.623095095158 -8.67361737988e-17 0.27 -0.623095095158
-8.67361737988e-17 1.26 -0.623095095158 -8.67361737988e-17 0.26 -0.623095095158
-8.67361737988e-17 1.25 -0.623095095158 -8.67361737988e-17 0.25 -0.623095095158
-8.67361737988e-17 1.24 -0.623095095158 -8.67361737988e-17 0.24 -0.623095095158
-8.67361737988e-17 1.23 -0.623095095158 -8.67361737988e-17 0.23 -0.623095095158
-8.67361737988e-17 1.22 -0.623095095158 -8.67361737988e-17 0.22 -0.623095095158
-8.67361737988e-17 1.21 -0.623095095158 -8.67361737988e-17 0.21 -0.623095095158
-8.67361737988e-17 1.2 -0.623095095158 -8.67361737988e-17 0.2 -0.623095095158
-8.67361737988e-17 1.19 -0.623095095158 -8.67361737988e-17 0.19 -0.623095095158
-8.67361737988e-17 1.18 -0.623095095158 -8.67361737988e-17 0.18 -0.623095095158
-8.67361737988e-17 1.17 -0.623095095158 -8.67361737988e-17 0.17 -0.623095095158
-8.67361737988e-17 1.16 -0.623095095158 -8.67361737988e-17 0.16 -0.623095095158
-8.67361737988e-17 1.15 -0.623095095158 -8.67361737988e-17 0.15 -0.623095095158
-8.67361737988e-17 1.14 -0.623095095158 -8.67361737988e-17 0.14 -0.623095095158
-8.67361737988e-17 1.13 -0.623095095158 -8.67361737988e-17 0.13 -0.623095095158
-8.67361737988e-17 1.12 -0.623095095158 -8.67361737988e-17 0.12 -0.623095095158
-8.67361737988e-17 1.11 -0.623095095158 -8.67361737988e-17 0.11 -0.623095095158
-8.67361737988e-17 1.1 -0.623095095158 -8.67361737988e-17 0.1 -0.623095095158
-8.67361737988e-17 1.09 -0.623095095158 -8.67361737988e-17 0.09 -0.623095095158
-8.67361737988e-17 1.08 -0.623095095158 -8.67361737988e-17 0.08 -0.623095095158
-8.67361737988e-17 1.07 -0.623095095158 -8.67361737988e-17 0.07 -0.623095095158
-8.67361737988e-17 1.06 -0.623095095158 -8.67361737988e-17 0.06 -0.623095095158
-8.67361737988e-17 1.05 -0.623095095158 -8.67361737988e-17 0.05 -0.623095095158
-8.67361737988e-17 1.04 -0.623095095158 -8.67361737988e-17 0.04 -0.623095095158
-8.67361737988e-17 1.03 -0.623095095158 -8.67361737988e-17 0.03 -0.623095095158
-8.67361737988e-17 1.02 -0.623095095158 -8.67361737988e-17 0.02 -0.623095095158
-8.67361737988e-17 1.01 -0.623095095158 -8.67361737988e-17 0.01 -0.623095095158
-8.67361737988e-17 1.0 -0.623095095158 -8.67361737988e-17 4.4408920985e-16 -0.623095095158
-8.67361737988e-17 0.99 -0.623095095158 -8.67361737988e-17 -0.01 -0.623095095158
-8.67361737988e-17 0.98 -0.623095095158 -8.67361737988e-17 -0.02 -0.623095095158
-8.67361737988e-17 0.97 -0.623095095158 -8.67361737988e-17 -0.03 -0.623095095158
-8.67361737988e-17 0.96 -0.623095095158 -8.67361737988e-17 -0.04 -0.623095095158
-8.67361737988e-17 0.95 -0.623095095158 -8.67361737988e-17 -0.05 -0.623095095158
-8.67361737988e-17 0.94 -0.623095095158 -8.67361737988e-17 -0.06 -0.623095095158
-8.67361737988e-17 0.93 -0.623095095158 -8.67361737988e-17 -0.07 -0.623095095158
-8.67361737988e-17 0.92 -0.623095095158 -8.67361737988e-17 -0.08 -0.623095095158
-8.67361737988e-17 0.91 -0.623095095158 -8.67361737988e-17 -0.09 -0.623095095158
-8.67361737988e-17 0.9 -0.623095095158 -8.67361737988e-17 -0.1 -0.623095095158
-8.67361737988e-17 0.89 -0.623095095158 -8.67361737988e-17 -0.11 -0.623095095158
-8.67361737988e-17 0.88 -0.623095095158 -8.67361737988e-17 -0.12 -0.623095095158
-8.67361737988e-17 0.87 -0.623095095158 -8.67361737988e-17 -0.13 -0.623095095158
-8.67361737988e-17 0.86 -0.623095095158 -8.67361737988e-17 -0.14 -0.623095095158
-8.67361737988e-17 0.85 -0.623095095158 -8.67361737988e-17 -0.15 -0.623095095158
-8.67361737988e-17 0.84 -0.623095095158 -8.67361737988e-17 -0.16 -0.623095095158
-8.67361737988e-17 0.83 -0.623095095158 -8.67361737988e-17 -0.17 -0.623095095158
-8.67361737988e-17 0.82 -0.623095095158 -8.67361737988e-17 -0.18 -0.623095095158
-8.67361737988e-17 0.81 -0.623095095158 -8.67361737988e-17 -0.19 -0.623095095158
-8.67361737988e-17 0.8 -0.623095095158 -8.67361737988e-17 -0.2 -0.623095095158
-8.67361737988e-17 0.79 -0.623095095158 -8.67361737988e-17 -0.21 -0.623095095158
-8.67361737988e-17 0.78 -0.623095095158 -8.67361737988e-17 -0.22 -0.623095095158
-8.67361737988e-17 0.77 -0.623095095158 -8.67361737988e-17 -0.23 -0.623095095158
-8.67361737988e-17 0.76 -0.623095095158 -8.67361737988e-17 -0.24 -0.623095095158
-8.67361737988e-17 0.75 -0.623095095158 -8.67361737988e-17 -0.25 -0.623095095158
-8.67361737988e-17 0.74 -0.623095095158 -8.67361737988e-17 -0.26 -0.623095095158
-8.67361737988e-17 0.73 -0.623095095158 -8.67361737988e-17 -0.27 -0.623095095158
-8.67361737988e-17 0.72 -0.623095095158 -8.67361737988e-17 -0.28 -0.623095095158
-8.67361737988e-17 0.71 -0.623095095158 -8.67361737988e-17 -0.29 -0.623095095158
-8.67361737988e-17 0.7 -0.623095095158 -8.67361737988e-17 -0.3 -0.623095095158
-8.67361737988e-17 0.69 -0.623095095158 -8.67361737988e-17 -0.31 -0.623095095158
-8.67361737988e-17 0.68 -0.623095095158 -8.67361737988e-17 -0.32 -0.623095095158
-8.67361737988e-17 0.67 -0.623095095158 -8.67361737988e-17 -0.33 -0.623095095158
-8.67361737988e-17 0.66 -0.623095095158 -8.67361737988e-17 -0.34 -0.623095095158
-8.67361737988e-17 0.65 -0.623095095158 -8.67361737988e-17 -0.35 -0.623095095158
-8.67361737988e-17 0.64 -0.623095095158 -8.67361737988e-17 -0.36 -0.623095095158
-8.67361737988e-17 0.63 -0.623095095158 -8.67361737988e-17 -0.37 -0.623095095158
-8.67361737988e-17 0.62 -0.623095095158 -8.67361737988e-17 -0.38 -0.623095095158
-8.67361737988e-17 0.61 -0.623095095158 -8.67361737988e-17 -0.39 -0.623095095158
-8.67361737988e-17 0.6 -0.623095095158 -8.67361737988e-17 -0.4 -0.623095095158
-8.67361737988e-17 0.59 -0.623095095158 -8.67361737988e-17 -0.41 -0.623095095158
-8.67361737988e-17 0.58 -0.623095095158 -8.67361737988e-17 -0.42 -0.623095095158
-8.67361737988e-17 0.57 -0.623095095158 -8.67361737988e-17 -0.43 -0.623095095158
-8.67361737988e-17 0.56 -0.623095095158 -8.67361737988e-17 -0.44 -0.623095095158
-8.67361737988e-17 0.55 -0.623095095158 -8.67361737988e-17 -0.45 -0.623095095158
-8.67361737988e-17 0.54 -0.623095095158 -8.67361737988e-17 -0.46 -0.623095095158
-8.67361737988e-17 0.53 -0.623095095158 -8.67361737988e-17 -0.47 -0.623095095158
-8.67361737988e-17 0.52 -0.623095095158 -8.67361737988e-17 -0.48 -0.623095095158
-8.67361737988e-17 0.51 -0.623095095158 -8.67361737988e-17 -0.49 -0.623095095158
-8.67361737988e-17 0.5 -0.623095095158 -8.67361737988e-17 -0.5 -0.623095095158
