1.825335989 2.78480601311 0.158991754055 1 1 0.158991754055 0.0 0.0 0.0
1.835335989 2.78295897126 0.165485260549 1 1 0.165485260549 0.00463821892393 0.00463821892393 0.00927643784787
1.845335989 2.77851452682 0.165485260549 1 1 0.165485260549 0.00463821892393 0.00463821892393 0.00927643784787
1.855335989 2.77407008237 0.165485260549 1 1 0.165485260549 0.00927643784787 0.00463821892393 0.00927643784787
1.865335989 2.77092433923 0.168732013795 1 1 0.168732013795 0.00927643784787 0.00463821892393 0.0139146567718
1.875335989 2.76647989478 0.168732013795 1 1 0.168732013795 0.0139146567718 0.00463821892393 0.0139146567718
1.885335989 2.76203545034 0.168732013795 1 1 0.168732013795 0.0139146567718 0.00927643784787 0.0139146567718
1.895335989 2.75759100589 0.168732013795 1 1 0.168732013795 0.0139146567718 0.0139146567718 0.0139146567718
1.905335989 2.75314656145 0.168732013795 1 1 0.168732013795 0.0139146567718 0.0139146567718 0.0139146567718
1.915335989 2.748702117 0.168732013795 1 1 0.168732013795 0.0139146567718 0.0139146567718 0.0139146567718
1.925335989 2.74425767256 0.168732013795 1 1 0.168732013795 0.0139146567718 0.0185528756957 0.0139146567718
1.935335989 2.73981322811 0.168732013795 1 1 0.168732013795 0.0139146567718 0.0185528756957 0.0139146567718
1.945335989 2.73536878367 0.168732013795 1 1 0.168732013795 0.0139146567718 0.0231910946197 0.0139146567718
1.955335989 2.73092433923 0.168732013795 1 1 0.168732013795 0.0139146567718 0.0231910946197 0.0139146567718
1.965335989 2.72647989478 0.168732013795 1 1 0.168732013795 0.00927643784787 0.0231910946197 0.0139146567718
1.975335989 2.72203545034 0.168732013795 1 1 0.168732013795 0.00463821892393 0.0231910946197 0.0139146567718
1.985335989 2.71888970719 0.171978767042 1 1 0.171978767042 0.0 0.0231910946197 0.0185528756957
1.995335989 2.71444526275 0.171978767042 1 1 0.171978767042 0.0 0.0231910946197 0.0185528756957
2.005335989 2.7100008183 0.171978767042 1 1 0.171978767042 0.0 0.0278293135436 0.0185528756957
2.015335989 2.70685507516 0.175225520289 1 1 0.175225520289 -0.00463821892393 0.0278293135436 0.0231910946197
2.025335989 2.70370933201 0.178472273536 1 1 0.178472273536 -0.00463821892393 0.0278293135436 0.0278293135436
2.035335989 2.69926488757 0.178472273536 1 1 0.178472273536 -0.00463821892393 0.0278293135436 0.0278293135436
2.045335989 2.69482044312 0.178472273536 1 1 0.178472273536 -0.00463821892393 0.0278293135436 0.0278293135436
2.055335989 2.69037599868 0.178472273536 1 1 0.178472273536 -0.00927643784787 0.0324675324675 0.0278293135436
2.065335989 2.68593155423 0.178472273536 1 1 0.178472273536 -0.00927643784787 0.0324675324675 0.0278293135436
2.075335989 2.68148710979 0.178472273536 1 1 0.178472273536 -0.00927643784787 0.0371057513915 0.0278293135436
2.085335989 2.67704266534 0.178472273536 1 1 0.178472273536 -0.00927643784787 0.0371057513915 0.0278293135436
2.095335989 2.6712995196 0.175225520289 1 1 0.175225520289 -0.00927643784787 0.0371057513915 0.0231910946197
2.105335989 2.66555637386 0.171978767042 1 1 0.171978767042 -0.00927643784787 0.0371057513915 0.0185528756957
2.115335989 2.66111192941 0.171978767042 1 1 0.171978767042 -0.00927643784787 0.0371057513915 0.0185528756957
2.125335989 2.65536878367 0.168732013795 1 1 0.168732013795 -0.00927643784787 0.0371057513915 0.0139146567718
2.135335989 2.65092433923 0.168732013795 1 1 0.168732013795 -0.00927643784787 0.0371057513915 0.0139146567718
2.145335989 2.64518119348 0.165485260549 1 1 0.165485260549 -0.00927643784787 0.0371057513915 0.00927643784787
2.155335989 2.63943804774 0.162238507302 1 1 0.162238507302 -0.00927643784787 0.0371057513915 0.00463821892393
2.165335989 2.63499360329 0.162238507302 1 1 0.162238507302 -0.00927643784787 0.0371057513915 0.00463821892393
2.175335989 2.63054915885 0.162238507302 1 1 0.162238507302 -0.00927643784787 0.0371057513915 0.00463821892393
2.185335989 2.62480601311 0.158991754055 1 1 0.158991754055 -0.00927643784787 0.0371057513915 0.0
2.195335989 2.61906286736 0.155745000808 1 1 0.155745000808 -0.00927643784787 0.0371057513915 -0.00463821892393
2.205335989 2.61461842292 0.155745000808 1 1 0.155745000808 -0.00927643784787 0.0417439703154 -0.00463821892393
2.215335989 2.60887527718 0.152498247562 1 1 0.152498247562 -0.00927643784787 0.0417439703154 -0.00927643784787
2.225335989 2.60443083273 0.152498247562 1 1 0.152498247562 -0.00927643784787 0.0417439703154 -0.00927643784787
2.235335989 2.59868768699 0.149251494315 1 1 0.149251494315 -0.00927643784787 0.0463821892393 -0.0139146567718
2.245335989 2.59424324254 0.149251494315 1 1 0.149251494315 -0.00927643784787 0.0463821892393 -0.0139146567718
2.255335989 2.5897987981 0.149251494315 1 1 0.149251494315 -0.00927643784787 0.0510204081633 -0.0139146567718
2.265335989 2.58405565236 0.146004741068 1 1 0.146004741068 -0.00927643784787 0.0556586270872 -0.0185528756957
2.275335989 2.57961120791 0.146004741068 1 1 0.146004741068 -0.00463821892393 0.0556586270872 -0.0185528756957
2.285335989 2.57516676347 0.146004741068 1 1 0.146004741068 -0.00463821892393 0.0602968460111 -0.0185528756957
2.295335989 2.56942361772 0.142757987821 1 1 0.142757987821 0.0 0.0602968460111 -0.0231910946197
2.305335989 2.56497917328 0.142757987821 1 1 0.142757987821 -0.00463821892393 0.0602968460111 -0.0231910946197
2.315335989 2.56053472884 0.142757987821 1 1 0.142757987821 -0.00463821892393 0.0602968460111 -0.0231910946197
2.325335989 2.55609028439 0.142757987821 1 1 0.142757987821 -0.00927643784787 0.0602968460111 -0.0231910946197
2.335335989 2.55034713865 0.139511234575 1 1 0.139511234575 -0.00927643784787 0.0602968460111 -0.0278293135436
2.345335989 2.5459026942 0.139511234575 1 1 0.139511234575 -0.00927643784787 0.0602968460111 -0.0278293135436
2.355335989 2.54145824976 0.139511234575 1 1 0.139511234575 -0.0139146567718 0.0602968460111 -0.0278293135436
2.365335989 2.53701380532 0.139511234575 1 1 0.139511234575 -0.0139146567718 0.0602968460111 -0.0278293135436
2.375335989 2.53256936087 0.139511234575 1 1 0.139511234575 -0.0139146567718 0.0556586270872 -0.0278293135436
2.385335989 2.52812491643 0.139511234575 1 1 0.139511234575 -0.0185528756957 0.0510204081633 -0.0278293135436
2.395335989 2.52368047198 0.139511234575 1 1 0.139511234575 -0.0231910946197 0.0510204081633 -0.0278293135436
2.405335989 2.51923602754 0.139511234575 1 1 0.139511234575 -0.0278293135436 0.0510204081633 -0.0278293135436
2.415335989 2.51479158309 0.139511234575 1 1 0.139511234575 -0.0278293135436 0.0463821892393 -0.0278293135436
2.425335989 2.51034713865 0.139511234575 1 1 0.139511234575 -0.0324675324675 0.0417439703154 -0.0278293135436
2.435335989 2.5059026942 0.139511234575 1 1 0.139511234575 -0.0324675324675 0.0417439703154 -0.0278293135436
2.445335989 2.50145824976 0.139511234575 1 1 0.139511234575 -0.0371057513915 0.0417439703154 -0.0278293135436
2.455335989 2.49701380532 0.139511234575 1 1 0.139511234575 -0.0371057513915 0.0371057513915 -0.0278293135436
2.465335989 2.49256936087 0.139511234575 1 1 0.139511234575 -0.0417439703154 0.0371057513915 -0.0278293135436
2.475335989 2.48812491643 0.139511234575 1 1 0.139511234575 -0.0417439703154 0.0278293135436 -0.0278293135436
2.485335989 2.48368047198 0.139511234575 1 1 0.139511234575 -0.0417439703154 0.0278293135436 -0.0278293135436
2.495335989 2.47923602754 0.139511234575 1 1 0.139511234575 -0.0417439703154 0.0231910946197 -0.0278293135436
2.505335989 2.47349288179 0.136264481328 1 1 0.136264481328 -0.0417439703154 0.0231910946197 -0.0324675324675
2.515335989 2.46774973605 0.133017728081 1 1 0.133017728081 -0.0417439703154 0.0185528756957 -0.0371057513915
2.525335989 2.46330529161 0.133017728081 1 1 0.133017728081 -0.0417439703154 0.0139146567718 -0.0371057513915
2.535335989 2.45886084716 0.133017728081 1 1 0.133017728081 -0.0417439703154 0.0139146567718 -0.0371057513915
2.545335989 2.45441640272 0.133017728081 1 1 0.133017728081 -0.0371057513915 0.00927643784787 -0.0371057513915
2.555335989 2.44997195827 0.133017728081 1 1 0.133017728081 -0.0324675324675 0.00463821892393 -0.0371057513915
2.565335989 2.44552751383 0.133017728081 1 1 0.133017728081 -0.0324675324675 0.00463821892393 -0.0371057513915
2.575335989 2.44108306938 0.133017728081 1 1 0.133017728081 -0.0324675324675 0.00463821892393 -0.0371057513915
2.585335989 2.43663862494 0.133017728081 1 1 0.133017728081 -0.0324675324675 -0.00463821892393 -0.0371057513915
2.595335989 2.4321941805 0.133017728081 1 1 0.133017728081 -0.0324675324675 -0.00927643784787 -0.0371057513915
2.605335989 2.42774973605 0.133017728081 1 1 0.133017728081 -0.00463821892393 -0.00927643784787 -0.0371057513915
2.615335989 2.42330529161 0.133017728081 1 1 0.133017728081 0.0 -0.00927643784787 -0.0371057513915
2.625335989 2.41756214586 0.129770974834 1 1 0.129770974834 0.0 -0.00927643784787 -0.0417439703154
2.635335989 2.41311770142 0.129770974834 1 1 0.129770974834 0.0 -0.0139146567718 -0.0417439703154
2.645335989 2.40867325697 0.129770974834 1 1 0.129770974834 0.0 -0.0139146567718 -0.0417439703154
2.655335989 2.40163140993 0.123277468341 1 1 0.123277468341 0.0 -0.0139146567718 -0.0510204081633
2.665335989 2.39718696549 0.123277468341 1 1 0.123277468341 0.0 -0.0139146567718 -0.0510204081633
2.675335989 2.39274252104 0.123277468341 1 1 0.123277468341 0.0 -0.0139146567718 -0.0510204081633
2.685335989 2.3882980766 0.123277468341 1 1 0.123277468341 0.0 -0.0139146567718 -0.0510204081633
2.695335989 2.38385363215 0.123277468341 1 1 0.123277468341 0.00463821892393 -0.0139146567718 -0.0510204081633
2.705335989 2.37940918771 0.123277468341 1 1 0.123277468341 0.00463821892393 -0.0139146567718 -0.0510204081633
2.715335989 2.37496474327 0.123277468341 1 1 0.123277468341 0.00463821892393 -0.0139146567718 -0.0510204081633
2.725335989 2.37052029882 0.123277468341 1 1 0.123277468341 0.00463821892393 -0.0139146567718 -0.0510204081633
2.735335989 2.36607585438 0.123277468341 1 1 0.123277468341 0.0139146567718 -0.0139146567718 -0.0510204081633
2.745335989 2.36033270863 0.120030715094 1 1 0.120030715094 0.0185528756957 -0.0139146567718 -0.0556586270872
2.755335989 2.35588826419 0.120030715094 1 1 0.120030715094 0.0185528756957 -0.0139146567718 -0.0556586270872
2.765335989 2.35144381975 0.120030715094 1 1 0.120030715094 0.0185528756957 -0.0139146567718 -0.0556586270872
2.775335989 2.3469993753 0.120030715094 1 1 0.120030715094 0.0185528756957 -0.0139146567718 -0.0556586270872
2.785335989 2.34255493086 0.120030715094 1 1 0.120030715094 0.0185528756957 -0.0139146567718 -0.0556586270872
2.795335989 2.33811048641 0.120030715094 1 1 0.120030715094 0.0185528756957 -0.0139146567718 -0.0556586270872
2.805335989 2.33496474327 0.123277468341 1 1 0.123277468341 0.0231910946197 -0.0139146567718 -0.0510204081633
2.815335989 2.33052029882 0.123277468341 1 1 0.123277468341 0.0231910946197 -0.0139146567718 -0.0510204081633
2.825335989 2.32607585438 0.123277468341 1 1 0.123277468341 0.0278293135436 -0.0139146567718 -0.0510204081633
2.835335989 2.32293011123 0.126524221587 1 1 0.126524221587 0.0324675324675 -0.0139146567718 -0.0463821892393
2.845335989 2.31848566679 0.126524221587 1 1 0.126524221587 0.0324675324675 -0.0139146567718 -0.0463821892393
2.855335989 2.31404122234 0.126524221587 1 1 0.126524221587 0.0324675324675 -0.00927643784787 -0.0463821892393
2.865335989 2.3095967779 0.126524221587 1 1 0.126524221587 0.0324675324675 -0.00927643784787 -0.0463821892393
2.875335989 2.30515233345 0.126524221587 1 1 0.126524221587 0.0324675324675 -0.00927643784787 -0.0463821892393
2.885335989 2.30070788901 0.126524221587 1 1 0.126524221587 0.0324675324675 -0.00927643784787 -0.0463821892393
2.895335989 2.29626344456 0.126524221587 1 1 0.126524221587 0.0324675324675 -0.00927643784787 -0.0463821892393
2.905335989 2.29181900012 0.126524221587 1 1 0.126524221587 0.0324675324675 -0.00927643784787 -0.0463821892393
2.915335989 2.28737455568 0.126524221587 1 1 0.126524221587 0.0324675324675 -0.00927643784787 -0.0463821892393
2.925335989 2.28422881253 0.129770974834 1 1 0.129770974834 0.0324675324675 -0.00927643784787 -0.0417439703154
2.935335989 2.27978436809 0.129770974834 1 1 0.129770974834 0.0324675324675 -0.00927643784787 -0.0417439703154
2.945335989 2.27793732624 0.136264481328 1 1 0.136264481328 0.0324675324675 -0.00927643784787 -0.0324675324675
2.955335989 2.27349288179 0.136264481328 1 1 0.136264481328 0.0371057513915 -0.00463821892393 -0.0324675324675
2.965335989 2.27034713865 0.139511234575 1 1 0.139511234575 0.0371057513915 -0.00463821892393 -0.0278293135436
2.975335989 2.2659026942 0.139511234575 1 1 0.139511234575 0.0371057513915 -0.00463821892393 -0.0278293135436
2.985335989 2.26145824976 0.139511234575 1 1 0.139511234575 0.0371057513915 -0.00463821892393 -0.0278293135436
2.995335989 2.25701380532 0.139511234575 1 1 0.139511234575 0.0371057513915 -0.00463821892393 -0.0278293135436
3.005335989 2.25256936087 0.139511234575 1 1 0.139511234575 0.0371057513915 -0.00463821892393 -0.0278293135436
3.015335989 2.24942361772 0.142757987821 1 1 0.142757987821 0.0371057513915 -0.00463821892393 -0.0231910946197
3.025335989 2.24497917328 0.142757987821 1 1 0.142757987821 0.0371057513915 -0.00463821892393 -0.0231910946197
3.035335989 2.24053472884 0.142757987821 1 1 0.142757987821 0.0371057513915 0.0 -0.0231910946197
3.045335989 2.23609028439 0.142757987821 1 1 0.142757987821 0.0371057513915 0.0 -0.0231910946197
3.055335989 2.23294454125 0.146004741068 1 1 0.146004741068 0.0371057513915 0.0 -0.0185528756957
3.065335989 2.2285000968 0.146004741068 1 1 0.146004741068 0.0324675324675 0.0 -0.0185528756957
3.075335989 2.22405565236 0.146004741068 1 1 0.146004741068 0.0324675324675 0.0 -0.0185528756957
3.085335989 2.21961120791 0.146004741068 1 1 0.146004741068 0.0278293135436 0.0 -0.0185528756957
3.095335989 2.21516676347 0.146004741068 1 1 0.146004741068 0.0231910946197 0.00463821892393 -0.0185528756957
3.105335989 2.21072231902 0.146004741068 1 1 0.146004741068 0.0185528756957 0.00463821892393 -0.0185528756957
3.115335989 2.20627787458 0.146004741068 1 1 0.146004741068 0.0185528756957 0.00463821892393 -0.0185528756957
3.125335989 2.20183343013 0.146004741068 1 1 0.146004741068 0.0139146567718 0.00463821892393 -0.0185528756957
3.135335989 2.19868768699 0.149251494315 1 1 0.149251494315 0.00927643784787 0.00463821892393 -0.0139146567718
3.145335989 2.19424324254 0.149251494315 1 1 0.149251494315 0.00927643784787 0.00927643784787 -0.0139146567718
3.155335989 2.1923962007 0.155745000808 1 1 0.155745000808 0.00927643784787 0.00927643784787 -0.00463821892393
3.165335989 2.18795175625 0.155745000808 1 1 0.155745000808 0.00927643784787 0.0139146567718 -0.00463821892393
3.175335989 2.18350731181 0.155745000808 1 1 0.155745000808 0.00927643784787 0.0139146567718 -0.00463821892393
3.185335989 2.18036156866 0.158991754055 1 1 0.158991754055 0.00927643784787 0.0185528756957 0.0
3.195335989 2.17591712422 0.158991754055 1 1 0.158991754055 0.00927643784787 0.0185528756957 0.0
3.205335989 2.17147267977 0.158991754055 1 1 0.158991754055 0.00927643784787 0.0185528756957 0.0
3.215335989 2.16702823533 0.158991754055 1 1 0.158991754055 0.00927643784787 0.0185528756957 0.0
3.225335989 2.16258379089 0.158991754055 1 1 0.158991754055 0.00927643784787 0.0185528756957 0.0
3.235335989 2.15813934644 0.158991754055 1 1 0.158991754055 0.00927643784787 0.0185528756957 0.0
3.245335989 2.153694902 0.158991754055 1 1 0.158991754055 0.00463821892393 0.0185528756957 0.0
3.255335989 2.14925045755 0.158991754055 1 1 0.158991754055 0.00463821892393 0.0231910946197 0.0
3.265335989 2.14480601311 0.158991754055 1 1 0.158991754055 0.00463821892393 0.0231910946197 0.0
3.275335989 2.14166026996 0.162238507302 1 1 0.162238507302 0.00463821892393 0.0231910946197 0.00463821892393
3.285335989 2.13851452682 0.165485260549 1 1 0.165485260549 0.00463821892393 0.0231910946197 0.00927643784787
3.295335989 2.13536878367 0.168732013795 1 1 0.168732013795 0.00463821892393 0.0278293135436 0.0139146567718
3.305335989 2.13092433923 0.168732013795 1 1 0.168732013795 0.00463821892393 0.0278293135436 0.0139146567718
3.315335989 2.12777859608 0.171978767042 1 1 0.171978767042 0.00927643784787 0.0278293135436 0.0185528756957
3.325335989 2.12463285293 0.175225520289 1 1 0.175225520289 0.00927643784787 0.0278293135436 0.0231910946197
3.335335989 2.12018840849 0.175225520289 1 1 0.175225520289 0.00927643784787 0.0278293135436 0.0231910946197
3.345335989 2.11704266534 0.178472273536 1 1 0.178472273536 0.00927643784787 0.0278293135436 0.0278293135436
3.355335989 2.1125982209 0.178472273536 1 1 0.178472273536 0.00927643784787 0.0278293135436 0.0278293135436
3.365335989 2.10815377646 0.178472273536 1 1 0.178472273536 0.0139146567718 0.0278293135436 0.0278293135436
3.375335989 2.10370933201 0.178472273536 1 1 0.178472273536 0.0139146567718 0.0278293135436 0.0278293135436
3.385335989 2.09926488757 0.178472273536 1 1 0.178472273536 0.0185528756957 0.0278293135436 0.0278293135436
3.395335989 2.09482044312 0.178472273536 1 1 0.178472273536 0.0185528756957 0.0278293135436 0.0278293135436
3.405335989 2.09037599868 0.178472273536 1 1 0.178472273536 0.0185528756957 0.0278293135436 0.0278293135436
3.415335989 2.08593155423 0.178472273536 1 1 0.178472273536 0.0185528756957 0.0278293135436 0.0278293135436
3.425335989 2.08148710979 0.178472273536 1 1 0.178472273536 0.0185528756957 0.0278293135436 0.0278293135436
3.435335989 2.07704266534 0.178472273536 1 1 0.178472273536 0.0231910946197 0.0278293135436 0.0278293135436
3.445335989 2.0725982209 0.178472273536 1 1 0.178472273536 0.0231910946197 0.0324675324675 0.0278293135436
3.455335989 2.06815377646 0.178472273536 1 1 0.178472273536 0.0231910946197 0.0371057513915 0.0278293135436
3.465335989 2.06370933201 0.178472273536 1 1 0.178472273536 0.0231910946197 0.0371057513915 0.0278293135436
3.475335989 2.05796618627 0.175225520289 1 1 0.175225520289 0.0231910946197 0.0324675324675 0.0231910946197
3.485335989 2.05352174182 0.175225520289 1 1 0.175225520289 0.0231910946197 0.0324675324675 0.0231910946197
3.495335989 2.04907729738 0.175225520289 1 1 0.175225520289 0.0231910946197 0.0324675324675 0.0231910946197
3.505335989 2.04333415164 0.171978767042 1 1 0.171978767042 0.0231910946197 0.0324675324675 0.0185528756957
3.515335989 2.03888970719 0.171978767042 1 1 0.171978767042 0.0231910946197 0.0371057513915 0.0185528756957
3.525335989 2.03444526275 0.171978767042 1 1 0.171978767042 0.0231910946197 0.0371057513915 0.0185528756957
3.535335989 2.0300008183 0.171978767042 1 1 0.171978767042 0.0231910946197 0.0371057513915 0.0185528756957
3.545335989 2.02555637386 0.171978767042 1 1 0.171978767042 0.0231910946197 0.0371057513915 0.0185528756957
3.555335989 2.02111192941 0.171978767042 1 1 0.171978767042 0.0231910946197 0.0371057513915 0.0185528756957
3.565335989 2.01666748497 0.171978767042 1 1 0.171978767042 0.0185528756957 0.0371057513915 0.0185528756957
3.575335989 2.01092433923 0.168732013795 1 1 0.168732013795 0.0185528756957 0.0324675324675 0.0139146567718
3.585335989 2.00647989478 0.168732013795 1 1 0.168732013795 0.0139146567718 0.0324675324675 0.0139146567718
3.595335989 2.00073674904 0.165485260549 1 1 0.165485260549 0.0139146567718 0.0324675324675 0.00927643784787
3.605335989 1.99629230459 0.165485260549 1 1 0.165485260549 0.0139146567718 0.0278293135436 0.00927643784787
3.615335989 1.99184786015 0.165485260549 1 1 0.165485260549 0.0139146567718 0.0278293135436 0.00927643784787
3.625335989 1.9874034157 0.165485260549 1 1 0.165485260549 0.0139146567718 0.0231910946197 0.00927643784787
3.635335989 1.98295897126 0.165485260549 1 1 0.165485260549 0.0139146567718 0.0185528756957 0.00927643784787
3.645335989 1.97721582552 0.162238507302 1 1 0.162238507302 0.0139146567718 0.0185528756957 0.00463821892393
3.655335989 1.97277138107 0.162238507302 1 1 0.162238507302 0.0139146567718 0.0185528756957 0.00463821892393
3.665335989 1.96702823533 0.158991754055 1 1 0.158991754055 0.0139146567718 0.0139146567718 0.0
3.675335989 1.96258379089 0.158991754055 1 1 0.158991754055 0.0139146567718 0.0139146567718 0.0
3.685335989 1.95813934644 0.158991754055 1 1 0.158991754055 0.0139146567718 0.0139146567718 0.0
3.695335989 1.953694902 0.158991754055 1 1 0.158991754055 0.0139146567718 0.0139146567718 0.0
3.705335989 1.94925045755 0.158991754055 1 1 0.158991754055 0.0139146567718 0.0139146567718 0.0
3.715335989 1.94480601311 0.158991754055 1 1 0.158991754055 0.0139146567718 0.00927643784787 0.0
3.725335989 1.94036156866 0.158991754055 1 1 0.158991754055 0.0139146567718 0.00927643784787 0.0
3.735335989 1.93461842292 0.155745000808 1 1 0.155745000808 0.0139146567718 0.00927643784787 -0.00463821892393
3.745335989 1.93017397848 0.155745000808 1 1 0.155745000808 0.00927643784787 0.00927643784787 -0.00463821892393
3.755335989 1.92443083273 0.152498247562 1 1 0.152498247562 0.00463821892393 0.00927643784787 -0.00927643784787
3.765335989 1.91998638829 0.152498247562 1 1 0.152498247562 0.00463821892393 0.00927643784787 -0.00927643784787
3.775335989 1.91554194384 0.152498247562 1 1 0.152498247562 0.0 0.00927643784787 -0.00927643784787
3.785335989 1.9110974994 0.152498247562 1 1 0.152498247562 0.0 0.00927643784787 -0.00927643784787
3.795335989 1.90665305495 0.152498247562 1 1 0.152498247562 -0.00463821892393 0.00927643784787 -0.00927643784787
3.805335989 1.90220861051 0.152498247562 1 1 0.152498247562 -0.00463821892393 0.0139146567718 -0.00927643784787
3.815335989 1.89776416607 0.152498247562 1 1 0.152498247562 -0.00463821892393 0.0139146567718 -0.00927643784787
3.825335989 1.89331972162 0.152498247562 1 1 0.152498247562 -0.00463821892393 0.0139146567718 -0.00927643784787
3.835335989 1.88887527718 0.152498247562 1 1 0.152498247562 -0.00463821892393 0.0139146567718 -0.00927643784787
3.845335989 1.88443083273 0.152498247562 1 1 0.152498247562 -0.00927643784787 0.0139146567718 -0.00927643784787
3.855335989 1.87998638829 0.152498247562 1 1 0.152498247562 -0.00927643784787 0.0139146567718 -0.00927643784787
3.865335989 1.87554194384 0.152498247562 1 1 0.152498247562 -0.00927643784787 0.00927643784787 -0.00927643784787
3.875335989 1.8710974994 0.152498247562 1 1 0.152498247562 -0.00927643784787 0.00927643784787 -0.00927643784787
3.885335989 1.86665305495 0.152498247562 1 1 0.152498247562 -0.00927643784787 0.00463821892393 -0.00927643784787
3.895335989 1.86220861051 0.152498247562 1 1 0.152498247562 -0.00927643784787 0.00463821892393 -0.00927643784787
3.905335989 1.85776416607 0.152498247562 1 1 0.152498247562 -0.00927643784787 0.00463821892393 -0.00927643784787
3.915335989 1.85331972162 0.152498247562 1 1 0.152498247562 -0.0139146567718 0.00463821892393 -0.00927643784787
3.925335989 1.84887527718 0.152498247562 1 1 0.152498247562 -0.0139146567718 0.00463821892393 -0.00927643784787
3.935335989 1.84443083273 0.152498247562 1 1 0.152498247562 -0.0139146567718 0.00463821892393 -0.00927643784787
3.945335989 1.83998638829 0.152498247562 1 1 0.152498247562 -0.0185528756957 0.00463821892393 -0.00927643784787
3.955335989 1.83554194384 0.152498247562 1 1 0.152498247562 -0.0185528756957 0.00463821892393 -0.00927643784787
3.965335989 1.8310974994 0.152498247562 1 1 0.152498247562 -0.0231910946197 0.00463821892393 -0.00927643784787
3.975335989 1.82795175625 0.155745000808 1 1 0.155745000808 -0.0231910946197 0.00463821892393 -0.00463821892393
3.985335989 1.82480601311 0.158991754055 1 1 0.158991754055 -0.0231910946197 0.00463821892393 0.0
3.995335989 1.82036156866 0.158991754055 1 1 0.158991754055 -0.0231910946197 0.00463821892393 0.0
4.005335989 1.81591712422 0.158991754055 1 1 0.158991754055 -0.0231910946197 0.00463821892393 0.0
4.015335989 1.81147267977 0.158991754055 1 1 0.158991754055 -0.0231910946197 0.00463821892393 0.0
4.025335989 1.80832693663 0.162238507302 1 1 0.162238507302 -0.0231910946197 0.00463821892393 0.00463821892393
4.035335989 1.80388249218 0.162238507302 1 1 0.162238507302 -0.0231910946197 0.00927643784787 0.00463821892393
4.045335989 1.79943804774 0.162238507302 1 1 0.162238507302 -0.0231910946197 0.00927643784787 0.00463821892393
4.055335989 1.79629230459 0.165485260549 1 1 0.165485260549 -0.0231910946197 0.0139146567718 0.00927643784787
4.065335989 1.79314656145 0.168732013795 1 1 0.168732013795 -0.0231910946197 0.0139146567718 0.0139146567718
4.075335989 1.788702117 0.168732013795 1 1 0.168732013795 -0.0231910946197 0.0185528756957 0.0139146567718
4.085335989 1.78425767256 0.168732013795 1 1 0.168732013795 -0.0231910946197 0.0185528756957 0.0139146567718
4.095335989 1.77981322811 0.168732013795 1 1 0.168732013795 -0.0231910946197 0.0185528756957 0.0139146567718
4.105335989 1.77536878367 0.168732013795 1 1 0.168732013795 -0.0231910946197 0.0231910946197 0.0139146567718
4.115335989 1.77092433923 0.168732013795 1 1 0.168732013795 -0.0231910946197 0.0231910946197 0.0139146567718
4.125335989 1.76647989478 0.168732013795 1 1 0.168732013795 -0.0231910946197 0.0231910946197 0.0139146567718
4.135335989 1.76203545034 0.168732013795 1 1 0.168732013795 -0.0278293135436 0.0231910946197 0.0139146567718
4.145335989 1.75759100589 0.168732013795 1 1 0.168732013795 -0.0278293135436 0.0231910946197 0.0139146567718
4.155335989 1.75184786015 0.165485260549 1 1 0.165485260549 -0.0278293135436 0.0231910946197 0.00927643784787
4.165335989 1.7474034157 0.165485260549 1 1 0.165485260549 -0.0278293135436 0.0231910946197 0.00927643784787
4.175335989 1.74295897126 0.165485260549 1 1 0.165485260549 -0.0278293135436 0.0231910946197 0.00927643784787
4.185335989 1.73851452682 0.165485260549 1 1 0.165485260549 -0.0278293135436 0.0231910946197 0.00927643784787
4.195335989 1.73407008237 0.165485260549 1 1 0.165485260549 -0.0278293135436 0.0231910946197 0.00927643784787
4.205335989 1.72962563793 0.165485260549 1 1 0.165485260549 -0.0278293135436 0.0231910946197 0.00927643784787
4.215335989 1.72518119348 0.165485260549 1 1 0.165485260549 -0.0278293135436 0.0231910946197 0.00927643784787
4.225335989 1.72073674904 0.165485260549 1 1 0.165485260549 -0.0231910946197 0.0231910946197 0.00927643784787
4.235335989 1.71629230459 0.165485260549 1 1 0.165485260549 -0.0231910946197 0.0231910946197 0.00927643784787
4.245335989 1.71184786015 0.165485260549 1 1 0.165485260549 -0.0231910946197 0.0231910946197 0.00927643784787
4.255335989 1.7074034157 0.165485260549 1 1 0.165485260549 -0.0231910946197 0.0231910946197 0.00927643784787
4.265335989 1.70295897126 0.165485260549 1 1 0.165485260549 -0.0185528756957 0.0185528756957 0.00927643784787
4.275335989 1.69851452682 0.165485260549 1 1 0.165485260549 -0.0185528756957 0.0185528756957 0.00927643784787
4.285335989 1.69407008237 0.165485260549 1 1 0.165485260549 -0.0185528756957 0.0139146567718 0.00927643784787
4.295335989 1.68962563793 0.165485260549 1 1 0.165485260549 -0.0139146567718 0.0139146567718 0.00927643784787
4.305335989 1.68518119348 0.165485260549 1 1 0.165485260549 -0.00927643784787 0.0139146567718 0.00927643784787
4.315335989 1.68073674904 0.165485260549 1 1 0.165485260549 -0.00463821892393 0.0139146567718 0.00927643784787
4.325335989 1.67629230459 0.165485260549 1 1 0.165485260549 -0.00463821892393 0.0139146567718 0.00927643784787
4.335335989 1.67184786015 0.165485260549 1 1 0.165485260549 0.0 0.0139146567718 0.00927643784787
4.345335989 1.6674034157 0.165485260549 1 1 0.165485260549 0.0 0.0139146567718 0.00927643784787
4.355335989 1.66295897126 0.165485260549 1 1 0.165485260549 0.0 0.0139146567718 0.00927643784787
4.365335989 1.65851452682 0.165485260549 1 1 0.165485260549 0.00463821892393 0.0139146567718 0.00927643784787
4.375335989 1.65407008237 0.165485260549 1 1 0.165485260549 0.00463821892393 0.0185528756957 0.00927643784787
4.385335989 1.64962563793 0.165485260549 1 1 0.165485260549 0.00463821892393 0.0185528756957 0.00927643784787
4.395335989 1.64518119348 0.165485260549 1 1 0.165485260549 0.00463821892393 0.0231910946197 0.00927643784787
4.405335989 1.64073674904 0.165485260549 1 1 0.165485260549 0.00463821892393 0.0231910946197 0.00927643784787
4.415335989 1.63629230459 0.165485260549 1 1 0.165485260549 0.00463821892393 0.0231910946197 0.00927643784787
4.425335989 1.63184786015 0.165485260549 1 1 0.165485260549 0.00463821892393 0.0278293135436 0.00927643784787
4.435335989 1.6274034157 0.165485260549 1 1 0.165485260549 0.00927643784787 0.0278293135436 0.00927643784787
4.445335989 1.62295897126 0.165485260549 1 1 0.165485260549 0.00927643784787 0.0278293135436 0.00927643784787
4.455335989 1.61981322811 0.168732013795 1 1 0.168732013795 0.0139146567718 0.0278293135436 0.0139146567718
4.465335989 1.61536878367 0.168732013795 1 1 0.168732013795 0.0185528756957 0.0278293135436 0.0139146567718
4.475335989 1.61092433923 0.168732013795 1 1 0.168732013795 0.0185528756957 0.0278293135436 0.0139146567718
4.485335989 1.60518119348 0.165485260549 1 1 0.165485260549 0.0185528756957 0.0278293135436 0.00927643784787
4.495335989 1.60073674904 0.165485260549 1 1 0.165485260549 0.0185528756957 0.0278293135436 0.00927643784787
4.505335989 1.59629230459 0.165485260549 1 1 0.165485260549 0.0185528756957 0.0278293135436 0.00927643784787
4.515335989 1.59184786015 0.165485260549 1 1 0.165485260549 0.0185528756957 0.0278293135436 0.00927643784787
4.525335989 1.58610471441 0.162238507302 1 1 0.162238507302 0.0185528756957 0.0278293135436 0.00463821892393
4.535335989 1.58166026996 0.162238507302 1 1 0.162238507302 0.0185528756957 0.0278293135436 0.00463821892393
4.545335989 1.57721582552 0.162238507302 1 1 0.162238507302 0.0185528756957 0.0278293135436 0.00463821892393
4.555335989 1.57277138107 0.162238507302 1 1 0.162238507302 0.0185528756957 0.0278293135436 0.00463821892393
4.565335989 1.56832693663 0.162238507302 1 1 0.162238507302 0.0185528756957 0.0371057513915 0.00463821892393
4.575335989 1.56258379089 0.158991754055 1 1 0.158991754055 0.0185528756957 0.0371057513915 0.0
4.585335989 1.55813934644 0.158991754055 1 1 0.158991754055 0.0185528756957 0.0417439703154 0.0
4.595335989 1.553694902 0.158991754055 1 1 0.158991754055 0.0139146567718 0.0417439703154 0.0
4.605335989 1.54925045755 0.158991754055 1 1 0.158991754055 0.00927643784787 0.0417439703154 0.0
4.615335989 1.54350731181 0.155745000808 1 1 0.155745000808 0.00463821892393 0.0417439703154 -0.00463821892393
4.625335989 1.53906286736 0.155745000808 1 1 0.155745000808 0.00463821892393 0.0417439703154 -0.00463821892393
4.635335989 1.53461842292 0.155745000808 1 1 0.155745000808 0.00463821892393 0.0463821892393 -0.00463821892393
4.645335989 1.53017397848 0.155745000808 1 1 0.155745000808 0.00463821892393 0.0463821892393 -0.00463821892393
4.655335989 1.52572953403 0.155745000808 1 1 0.155745000808 0.0 0.0463821892393 -0.00463821892393
4.665335989 1.51998638829 0.152498247562 1 1 0.152498247562 -0.00463821892393 0.0463821892393 -0.00927643784787
4.675335989 1.51554194384 0.152498247562 1 1 0.152498247562 -0.00463821892393 0.0463821892393 -0.00927643784787
4.685335989 1.5110974994 0.152498247562 1 1 0.152498247562 -0.00463821892393 0.0417439703154 -0.00927643784787
4.695335989 1.50795175625 0.155745000808 1 1 0.155745000808 -0.00463821892393 0.0417439703154 -0.00463821892393
4.705335989 1.50350731181 0.155745000808 1 1 0.155745000808 -0.00463821892393 0.0417439703154 -0.00463821892393
4.715335989 1.49906286736 0.155745000808 1 1 0.155745000808 -0.00463821892393 0.0417439703154 -0.00463821892393
4.725335989 1.49461842292 0.155745000808 1 1 0.155745000808 -0.00463821892393 0.0371057513915 -0.00463821892393
4.735335989 1.49017397848 0.155745000808 1 1 0.155745000808 -0.00463821892393 0.0324675324675 -0.00463821892393
4.745335989 1.48572953403 0.155745000808 1 1 0.155745000808 0.0 0.0324675324675 -0.00463821892393
4.755335989 1.48128508959 0.155745000808 1 1 0.155745000808 0.0 0.0324675324675 -0.00463821892393
4.765335989 1.47554194384 0.152498247562 1 1 0.152498247562 0.0 0.0324675324675 -0.00927643784787
4.775335989 1.4710974994 0.152498247562 1 1 0.152498247562 0.0 0.0324675324675 -0.00927643784787
4.785335989 1.46535435366 0.149251494315 1 1 0.149251494315 0.00463821892393 0.0324675324675 -0.0139146567718
4.795335989 1.46090990921 0.149251494315 1 1 0.149251494315 0.00463821892393 0.0324675324675 -0.0139146567718
4.805335989 1.45646546477 0.149251494315 1 1 0.149251494315 0.00927643784787 0.0324675324675 -0.0139146567718
4.815335989 1.45202102032 0.149251494315 1 1 0.149251494315 0.00927643784787 0.0324675324675 -0.0139146567718
4.825335989 1.44627787458 0.146004741068 1 1 0.146004741068 0.00927643784787 0.0278293135436 -0.0185528756957
4.835335989 1.44183343013 0.146004741068 1 1 0.146004741068 0.00927643784787 0.0278293135436 -0.0185528756957
4.845335989 1.43738898569 0.146004741068 1 1 0.146004741068 0.00927643784787 0.0278293135436 -0.0185528756957
4.855335989 1.43294454125 0.146004741068 1 1 0.146004741068 0.00927643784787 0.0231910946197 -0.0185528756957
4.865335989 1.4272013955 0.142757987821 1 1 0.142757987821 0.00927643784787 0.0185528756957 -0.0231910946197
4.875335989 1.42275695106 0.142757987821 1 1 0.142757987821 0.00927643784787 0.0139146567718 -0.0231910946197
4.885335989 1.41831250661 0.142757987821 1 1 0.142757987821 0.00927643784787 0.0139146567718 -0.0231910946197
4.895335989 1.41386806217 0.142757987821 1 1 0.142757987821 0.00927643784787 0.00927643784787 -0.0231910946197
4.905335989 1.40942361772 0.142757987821 1 1 0.142757987821 0.00927643784787 0.00927643784787 -0.0231910946197
4.915335989 1.40368047198 0.139511234575 1 1 0.139511234575 0.00927643784787 0.00927643784787 -0.0278293135436
4.925335989 1.39923602754 0.139511234575 1 1 0.139511234575 0.0139146567718 0.00927643784787 -0.0278293135436
4.935335989 1.39479158309 0.139511234575 1 1 0.139511234575 0.0139146567718 0.00927643784787 -0.0278293135436
4.945335989 1.39034713865 0.139511234575 1 1 0.139511234575 0.0139146567718 0.00927643784787 -0.0278293135436
4.955335989 1.3859026942 0.139511234575 1 1 0.139511234575 0.0139146567718 0.00927643784787 -0.0278293135436
4.965335989 1.38145824976 0.139511234575 1 1 0.139511234575 0.0185528756957 0.00927643784787 -0.0278293135436
4.975335989 1.37701380532 0.139511234575 1 1 0.139511234575 0.0185528756957 0.00927643784787 -0.0278293135436
4.985335989 1.37256936087 0.139511234575 1 1 0.139511234575 0.0185528756957 0.00927643784787 -0.0278293135436
4.995335989 1.36812491643 0.139511234575 1 1 0.139511234575 0.0185528756957 0.00927643784787 -0.0278293135436
5.005335989 1.36368047198 0.139511234575 1 1 0.139511234575 0.0185528756957 0.00927643784787 -0.0278293135436
5.015335989 1.35923602754 0.139511234575 1 1 0.139511234575 0.0185528756957 0.00927643784787 -0.0278293135436
5.025335989 1.35479158309 0.139511234575 1 1 0.139511234575 0.0185528756957 0.00927643784787 -0.0278293135436
5.035335989 1.35034713865 0.139511234575 1 1 0.139511234575 0.0185528756957 0.00927643784787 -0.0278293135436
5.045335989 1.3459026942 0.139511234575 1 1 0.139511234575 0.0139146567718 0.00927643784787 -0.0278293135436
5.055335989 1.34145824976 0.139511234575 1 1 0.139511234575 0.00927643784787 0.00927643784787 -0.0278293135436
5.065335989 1.33701380532 0.139511234575 1 1 0.139511234575 0.00927643784787 0.00927643784787 -0.0278293135436
5.075335989 1.33256936087 0.139511234575 1 1 0.139511234575 0.00463821892393 0.00927643784787 -0.0278293135436
5.085335989 1.32812491643 0.139511234575 1 1 0.139511234575 0.00463821892393 0.00927643784787 -0.0278293135436
5.095335989 1.32368047198 0.139511234575 1 1 0.139511234575 0.0 0.00927643784787 -0.0278293135436
5.105335989 1.31923602754 0.139511234575 1 1 0.139511234575 0.0 0.00927643784787 -0.0278293135436
5.115335989 1.31479158309 0.139511234575 1 1 0.139511234575 -0.00463821892393 0.00927643784787 -0.0278293135436
5.125335989 1.31034713865 0.139511234575 1 1 0.139511234575 -0.00463821892393 0.00927643784787 -0.0278293135436
5.135335989 1.3059026942 0.139511234575 1 1 0.139511234575 -0.00463821892393 0.00927643784787 -0.0278293135436
5.145335989 1.30275695106 0.142757987821 1 1 0.142757987821 -0.00463821892393 0.00927643784787 -0.0231910946197
5.155335989 1.29831250661 0.142757987821 1 1 0.142757987821 -0.00463821892393 0.00927643784787 -0.0231910946197
5.165335989 1.29386806217 0.142757987821 1 1 0.142757987821 -0.00463821892393 0.0139146567718 -0.0231910946197
5.175335989 1.28942361772 0.142757987821 1 1 0.142757987821 -0.00927643784787 0.0185528756957 -0.0231910946197
5.185335989 1.28497917328 0.142757987821 1 1 0.142757987821 -0.00927643784787 0.0185528756957 -0.0231910946197
5.195335989 1.28053472884 0.142757987821 1 1 0.142757987821 -0.00927643784787 0.0231910946197 -0.0231910946197
5.205335989 1.27738898569 0.146004741068 1 1 0.146004741068 -0.00927643784787 0.0231910946197 -0.0185528756957
5.215335989 1.27294454125 0.146004741068 1 1 0.146004741068 -0.0139146567718 0.0231910946197 -0.0185528756957
5.225335989 1.2697987981 0.149251494315 1 1 0.149251494315 -0.0185528756957 0.0231910946197 -0.0139146567718
5.235335989 1.26665305495 0.152498247562 1 1 0.152498247562 -0.0185528756957 0.0231910946197 -0.00927643784787
5.245335989 1.26220861051 0.152498247562 1 1 0.152498247562 -0.0231910946197 0.0231910946197 -0.00927643784787
5.255335989 1.25776416607 0.152498247562 1 1 0.152498247562 -0.0231910946197 0.0278293135436 -0.00927643784787
5.265335989 1.25331972162 0.152498247562 1 1 0.152498247562 -0.0278293135436 0.0278293135436 -0.00927643784787
5.275335989 1.24887527718 0.152498247562 1 1 0.152498247562 -0.0278293135436 0.0324675324675 -0.00927643784787
5.285335989 1.24443083273 0.152498247562 1 1 0.152498247562 -0.0278293135436 0.0324675324675 -0.00927643784787
5.295335989 1.23998638829 0.152498247562 1 1 0.152498247562 -0.0278293135436 0.0324675324675 -0.00927643784787
5.305335989 1.23684064514 0.155745000808 1 1 0.155745000808 -0.0278293135436 0.0324675324675 -0.00463821892393
5.315335989 1.2323962007 0.155745000808 1 1 0.155745000808 -0.0278293135436 0.0324675324675 -0.00463821892393
5.325335989 1.22925045755 0.158991754055 1 1 0.158991754055 -0.0278293135436 0.0324675324675 0.0
5.335335989 1.22480601311 0.158991754055 1 1 0.158991754055 -0.0278293135436 0.0324675324675 0.0
5.345335989 1.22036156866 0.158991754055 1 1 0.158991754055 -0.0278293135436 0.0324675324675 0.0
5.355335989 1.21721582552 0.162238507302 1 1 0.162238507302 -0.0278293135436 0.0324675324675 0.00463821892393
5.365335989 1.21277138107 0.162238507302 1 1 0.162238507302 -0.0278293135436 0.0324675324675 0.00463821892393
5.375335989 1.20832693663 0.162238507302 1 1 0.162238507302 -0.0278293135436 0.0324675324675 0.00463821892393
5.385335989 1.20388249218 0.162238507302 1 1 0.162238507302 -0.0278293135436 0.0324675324675 0.00463821892393
5.395335989 1.20073674904 0.165485260549 1 1 0.165485260549 -0.0278293135436 0.0324675324675 0.00927643784787
5.405335989 1.19629230459 0.165485260549 1 1 0.165485260549 -0.0278293135436 0.0324675324675 0.00927643784787
5.415335989 1.19184786015 0.165485260549 1 1 0.165485260549 -0.0278293135436 0.0324675324675 0.00927643784787
5.425335989 1.1874034157 0.165485260549 1 1 0.165485260549 -0.0278293135436 0.0324675324675 0.00927643784787
5.435335989 1.18295897126 0.165485260549 1 1 0.165485260549 -0.0278293135436 0.0324675324675 0.00927643784787
5.445335989 1.17851452682 0.165485260549 1 1 0.165485260549 -0.0278293135436 0.0324675324675 0.00927643784787
5.455335989 1.17407008237 0.165485260549 1 1 0.165485260549 -0.0278293135436 0.0324675324675 0.00927643784787
5.465335989 1.16962563793 0.165485260549 1 1 0.165485260549 -0.0278293135436 0.0324675324675 0.00927643784787
5.475335989 1.16518119348 0.165485260549 1 1 0.165485260549 -0.0278293135436 0.0324675324675 0.00927643784787
5.485335989 1.16073674904 0.165485260549 1 1 0.165485260549 -0.0278293135436 0.0324675324675 0.00927643784787
5.495335989 1.15629230459 0.165485260549 1 1 0.165485260549 -0.0231910946197 0.0324675324675 0.00927643784787
5.505335989 1.15184786015 0.165485260549 1 1 0.165485260549 -0.0231910946197 0.0324675324675 0.00927643784787
5.515335989 1.1474034157 0.165485260549 1 1 0.165485260549 -0.0139146567718 0.0324675324675 0.00927643784787
5.525335989 1.14295897126 0.165485260549 1 1 0.165485260549 -0.00927643784787 0.0324675324675 0.00927643784787
5.535335989 1.13851452682 0.165485260549 1 1 0.165485260549 -0.00463821892393 0.0324675324675 0.00927643784787
5.545335989 1.13407008237 0.165485260549 1 1 0.165485260549 0.0 0.0371057513915 0.00927643784787
5.555335989 1.12832693663 0.162238507302 1 1 0.162238507302 0.00463821892393 0.0371057513915 0.00463821892393
5.565335989 1.12388249218 0.162238507302 1 1 0.162238507302 0.00463821892393 0.0371057513915 0.00463821892393
5.575335989 1.11813934644 0.158991754055 1 1 0.158991754055 0.00463821892393 0.0417439703154 0.0
5.585335989 1.113694902 0.158991754055 1 1 0.158991754055 0.00463821892393 0.0463821892393 0.0
5.595335989 1.10925045755 0.158991754055 1 1 0.158991754055 0.00463821892393 0.0463821892393 0.0
5.605335989 1.10480601311 0.158991754055 1 1 0.158991754055 0.00927643784787 0.0463821892393 0.0
5.615335989 1.09906286736 0.155745000808 1 1 0.155745000808 0.00927643784787 0.0463821892393 -0.00463821892393
5.625335989 1.09461842292 0.155745000808 1 1 0.155745000808 0.00927643784787 0.0510204081633 -0.00463821892393
5.635335989 1.09017397848 0.155745000808 1 1 0.155745000808 0.00927643784787 0.0510204081633 -0.00463821892393
5.645335989 1.08572953403 0.155745000808 1 1 0.155745000808 0.00927643784787 0.0556586270872 -0.00463821892393
5.655335989 1.07998638829 0.152498247562 1 1 0.152498247562 0.00927643784787 0.0556586270872 -0.00927643784787
5.665335989 1.07554194384 0.152498247562 1 1 0.152498247562 0.0139146567718 0.0556586270872 -0.00927643784787
5.675335989 1.0710974994 0.152498247562 1 1 0.152498247562 0.0139146567718 0.0556586270872 -0.00927643784787
5.685335989 1.06665305495 0.152498247562 1 1 0.152498247562 0.0139146567718 0.0556586270872 -0.00927643784787
5.695335989 1.06090990921 0.149251494315 1 1 0.149251494315 0.0185528756957 0.0602968460111 -0.0139146567718
5.705335989 1.05646546477 0.149251494315 1 1 0.149251494315 0.0185528756957 0.0602968460111 -0.0139146567718
5.715335989 1.05202102032 0.149251494315 1 1 0.149251494315 0.0185528756957 0.0602968460111 -0.0139146567718
5.725335989 1.04757657588 0.149251494315 1 1 0.149251494315 0.0185528756957 0.0602968460111 -0.0139146567718
5.735335989 1.04053472884 0.142757987821 1 1 0.142757987821 0.0139146567718 0.0602968460111 -0.0231910946197
5.745335989 1.03609028439 0.142757987821 1 1 0.142757987821 0.0139146567718 0.0602968460111 -0.0231910946197
5.755335989 1.03164583995 0.142757987821 1 1 0.142757987821 0.0139146567718 0.0602968460111 -0.0231910946197
5.765335989 1.0272013955 0.142757987821 1 1 0.142757987821 0.00927643784787 0.0602968460111 -0.0231910946197
5.775335989 1.02275695106 0.142757987821 1 1 0.142757987821 0.00927643784787 0.0602968460111 -0.0231910946197
5.785335989 1.01831250661 0.142757987821 1 1 0.142757987821 0.00927643784787 0.0556586270872 -0.0231910946197
5.795335989 1.01386806217 0.142757987821 1 1 0.142757987821 0.00927643784787 0.0556586270872 -0.0231910946197
5.805335989 1.00812491643 0.139511234575 1 1 0.139511234575 0.00463821892393 0.0510204081633 -0.0278293135436
5.815335989 1.00368047198 0.139511234575 1 1 0.139511234575 0.0 0.0510204081633 -0.0278293135436
5.825335989 0.999236027537 0.139511234575 1 1 0.139511234575 -0.00463821892393 0.0510204081633 -0.0278293135436
5.835335989 0.996090284392 0.142757987821 1 1 0.142757987821 -0.00463821892393 0.0510204081633 -0.0231910946197
5.845335989 0.991645839947 0.142757987821 1 1 0.142757987821 -0.00463821892393 0.0463821892393 -0.0231910946197
5.855335989 0.987201395503 0.142757987821 1 1 0.142757987821 -0.00463821892393 0.0417439703154 -0.0231910946197
5.865335989 0.982756951058 0.142757987821 1 1 0.142757987821 -0.0139146567718 0.0371057513915 -0.0231910946197
5.875335989 0.978312506614 0.142757987821 1 1 0.142757987821 -0.0139146567718 0.0371057513915 -0.0231910946197
5.885335989 0.975166763468 0.146004741068 1 1 0.146004741068 -0.0139146567718 0.0324675324675 -0.0185528756957
5.895335989 0.970722319024 0.146004741068 1 1 0.146004741068 -0.0139146567718 0.0324675324675 -0.0185528756957
5.905335989 0.966277874579 0.146004741068 1 1 0.146004741068 -0.0139146567718 0.0324675324675 -0.0185528756957
5.915335989 0.961833430135 0.146004741068 1 1 0.146004741068 -0.0139146567718 0.0324675324675 -0.0185528756957
5.925335989 0.95738898569 0.146004741068 1 1 0.146004741068 -0.0139146567718 0.0324675324675 -0.0185528756957
5.935335989 0.952944541246 0.146004741068 1 1 0.146004741068 -0.0139146567718 0.0278293135436 -0.0185528756957
5.945335989 0.948500096801 0.146004741068 1 1 0.146004741068 -0.0139146567718 0.0278293135436 -0.0185528756957
5.955335989 0.944055652357 0.146004741068 1 1 0.146004741068 -0.0139146567718 0.0231910946197 -0.0185528756957
5.965335989 0.939611207912 0.146004741068 1 1 0.146004741068 -0.00927643784787 0.0231910946197 -0.0185528756957
5.975335989 0.936465464767 0.149251494315 1 1 0.149251494315 -0.00927643784787 0.0231910946197 -0.0139146567718
5.985335989 0.932021020322 0.149251494315 1 1 0.149251494315 -0.00927643784787 0.0231910946197 -0.0139146567718
5.995335989 0.927576575878 0.149251494315 1 1 0.149251494315 -0.00927643784787 0.0231910946197 -0.0139146567718
6.005335989 0.923132131433 0.149251494315 1 1 0.149251494315 -0.00927643784787 0.0231910946197 -0.0139146567718
6.015335989 0.918687686989 0.149251494315 1 1 0.149251494315 -0.00463821892393 0.0231910946197 -0.0139146567718
6.025335989 0.914243242545 0.149251494315 1 1 0.149251494315 -0.00463821892393 0.0139146567718 -0.0139146567718
6.035335989 0.9097987981 0.149251494315 1 1 0.149251494315 -0.00463821892393 0.00927643784787 -0.0139146567718
6.045335989 0.905354353656 0.149251494315 1 1 0.149251494315 -0.00463821892393 0.00927643784787 -0.0139146567718
6.055335989 0.900909909211 0.149251494315 1 1 0.149251494315 -0.00463821892393 0.00927643784787 -0.0139146567718
6.065335989 0.896465464767 0.149251494315 1 1 0.149251494315 -0.00463821892393 0.00927643784787 -0.0139146567718
6.075335989 0.892021020322 0.149251494315 1 1 0.149251494315 -0.00463821892393 0.00927643784787 -0.0139146567718
6.085335989 0.887576575878 0.149251494315 1 1 0.149251494315 -0.00463821892393 0.00463821892393 -0.0139146567718
6.095335989 0.883132131433 0.149251494315 1 1 0.149251494315 -0.00463821892393 0.00463821892393 -0.0139146567718
6.105335989 0.878687686989 0.149251494315 1 1 0.149251494315 -0.00463821892393 0.0 -0.0139146567718
6.115335989 0.874243242545 0.149251494315 1 1 0.149251494315 -0.00463821892393 0.0 -0.0139146567718
6.125335989 0.8697987981 0.149251494315 1 1 0.149251494315 -0.00463821892393 0.0 -0.0139146567718
6.135335989 0.865354353656 0.149251494315 1 1 0.149251494315 -0.00463821892393 0.0 -0.0139146567718
6.145335989 0.860909909211 0.149251494315 1 1 0.149251494315 0.00463821892393 0.0 -0.0139146567718
6.155335989 0.855166763468 0.146004741068 1 1 0.146004741068 0.00927643784787 0.0 -0.0185528756957
6.165335989 0.849423617725 0.142757987821 1 1 0.142757987821 0.00927643784787 0.0 -0.0231910946197
6.175335989 0.843680471982 0.139511234575 1 1 0.139511234575 0.00927643784787 0.0 -0.0278293135436
6.185335989 0.839236027537 0.139511234575 1 1 0.139511234575 0.00927643784787 0.0 -0.0278293135436
6.195335989 0.834791583093 0.139511234575 1 1 0.139511234575 0.00927643784787 0.0 -0.0278293135436
6.205335989 0.830347138648 0.139511234575 1 1 0.139511234575 0.00927643784787 0.0 -0.0278293135436
6.215335989 0.825902694204 0.139511234575 1 1 0.139511234575 0.0139146567718 0.0 -0.0278293135436
6.225335989 0.82145824976 0.139511234575 1 1 0.139511234575 0.0139146567718 0.0 -0.0278293135436
6.235335989 0.817013805315 0.139511234575 1 1 0.139511234575 0.0139146567718 0.0 -0.0278293135436
6.245335989 0.812569360871 0.139511234575 1 1 0.139511234575 0.0139146567718 0.00463821892393 -0.0278293135436
6.255335989 0.808124916426 0.139511234575 1 1 0.139511234575 0.0139146567718 0.00463821892393 -0.0278293135436
6.265335989 0.803680471982 0.139511234575 1 1 0.139511234575 0.0139146567718 0.00463821892393 -0.0278293135436
6.275335989 0.799236027537 0.139511234575 1 1 0.139511234575 0.0139146567718 0.00463821892393 -0.0278293135436
6.285335989 0.794791583093 0.139511234575 1 1 0.139511234575 0.0139146567718 0.00463821892393 -0.0278293135436
6.295335989 0.78904843735 0.136264481328 1 1 0.136264481328 0.0139146567718 0.00927643784787 -0.0324675324675
6.305335989 0.784603992905 0.136264481328 1 1 0.136264481328 0.0139146567718 0.00927643784787 -0.0324675324675
6.315335989 0.778860847162 0.133017728081 1 1 0.133017728081 0.0139146567718 0.00927643784787 -0.0371057513915
