1.825335989 1.78480601311 -0.041008245945 1 1 -0.041008245945 0.0 0.0 0.0
1.835335989 1.7874034157 -0.0345147394515 1 1 -0.0345147394515 0.00463821892393 0.00463821892393 0.00927643784787
1.845335989 1.7874034157 -0.0345147394515 1 1 -0.0345147394515 0.00463821892393 0.00463821892393 0.00927643784787
1.855335989 1.7874034157 -0.0345147394515 1 1 -0.0345147394515 0.00927643784787 0.00463821892393 0.00927643784787
1.865335989 1.788702117 -0.0312679862047 1 1 -0.0312679862047 0.00927643784787 0.00463821892393 0.0139146567718
1.875335989 1.788702117 -0.0312679862047 1 1 -0.0312679862047 0.0139146567718 0.00463821892393 0.0139146567718
1.885335989 1.788702117 -0.0312679862047 1 1 -0.0312679862047 0.0139146567718 0.00927643784787 0.0139146567718
1.895335989 1.788702117 -0.0312679862047 1 1 -0.0312679862047 0.0139146567718 0.0139146567718 0.0139146567718
1.905335989 1.788702117 -0.0312679862047 1 1 -0.0312679862047 0.0139146567718 0.0139146567718 0.0139146567718
1.915335989 1.788702117 -0.0312679862047 1 1 -0.0312679862047 0.0139146567718 0.0139146567718 0.0139146567718
1.925335989 1.788702117 -0.0312679862047 1 1 -0.0312679862047 0.0139146567718 0.0185528756957 0.0139146567718
1.935335989 1.788702117 -0.0312679862047 1 1 -0.0312679862047 0.0139146567718 0.0185528756957 0.0139146567718
1.945335989 1.788702117 -0.0312679862047 1 1 -0.0312679862047 0.0139146567718 0.0231910946197 0.0139146567718
1.955335989 1.788702117 -0.0312679862047 1 1 -0.0312679862047 0.0139146567718 0.0231910946197 0.0139146567718
1.965335989 1.788702117 -0.0312679862047 1 1 -0.0312679862047 0.00927643784787 0.0231910946197 0.0139146567718
1.975335989 1.788702117 -0.0312679862047 1 1 -0.0312679862047 0.00463821892393 0.0231910946197 0.0139146567718
1.985335989 1.7900008183 -0.028021232958 1 1 -0.028021232958 0.0 0.0231910946197 0.0185528756957
1.995335989 1.7900008183 -0.028021232958 1 1 -0.028021232958 0.0 0.0231910946197 0.0185528756957
2.005335989 1.7900008183 -0.028021232958 1 1 -0.028021232958 0.0 0.0278293135436 0.0185528756957
2.015335989 1.7912995196 -0.0247744797112 1 1 -0.0247744797112 -0.00463821892393 0.0278293135436 0.0231910946197
2.025335989 1.7925982209 -0.0215277264645 1 1 -0.0215277264645 -0.00463821892393 0.0278293135436 0.0278293135436
2.035335989 1.7925982209 -0.0215277264645 1 1 -0.0215277264645 -0.00463821892393 0.0278293135436 0.0278293135436
2.045335989 1.7925982209 -0.0215277264645 1 1 -0.0215277264645 -0.00463821892393 0.0278293135436 0.0278293135436
2.055335989 1.7925982209 -0.0215277264645 1 1 -0.0215277264645 -0.00927643784787 0.0324675324675 0.0278293135436
2.065335989 1.7925982209 -0.0215277264645 1 1 -0.0215277264645 -0.00927643784787 0.0324675324675 0.0278293135436
2.075335989 1.7925982209 -0.0215277264645 1 1 -0.0215277264645 -0.00927643784787 0.0371057513915 0.0278293135436
2.085335989 1.7925982209 -0.0215277264645 1 1 -0.0215277264645 -0.00927643784787 0.0371057513915 0.0278293135436
2.095335989 1.7912995196 -0.0247744797112 1 1 -0.0247744797112 -0.00927643784787 0.0371057513915 0.0231910946197
2.105335989 1.7900008183 -0.028021232958 1 1 -0.028021232958 -0.00927643784787 0.0371057513915 0.0185528756957
2.115335989 1.7900008183 -0.028021232958 1 1 -0.028021232958 -0.00927643784787 0.0371057513915 0.0185528756957
2.125335989 1.788702117 -0.0312679862047 1 1 -0.0312679862047 -0.00927643784787 0.0371057513915 0.0139146567718
2.135335989 1.788702117 -0.0312679862047 1 1 -0.0312679862047 -0.00927643784787 0.0371057513915 0.0139146567718
2.145335989 1.7874034157 -0.0345147394515 1 1 -0.0345147394515 -0.00927643784787 0.0371057513915 0.00927643784787
2.155335989 1.78610471441 -0.0377614926982 1 1 -0.0377614926982 -0.00927643784787 0.0371057513915 0.00463821892393
2.165335989 1.78610471441 -0.0377614926982 1 1 -0.0377614926982 -0.00927643784787 0.0371057513915 0.00463821892393
2.175335989 1.78610471441 -0.0377614926982 1 1 -0.0377614926982 -0.00927643784787 0.0371057513915 0.00463821892393
2.185335989 1.78480601311 -0.041008245945 1 1 -0.041008245945 -0.00927643784787 0.0371057513915 0.0
2.195335989 1.78350731181 -0.0442549991917 1 1 -0.0442549991917 -0.00927643784787 0.0371057513915 -0.00463821892393
2.205335989 1.78350731181 -0.0442549991917 1 1 -0.0442549991917 -0.00927643784787 0.0417439703154 -0.00463821892393
2.215335989 1.78220861051 -0.0475017524385 1 1 -0.0475017524385 -0.00927643784787 0.0417439703154 -0.00927643784787
2.225335989 1.78220861051 -0.0475017524385 1 1 -0.0475017524385 -0.00927643784787 0.0417439703154 -0.00927643784787
2.235335989 1.78090990921 -0.0507485056852 1 1 -0.0507485056852 -0.00927643784787 0.0463821892393 -0.0139146567718
2.245335989 1.78090990921 -0.0507485056852 1 1 -0.0507485056852 -0.00927643784787 0.0463821892393 -0.0139146567718
2.255335989 1.78090990921 -0.0507485056852 1 1 -0.0507485056852 -0.00927643784787 0.0510204081633 -0.0139146567718
2.265335989 1.77961120791 -0.053995258932 1 1 -0.053995258932 -0.00927643784787 0.0556586270872 -0.0185528756957
2.275335989 1.77961120791 -0.053995258932 1 1 -0.053995258932 -0.00463821892393 0.0556586270872 -0.0185528756957
2.285335989 1.77961120791 -0.053995258932 1 1 -0.053995258932 -0.00463821892393 0.0602968460111 -0.0185528756957
2.295335989 1.77831250661 -0.0572420121787 1 1 -0.0572420121787 0.0 0.0602968460111 -0.0231910946197
2.305335989 1.77831250661 -0.0572420121787 1 1 -0.0572420121787 -0.00463821892393 0.0602968460111 -0.0231910946197
2.315335989 1.77831250661 -0.0572420121787 1 1 -0.0572420121787 -0.00463821892393 0.0602968460111 -0.0231910946197
2.325335989 1.77831250661 -0.0572420121787 1 1 -0.0572420121787 -0.00927643784787 0.0602968460111 -0.0231910946197
2.335335989 1.77701380532 -0.0604887654255 1 1 -0.0604887654255 -0.00927643784787 0.0602968460111 -0.0278293135436
2.345335989 1.77701380532 -0.0604887654255 1 1 -0.0604887654255 -0.00927643784787 0.0602968460111 -0.0278293135436
2.355335989 1.77701380532 -0.0604887654255 1 1 -0.0604887654255 -0.0139146567718 0.0602968460111 -0.0278293135436
2.365335989 1.77701380532 -0.0604887654255 1 1 -0.0604887654255 -0.0139146567718 0.0602968460111 -0.0278293135436
2.375335989 1.77701380532 -0.0604887654255 1 1 -0.0604887654255 -0.0139146567718 0.0556586270872 -0.0278293135436
2.385335989 1.77701380532 -0.0604887654255 1 1 -0.0604887654255 -0.0185528756957 0.0510204081633 -0.0278293135436
2.395335989 1.77701380532 -0.0604887654255 1 1 -0.0604887654255 -0.0231910946197 0.0510204081633 -0.0278293135436
2.405335989 1.77701380532 -0.0604887654255 1 1 -0.0604887654255 -0.0278293135436 0.0510204081633 -0.0278293135436
2.415335989 1.77701380532 -0.0604887654255 1 1 -0.0604887654255 -0.0278293135436 0.0463821892393 -0.0278293135436
2.425335989 1.77701380532 -0.0604887654255 1 1 -0.0604887654255 -0.0324675324675 0.0417439703154 -0.0278293135436
2.435335989 1.77701380532 -0.0604887654255 1 1 -0.0604887654255 -0.0324675324675 0.0417439703154 -0.0278293135436
2.445335989 1.77701380532 -0.0604887654255 1 1 -0.0604887654255 -0.0371057513915 0.0417439703154 -0.0278293135436
2.455335989 1.77701380532 -0.0604887654255 1 1 -0.0604887654255 -0.0371057513915 0.0371057513915 -0.0278293135436
2.465335989 1.77701380532 -0.0604887654255 1 1 -0.0604887654255 -0.0417439703154 0.0371057513915 -0.0278293135436
2.475335989 1.77701380532 -0.0604887654255 1 1 -0.0604887654255 -0.0417439703154 0.0278293135436 -0.0278293135436
2.485335989 1.77701380532 -0.0604887654255 1 1 -0.0604887654255 -0.0417439703154 0.0278293135436 -0.0278293135436
2.495335989 1.77701380532 -0.0604887654255 1 1 -0.0604887654255 -0.0417439703154 0.0231910946197 -0.0278293135436
2.505335989 1.77571510402 -0.0637355186722 1 1 -0.0637355186722 -0.0417439703154 0.0231910946197 -0.0324675324675
2.515335989 1.77441640272 -0.066982271919 1 1 -0.066982271919 -0.0417439703154 0.0185528756957 -0.0371057513915
2.525335989 1.77441640272 -0.066982271919 1 1 -0.066982271919 -0.0417439703154 0.0139146567718 -0.0371057513915
2.535335989 1.77441640272 -0.066982271919 1 1 -0.066982271919 -0.0417439703154 0.0139146567718 -0.0371057513915
2.545335989 1.77441640272 -0.066982271919 1 1 -0.066982271919 -0.0371057513915 0.00927643784787 -0.0371057513915
2.555335989 1.77441640272 -0.066982271919 1 1 -0.066982271919 -0.0324675324675 0.00463821892393 -0.0371057513915
2.565335989 1.77441640272 -0.066982271919 1 1 -0.066982271919 -0.0324675324675 0.00463821892393 -0.0371057513915
2.575335989 1.77441640272 -0.066982271919 1 1 -0.066982271919 -0.0324675324675 0.00463821892393 -0.0371057513915
2.585335989 1.77441640272 -0.066982271919 1 1 -0.066982271919 -0.0324675324675 -0.00463821892393 -0.0371057513915
2.595335989 1.77441640272 -0.066982271919 1 1 -0.066982271919 -0.0324675324675 -0.00927643784787 -0.0371057513915
2.605335989 1.77441640272 -0.066982271919 1 1 -0.066982271919 -0.00463821892393 -0.00927643784787 -0.0371057513915
2.615335989 1.77441640272 -0.066982271919 1 1 -0.066982271919 0.0 -0.00927643784787 -0.0371057513915
2.625335989 1.77311770142 -0.0702290251658 1 1 -0.0702290251658 0.0 -0.00927643784787 -0.0417439703154
2.635335989 1.77311770142 -0.0702290251658 1 1 -0.0702290251658 0.0 -0.0139146567718 -0.0417439703154
2.645335989 1.77311770142 -0.0702290251658 1 1 -0.0702290251658 0.0 -0.0139146567718 -0.0417439703154
2.655335989 1.77052029882 -0.0767225316593 1 1 -0.0767225316593 0.0 -0.0139146567718 -0.0510204081633
2.665335989 1.77052029882 -0.0767225316593 1 1 -0.0767225316593 0.0 -0.0139146567718 -0.0510204081633
2.675335989 1.77052029882 -0.0767225316593 1 1 -0.0767225316593 0.0 -0.0139146567718 -0.0510204081633
2.685335989 1.77052029882 -0.0767225316593 1 1 -0.0767225316593 0.0 -0.0139146567718 -0.0510204081633
2.695335989 1.77052029882 -0.0767225316593 1 1 -0.0767225316593 0.00463821892393 -0.0139146567718 -0.0510204081633
2.705335989 1.77052029882 -0.0767225316593 1 1 -0.0767225316593 0.00463821892393 -0.0139146567718 -0.0510204081633
2.715335989 1.77052029882 -0.0767225316593 1 1 -0.0767225316593 0.00463821892393 -0.0139146567718 -0.0510204081633
2.725335989 1.77052029882 -0.0767225316593 1 1 -0.0767225316593 0.00463821892393 -0.0139146567718 -0.0510204081633
2.735335989 1.77052029882 -0.0767225316593 1 1 -0.0767225316593 0.0139146567718 -0.0139146567718 -0.0510204081633
2.745335989 1.76922159752 -0.079969284906 1 1 -0.079969284906 0.0185528756957 -0.0139146567718 -0.0556586270872
2.755335989 1.76922159752 -0.079969284906 1 1 -0.079969284906 0.0185528756957 -0.0139146567718 -0.0556586270872
2.765335989 1.76922159752 -0.079969284906 1 1 -0.079969284906 0.0185528756957 -0.0139146567718 -0.0556586270872
2.775335989 1.76922159752 -0.079969284906 1 1 -0.079969284906 0.0185528756957 -0.0139146567718 -0.0556586270872
2.785335989 1.76922159752 -0.079969284906 1 1 -0.079969284906 0.0185528756957 -0.0139146567718 -0.0556586270872
2.795335989 1.76922159752 -0.079969284906 1 1 -0.079969284906 0.0185528756957 -0.0139146567718 -0.0556586270872
2.805335989 1.77052029882 -0.0767225316593 1 1 -0.0767225316593 0.0231910946197 -0.0139146567718 -0.0510204081633
2.815335989 1.77052029882 -0.0767225316593 1 1 -0.0767225316593 0.0231910946197 -0.0139146567718 -0.0510204081633
2.825335989 1.77052029882 -0.0767225316593 1 1 -0.0767225316593 0.0278293135436 -0.0139146567718 -0.0510204081633
2.835335989 1.77181900012 -0.0734757784125 1 1 -0.0734757784125 0.0324675324675 -0.0139146567718 -0.0463821892393
2.845335989 1.77181900012 -0.0734757784125 1 1 -0.0734757784125 0.0324675324675 -0.0139146567718 -0.0463821892393
2.855335989 1.77181900012 -0.0734757784125 1 1 -0.0734757784125 0.0324675324675 -0.00927643784787 -0.0463821892393
2.865335989 1.77181900012 -0.0734757784125 1 1 -0.0734757784125 0.0324675324675 -0.00927643784787 -0.0463821892393
2.875335989 1.77181900012 -0.0734757784125 1 1 -0.0734757784125 0.0324675324675 -0.00927643784787 -0.0463821892393
2.885335989 1.77181900012 -0.0734757784125 1 1 -0.0734757784125 0.0324675324675 -0.00927643784787 -0.0463821892393
2.895335989 1.77181900012 -0.0734757784125 1 1 -0.0734757784125 0.0324675324675 -0.00927643784787 -0.0463821892393
2.905335989 1.77181900012 -0.0734757784125 1 1 -0.0734757784125 0.0324675324675 -0.00927643784787 -0.0463821892393
2.915335989 1.77181900012 -0.0734757784125 1 1 -0.0734757784125 0.0324675324675 -0.00927643784787 -0.0463821892393
2.925335989 1.77311770142 -0.0702290251658 1 1 -0.0702290251658 0.0324675324675 -0.00927643784787 -0.0417439703154
2.935335989 1.77311770142 -0.0702290251658 1 1 -0.0702290251658 0.0324675324675 -0.00927643784787 -0.0417439703154
2.945335989 1.77571510402 -0.0637355186722 1 1 -0.0637355186722 0.0324675324675 -0.00927643784787 -0.0324675324675
2.955335989 1.77571510402 -0.0637355186722 1 1 -0.0637355186722 0.0371057513915 -0.00463821892393 -0.0324675324675
2.965335989 1.77701380532 -0.0604887654255 1 1 -0.0604887654255 0.0371057513915 -0.00463821892393 -0.0278293135436
2.975335989 1.77701380532 -0.0604887654255 1 1 -0.0604887654255 0.0371057513915 -0.00463821892393 -0.0278293135436
2.985335989 1.77701380532 -0.0604887654255 1 1 -0.0604887654255 0.0371057513915 -0.00463821892393 -0.0278293135436
2.995335989 1.77701380532 -0.0604887654255 1 1 -0.0604887654255 0.0371057513915 -0.00463821892393 -0.0278293135436
3.005335989 1.77701380532 -0.0604887654255 1 1 -0.0604887654255 0.0371057513915 -0.00463821892393 -0.0278293135436
3.015335989 1.77831250661 -0.0572420121787 1 1 -0.0572420121787 0.0371057513915 -0.00463821892393 -0.0231910946197
3.025335989 1.77831250661 -0.0572420121787 1 1 -0.0572420121787 0.0371057513915 -0.00463821892393 -0.0231910946197
3.035335989 1.77831250661 -0.0572420121787 1 1 -0.0572420121787 0.0371057513915 0.0 -0.0231910946197
3.045335989 1.77831250661 -0.0572420121787 1 1 -0.0572420121787 0.0371057513915 0.0 -0.0231910946197
3.055335989 1.77961120791 -0.053995258932 1 1 -0.053995258932 0.0371057513915 0.0 -0.0185528756957
3.065335989 1.77961120791 -0.053995258932 1 1 -0.053995258932 0.0324675324675 0.0 -0.0185528756957
3.075335989 1.77961120791 -0.053995258932 1 1 -0.053995258932 0.0324675324675 0.0 -0.0185528756957
3.085335989 1.77961120791 -0.053995258932 1 1 -0.053995258932 0.0278293135436 0.0 -0.0185528756957
3.095335989 1.77961120791 -0.053995258932 1 1 -0.053995258932 0.0231910946197 0.00463821892393 -0.0185528756957
3.105335989 1.77961120791 -0.053995258932 1 1 -0.053995258932 0.0185528756957 0.00463821892393 -0.0185528756957
3.115335989 1.77961120791 -0.053995258932 1 1 -0.053995258932 0.0185528756957 0.00463821892393 -0.0185528756957
3.125335989 1.77961120791 -0.053995258932 1 1 -0.053995258932 0.0139146567718 0.00463821892393 -0.0185528756957
3.135335989 1.78090990921 -0.0507485056852 1 1 -0.0507485056852 0.00927643784787 0.00463821892393 -0.0139146567718
3.145335989 1.78090990921 -0.0507485056852 1 1 -0.0507485056852 0.00927643784787 0.00927643784787 -0.0139146567718
3.155335989 1.78350731181 -0.0442549991917 1 1 -0.0442549991917 0.00927643784787 0.00927643784787 -0.00463821892393
3.165335989 1.78350731181 -0.0442549991917 1 1 -0.0442549991917 0.00927643784787 0.0139146567718 -0.00463821892393
3.175335989 1.78350731181 -0.0442549991917 1 1 -0.0442549991917 0.00927643784787 0.0139146567718 -0.00463821892393
3.185335989 1.78480601311 -0.041008245945 1 1 -0.041008245945 0.00927643784787 0.0185528756957 0.0
3.195335989 1.78480601311 -0.041008245945 1 1 -0.041008245945 0.00927643784787 0.0185528756957 0.0
3.205335989 1.78480601311 -0.041008245945 1 1 -0.041008245945 0.00927643784787 0.0185528756957 0.0
3.215335989 1.78480601311 -0.041008245945 1 1 -0.041008245945 0.00927643784787 0.0185528756957 0.0
3.225335989 1.78480601311 -0.041008245945 1 1 -0.041008245945 0.00927643784787 0.0185528756957 0.0
3.235335989 1.78480601311 -0.041008245945 1 1 -0.041008245945 0.00927643784787 0.0185528756957 0.0
3.245335989 1.78480601311 -0.041008245945 1 1 -0.041008245945 0.00463821892393 0.0185528756957 0.0
3.255335989 1.78480601311 -0.041008245945 1 1 -0.041008245945 0.00463821892393 0.0231910946197 0.0
3.265335989 1.78480601311 -0.041008245945 1 1 -0.041008245945 0.00463821892393 0.0231910946197 0.0
3.275335989 1.78610471441 -0.0377614926982 1 1 -0.0377614926982 0.00463821892393 0.0231910946197 0.00463821892393
3.285335989 1.7874034157 -0.0345147394515 1 1 -0.0345147394515 0.00463821892393 0.0231910946197 0.00927643784787
3.295335989 1.788702117 -0.0312679862047 1 1 -0.0312679862047 0.00463821892393 0.0278293135436 0.0139146567718
3.305335989 1.788702117 -0.0312679862047 1 1 -0.0312679862047 0.00463821892393 0.0278293135436 0.0139146567718
3.315335989 1.7900008183 -0.028021232958 1 1 -0.028021232958 0.00927643784787 0.0278293135436 0.0185528756957
3.325335989 1.7912995196 -0.0247744797112 1 1 -0.0247744797112 0.00927643784787 0.0278293135436 0.0231910946197
3.335335989 1.7912995196 -0.0247744797112 1 1 -0.0247744797112 0.00927643784787 0.0278293135436 0.0231910946197
3.345335989 1.7925982209 -0.0215277264645 1 1 -0.0215277264645 0.00927643784787 0.0278293135436 0.0278293135436
3.355335989 1.7925982209 -0.0215277264645 1 1 -0.0215277264645 0.00927643784787 0.0278293135436 0.0278293135436
3.365335989 1.7925982209 -0.0215277264645 1 1 -0.0215277264645 0.0139146567718 0.0278293135436 0.0278293135436
3.375335989 1.7925982209 -0.0215277264645 1 1 -0.0215277264645 0.0139146567718 0.0278293135436 0.0278293135436
3.385335989 1.7925982209 -0.0215277264645 1 1 -0.0215277264645 0.0185528756957 0.0278293135436 0.0278293135436
3.395335989 1.7925982209 -0.0215277264645 1 1 -0.0215277264645 0.0185528756957 0.0278293135436 0.0278293135436
3.405335989 1.7925982209 -0.0215277264645 1 1 -0.0215277264645 0.0185528756957 0.0278293135436 0.0278293135436
3.415335989 1.7925982209 -0.0215277264645 1 1 -0.0215277264645 0.0185528756957 0.0278293135436 0.0278293135436
3.425335989 1.7925982209 -0.0215277264645 1 1 -0.0215277264645 0.0185528756957 0.0278293135436 0.0278293135436
3.435335989 1.7925982209 -0.0215277264645 1 1 -0.0215277264645 0.0231910946197 0.0278293135436 0.0278293135436
3.445335989 1.7925982209 -0.0215277264645 1 1 -0.0215277264645 0.0231910946197 0.0324675324675 0.0278293135436
3.455335989 1.7925982209 -0.0215277264645 1 1 -0.0215277264645 0.0231910946197 0.0371057513915 0.0278293135436
3.465335989 1.7925982209 -0.0215277264645 1 1 -0.0215277264645 0.0231910946197 0.0371057513915 0.0278293135436
3.475335989 1.7912995196 -0.0247744797112 1 1 -0.0247744797112 0.0231910946197 0.0324675324675 0.0231910946197
3.485335989 1.7912995196 -0.0247744797112 1 1 -0.0247744797112 0.0231910946197 0.0324675324675 0.0231910946197
3.495335989 1.7912995196 -0.0247744797112 1 1 -0.0247744797112 0.0231910946197 0.0324675324675 0.0231910946197
3.505335989 1.7900008183 -0.028021232958 1 1 -0.028021232958 0.0231910946197 0.0324675324675 0.0185528756957
3.515335989 1.7900008183 -0.028021232958 1 1 -0.028021232958 0.0231910946197 0.0371057513915 0.0185528756957
3.525335989 1.7900008183 -0.028021232958 1 1 -0.028021232958 0.0231910946197 0.0371057513915 0.0185528756957
3.535335989 1.7900008183 -0.028021232958 1 1 -0.028021232958 0.0231910946197 0.0371057513915 0.0185528756957
3.545335989 1.7900008183 -0.028021232958 1 1 -0.028021232958 0.0231910946197 0.0371057513915 0.0185528756957
3.555335989 1.7900008183 -0.028021232958 1 1 -0.028021232958 0.0231910946197 0.0371057513915 0.0185528756957
3.565335989 1.7900008183 -0.028021232958 1 1 -0.028021232958 0.0185528756957 0.0371057513915 0.0185528756957
3.575335989 1.788702117 -0.0312679862047 1 1 -0.0312679862047 0.0185528756957 0.0324675324675 0.0139146567718
3.585335989 1.788702117 -0.0312679862047 1 1 -0.0312679862047 0.0139146567718 0.0324675324675 0.0139146567718
3.595335989 1.7874034157 -0.0345147394515 1 1 -0.0345147394515 0.0139146567718 0.0324675324675 0.00927643784787
3.605335989 1.7874034157 -0.0345147394515 1 1 -0.0345147394515 0.0139146567718 0.0278293135436 0.00927643784787
3.615335989 1.7874034157 -0.0345147394515 1 1 -0.0345147394515 0.0139146567718 0.0278293135436 0.00927643784787
3.625335989 1.7874034157 -0.0345147394515 1 1 -0.0345147394515 0.0139146567718 0.0231910946197 0.00927643784787
3.635335989 1.7874034157 -0.0345147394515 1 1 -0.0345147394515 0.0139146567718 0.0185528756957 0.00927643784787
3.645335989 1.78610471441 -0.0377614926982 1 1 -0.0377614926982 0.0139146567718 0.0185528756957 0.00463821892393
3.655335989 1.78610471441 -0.0377614926982 1 1 -0.0377614926982 0.0139146567718 0.0185528756957 0.00463821892393
3.665335989 1.78480601311 -0.041008245945 1 1 -0.041008245945 0.0139146567718 0.0139146567718 0.0
3.675335989 1.78480601311 -0.041008245945 1 1 -0.041008245945 0.0139146567718 0.0139146567718 0.0
3.685335989 1.78480601311 -0.041008245945 1 1 -0.041008245945 0.0139146567718 0.0139146567718 0.0
3.695335989 1.78480601311 -0.041008245945 1 1 -0.041008245945 0.0139146567718 0.0139146567718 0.0
3.705335989 1.78480601311 -0.041008245945 1 1 -0.041008245945 0.0139146567718 0.0139146567718 0.0
3.715335989 1.78480601311 -0.041008245945 1 1 -0.041008245945 0.0139146567718 0.00927643784787 0.0
3.725335989 1.78480601311 -0.041008245945 1 1 -0.041008245945 0.0139146567718 0.00927643784787 0.0
3.735335989 1.78350731181 -0.0442549991917 1 1 -0.0442549991917 0.0139146567718 0.00927643784787 -0.00463821892393
3.745335989 1.78350731181 -0.0442549991917 1 1 -0.0442549991917 0.00927643784787 0.00927643784787 -0.00463821892393
3.755335989 1.78220861051 -0.0475017524385 1 1 -0.0475017524385 0.00463821892393 0.00927643784787 -0.00927643784787
3.765335989 1.78220861051 -0.0475017524385 1 1 -0.0475017524385 0.00463821892393 0.00927643784787 -0.00927643784787
3.775335989 1.78220861051 -0.0475017524385 1 1 -0.0475017524385 0.0 0.00927643784787 -0.00927643784787
3.785335989 1.78220861051 -0.0475017524385 1 1 -0.0475017524385 0.0 0.00927643784787 -0.00927643784787
3.795335989 1.78220861051 -0.0475017524385 1 1 -0.0475017524385 -0.00463821892393 0.00927643784787 -0.00927643784787
3.805335989 1.78220861051 -0.0475017524385 1 1 -0.0475017524385 -0.00463821892393 0.0139146567718 -0.00927643784787
3.815335989 1.78220861051 -0.0475017524385 1 1 -0.0475017524385 -0.00463821892393 0.0139146567718 -0.00927643784787
3.825335989 1.78220861051 -0.0475017524385 1 1 -0.0475017524385 -0.00463821892393 0.0139146567718 -0.00927643784787
3.835335989 1.78220861051 -0.0475017524385 1 1 -0.0475017524385 -0.00463821892393 0.0139146567718 -0.00927643784787
3.845335989 1.78220861051 -0.0475017524385 1 1 -0.0475017524385 -0.00927643784787 0.0139146567718 -0.00927643784787
3.855335989 1.78220861051 -0.0475017524385 1 1 -0.0475017524385 -0.00927643784787 0.0139146567718 -0.00927643784787
3.865335989 1.78220861051 -0.0475017524385 1 1 -0.0475017524385 -0.00927643784787 0.00927643784787 -0.00927643784787
3.875335989 1.78220861051 -0.0475017524385 1 1 -0.0475017524385 -0.00927643784787 0.00927643784787 -0.00927643784787
3.885335989 1.78220861051 -0.0475017524385 1 1 -0.0475017524385 -0.00927643784787 0.00463821892393 -0.00927643784787
3.895335989 1.78220861051 -0.0475017524385 1 1 -0.0475017524385 -0.00927643784787 0.00463821892393 -0.00927643784787
3.905335989 1.78220861051 -0.0475017524385 1 1 -0.0475017524385 -0.00927643784787 0.00463821892393 -0.00927643784787
3.915335989 1.78220861051 -0.0475017524385 1 1 -0.0475017524385 -0.0139146567718 0.00463821892393 -0.00927643784787
3.925335989 1.78220861051 -0.0475017524385 1 1 -0.0475017524385 -0.0139146567718 0.00463821892393 -0.00927643784787
3.935335989 1.78220861051 -0.0475017524385 1 1 -0.0475017524385 -0.0139146567718 0.00463821892393 -0.00927643784787
3.945335989 1.78220861051 -0.0475017524385 1 1 -0.0475017524385 -0.0185528756957 0.00463821892393 -0.00927643784787
3.955335989 1.78220861051 -0.0475017524385 1 1 -0.0475017524385 -0.0185528756957 0.00463821892393 -0.00927643784787
3.965335989 1.78220861051 -0.0475017524385 1 1 -0.0475017524385 -0.0231910946197 0.00463821892393 -0.00927643784787
3.975335989 1.78350731181 -0.0442549991917 1 1 -0.0442549991917 -0.0231910946197 0.00463821892393 -0.00463821892393
3.985335989 1.78480601311 -0.041008245945 1 1 -0.041008245945 -0.0231910946197 0.00463821892393 0.0
3.995335989 1.78480601311 -0.041008245945 1 1 -0.041008245945 -0.0231910946197 0.00463821892393 0.0
4.005335989 1.78480601311 -0.041008245945 1 1 -0.041008245945 -0.0231910946197 0.00463821892393 0.0
4.015335989 1.78480601311 -0.041008245945 1 1 -0.041008245945 -0.0231910946197 0.00463821892393 0.0
4.025335989 1.78610471441 -0.0377614926982 1 1 -0.0377614926982 -0.0231910946197 0.00463821892393 0.00463821892393
4.035335989 1.78610471441 -0.0377614926982 1 1 -0.0377614926982 -0.0231910946197 0.00927643784787 0.00463821892393
4.045335989 1.78610471441 -0.0377614926982 1 1 -0.0377614926982 -0.0231910946197 0.00927643784787 0.00463821892393
4.055335989 1.7874034157 -0.0345147394515 1 1 -0.0345147394515 -0.0231910946197 0.0139146567718 0.00927643784787
4.065335989 1.788702117 -0.0312679862047 1 1 -0.0312679862047 -0.0231910946197 0.0139146567718 0.0139146567718
4.075335989 1.788702117 -0.0312679862047 1 1 -0.0312679862047 -0.0231910946197 0.0185528756957 0.0139146567718
4.085335989 1.788702117 -0.0312679862047 1 1 -0.0312679862047 -0.0231910946197 0.0185528756957 0.0139146567718
4.095335989 1.788702117 -0.0312679862047 1 1 -0.0312679862047 -0.0231910946197 0.0185528756957 0.0139146567718
4.105335989 1.788702117 -0.0312679862047 1 1 -0.0312679862047 -0.0231910946197 0.0231910946197 0.0139146567718
4.115335989 1.788702117 -0.0312679862047 1 1 -0.0312679862047 -0.0231910946197 0.0231910946197 0.0139146567718
4.125335989 1.788702117 -0.0312679862047 1 1 -0.0312679862047 -0.0231910946197 0.0231910946197 0.0139146567718
4.135335989 1.788702117 -0.0312679862047 1 1 -0.0312679862047 -0.0278293135436 0.0231910946197 0.0139146567718
4.145335989 1.788702117 -0.0312679862047 1 1 -0.0312679862047 -0.0278293135436 0.0231910946197 0.0139146567718
4.155335989 1.7874034157 -0.0345147394515 1 1 -0.0345147394515 -0.0278293135436 0.0231910946197 0.00927643784787
4.165335989 1.7874034157 -0.0345147394515 1 1 -0.0345147394515 -0.0278293135436 0.0231910946197 0.00927643784787
4.175335989 1.7874034157 -0.0345147394515 1 1 -0.0345147394515 -0.0278293135436 0.0231910946197 0.00927643784787
4.185335989 1.7874034157 -0.0345147394515 1 1 -0.0345147394515 -0.0278293135436 0.0231910946197 0.00927643784787
4.195335989 1.7874034157 -0.0345147394515 1 1 -0.0345147394515 -0.0278293135436 0.0231910946197 0.00927643784787
4.205335989 1.7874034157 -0.0345147394515 1 1 -0.0345147394515 -0.0278293135436 0.0231910946197 0.00927643784787
4.215335989 1.7874034157 -0.0345147394515 1 1 -0.0345147394515 -0.0278293135436 0.0231910946197 0.00927643784787
4.225335989 1.7874034157 -0.0345147394515 1 1 -0.0345147394515 -0.0231910946197 0.0231910946197 0.00927643784787
4.235335989 1.7874034157 -0.0345147394515 1 1 -0.0345147394515 -0.0231910946197 0.0231910946197 0.00927643784787
4.245335989 1.7874034157 -0.0345147394515 1 1 -0.0345147394515 -0.0231910946197 0.0231910946197 0.00927643784787
4.255335989 1.7874034157 -0.0345147394515 1 1 -0.0345147394515 -0.0231910946197 0.0231910946197 0.00927643784787
4.265335989 1.7874034157 -0.0345147394515 1 1 -0.0345147394515 -0.0185528756957 0.0185528756957 0.00927643784787
4.275335989 1.7874034157 -0.0345147394515 1 1 -0.0345147394515 -0.0185528756957 0.0185528756957 0.00927643784787
4.285335989 1.7874034157 -0.0345147394515 1 1 -0.0345147394515 -0.0185528756957 0.0139146567718 0.00927643784787
4.295335989 1.7874034157 -0.0345147394515 1 1 -0.0345147394515 -0.0139146567718 0.0139146567718 0.00927643784787
4.305335989 1.7874034157 -0.0345147394515 1 1 -0.0345147394515 -0.00927643784787 0.0139146567718 0.00927643784787
4.315335989 1.7874034157 -0.0345147394515 1 1 -0.0345147394515 -0.00463821892393 0.0139146567718 0.00927643784787
4.325335989 1.7874034157 -0.0345147394515 1 1 -0.0345147394515 -0.00463821892393 0.0139146567718 0.00927643784787
4.335335989 1.7874034157 -0.0345147394515 1 1 -0.0345147394515 0.0 0.0139146567718 0.00927643784787
4.345335989 1.7874034157 -0.0345147394515 1 1 -0.0345147394515 0.0 0.0139146567718 0.00927643784787
4.355335989 1.7874034157 -0.0345147394515 1 1 -0.0345147394515 0.0 0.0139146567718 0.00927643784787
4.365335989 1.7874034157 -0.0345147394515 1 1 -0.0345147394515 0.00463821892393 0.0139146567718 0.00927643784787
4.375335989 1.7874034157 -0.0345147394515 1 1 -0.0345147394515 0.00463821892393 0.0185528756957 0.00927643784787
4.385335989 1.7874034157 -0.0345147394515 1 1 -0.0345147394515 0.00463821892393 0.0185528756957 0.00927643784787
4.395335989 1.7874034157 -0.0345147394515 1 1 -0.0345147394515 0.00463821892393 0.0231910946197 0.00927643784787
4.405335989 1.7874034157 -0.0345147394515 1 1 -0.0345147394515 0.00463821892393 0.0231910946197 0.00927643784787
4.415335989 1.7874034157 -0.0345147394515 1 1 -0.0345147394515 0.00463821892393 0.0231910946197 0.00927643784787
4.425335989 1.7874034157 -0.0345147394515 1 1 -0.0345147394515 0.00463821892393 0.0278293135436 0.00927643784787
4.435335989 1.7874034157 -0.0345147394515 1 1 -0.0345147394515 0.00927643784787 0.0278293135436 0.00927643784787
4.445335989 1.7874034157 -0.0345147394515 1 1 -0.0345147394515 0.00927643784787 0.0278293135436 0.00927643784787
4.455335989 1.788702117 -0.0312679862047 1 1 -0.0312679862047 0.0139146567718 0.0278293135436 0.0139146567718
4.465335989 1.788702117 -0.0312679862047 1 1 -0.0312679862047 0.0185528756957 0.0278293135436 0.0139146567718
4.475335989 1.788702117 -0.0312679862047 1 1 -0.0312679862047 0.0185528756957 0.0278293135436 0.0139146567718
4.485335989 1.7874034157 -0.0345147394515 1 1 -0.0345147394515 0.0185528756957 0.0278293135436 0.00927643784787
4.495335989 1.7874034157 -0.0345147394515 1 1 -0.0345147394515 0.0185528756957 0.0278293135436 0.00927643784787
4.505335989 1.7874034157 -0.0345147394515 1 1 -0.0345147394515 0.0185528756957 0.0278293135436 0.00927643784787
4.515335989 1.7874034157 -0.0345147394515 1 1 -0.0345147394515 0.0185528756957 0.0278293135436 0.00927643784787
4.525335989 1.78610471441 -0.0377614926982 1 1 -0.0377614926982 0.0185528756957 0.0278293135436 0.00463821892393
4.535335989 1.78610471441 -0.0377614926982 1 1 -0.0377614926982 0.0185528756957 0.0278293135436 0.00463821892393
4.545335989 1.78610471441 -0.0377614926982 1 1 -0.0377614926982 0.0185528756957 0.0278293135436 0.00463821892393
4.555335989 1.78610471441 -0.0377614926982 1 1 -0.0377614926982 0.0185528756957 0.0278293135436 0.00463821892393
4.565335989 1.78610471441 -0.0377614926982 1 1 -0.0377614926982 0.0185528756957 0.0371057513915 0.00463821892393
4.575335989 1.78480601311 -0.041008245945 1 1 -0.041008245945 0.0185528756957 0.0371057513915 0.0
4.585335989 1.78480601311 -0.041008245945 1 1 -0.041008245945 0.0185528756957 0.0417439703154 0.0
4.595335989 1.78480601311 -0.041008245945 1 1 -0.041008245945 0.0139146567718 0.0417439703154 0.0
4.605335989 1.78480601311 -0.041008245945 1 1 -0.041008245945 0.00927643784787 0.0417439703154 0.0
4.615335989 1.78350731181 -0.0442549991917 1 1 -0.0442549991917 0.00463821892393 0.0417439703154 -0.00463821892393
4.625335989 1.78350731181 -0.0442549991917 1 1 -0.0442549991917 0.00463821892393 0.0417439703154 -0.00463821892393
4.635335989 1.78350731181 -0.0442549991917 1 1 -0.0442549991917 0.00463821892393 0.0463821892393 -0.00463821892393
4.645335989 1.78350731181 -0.0442549991917 1 1 -0.0442549991917 0.00463821892393 0.0463821892393 -0.00463821892393
4.655335989 1.78350731181 -0.0442549991917 1 1 -0.0442549991917 0.0 0.0463821892393 -0.00463821892393
4.665335989 1.78220861051 -0.0475017524385 1 1 -0.0475017524385 -0.00463821892393 0.0463821892393 -0.00927643784787
4.675335989 1.78220861051 -0.0475017524385 1 1 -0.0475017524385 -0.00463821892393 0.0463821892393 -0.00927643784787
4.685335989 1.78220861051 -0.0475017524385 1 1 -0.0475017524385 -0.00463821892393 0.0417439703154 -0.00927643784787
4.695335989 1.78350731181 -0.0442549991917 1 1 -0.0442549991917 -0.00463821892393 0.0417439703154 -0.00463821892393
4.705335989 1.78350731181 -0.0442549991917 1 1 -0.0442549991917 -0.00463821892393 0.0417439703154 -0.00463821892393
4.715335989 1.78350731181 -0.0442549991917 1 1 -0.0442549991917 -0.00463821892393 0.0417439703154 -0.00463821892393
4.725335989 1.78350731181 -0.0442549991917 1 1 -0.0442549991917 -0.00463821892393 0.0371057513915 -0.00463821892393
4.735335989 1.78350731181 -0.0442549991917 1 1 -0.0442549991917 -0.00463821892393 0.0324675324675 -0.00463821892393
4.745335989 1.78350731181 -0.0442549991917 1 1 -0.0442549991917 0.0 0.0324675324675 -0.00463821892393
4.755335989 1.78350731181 -0.0442549991917 1 1 -0.0442549991917 0.0 0.0324675324675 -0.00463821892393
4.765335989 1.78220861051 -0.0475017524385 1 1 -0.0475017524385 0.0 0.0324675324675 -0.00927643784787
4.775335989 1.78220861051 -0.0475017524385 1 1 -0.0475017524385 0.0 0.0324675324675 -0.00927643784787
4.785335989 1.78090990921 -0.0507485056852 1 1 -0.0507485056852 0.00463821892393 0.0324675324675 -0.0139146567718
4.795335989 1.78090990921 -0.0507485056852 1 1 -0.0507485056852 0.00463821892393 0.0324675324675 -0.0139146567718
4.805335989 1.78090990921 -0.0507485056852 1 1 -0.0507485056852 0.00927643784787 0.0324675324675 -0.0139146567718
4.815335989 1.78090990921 -0.0507485056852 1 1 -0.0507485056852 0.00927643784787 0.0324675324675 -0.0139146567718
4.825335989 1.77961120791 -0.053995258932 1 1 -0.053995258932 0.00927643784787 0.0278293135436 -0.0185528756957
4.835335989 1.77961120791 -0.053995258932 1 1 -0.053995258932 0.00927643784787 0.0278293135436 -0.0185528756957
4.845335989 1.77961120791 -0.053995258932 1 1 -0.053995258932 0.00927643784787 0.0278293135436 -0.0185528756957
4.855335989 1.77961120791 -0.053995258932 1 1 -0.053995258932 0.00927643784787 0.0231910946197 -0.0185528756957
4.865335989 1.77831250661 -0.0572420121787 1 1 -0.0572420121787 0.00927643784787 0.0185528756957 -0.0231910946197
4.875335989 1.77831250661 -0.0572420121787 1 1 -0.0572420121787 0.00927643784787 0.0139146567718 -0.0231910946197
4.885335989 1.77831250661 -0.0572420121787 1 1 -0.0572420121787 0.00927643784787 0.0139146567718 -0.0231910946197
4.895335989 1.77831250661 -0.0572420121787 1 1 -0.0572420121787 0.00927643784787 0.00927643784787 -0.0231910946197
4.905335989 1.77831250661 -0.0572420121787 1 1 -0.0572420121787 0.00927643784787 0.00927643784787 -0.0231910946197
4.915335989 1.77701380532 -0.0604887654255 1 1 -0.0604887654255 0.00927643784787 0.00927643784787 -0.0278293135436
4.925335989 1.77701380532 -0.0604887654255 1 1 -0.0604887654255 0.0139146567718 0.00927643784787 -0.0278293135436
4.935335989 1.77701380532 -0.0604887654255 1 1 -0.0604887654255 0.0139146567718 0.00927643784787 -0.0278293135436
4.945335989 1.77701380532 -0.0604887654255 1 1 -0.0604887654255 0.0139146567718 0.00927643784787 -0.0278293135436
4.955335989 1.77701380532 -0.0604887654255 1 1 -0.0604887654255 0.0139146567718 0.00927643784787 -0.0278293135436
4.965335989 1.77701380532 -0.0604887654255 1 1 -0.0604887654255 0.0185528756957 0.00927643784787 -0.0278293135436
4.975335989 1.77701380532 -0.0604887654255 1 1 -0.0604887654255 0.0185528756957 0.00927643784787 -0.0278293135436
4.985335989 1.77701380532 -0.0604887654255 1 1 -0.0604887654255 0.0185528756957 0.00927643784787 -0.0278293135436
4.995335989 1.77701380532 -0.0604887654255 1 1 -0.0604887654255 0.0185528756957 0.00927643784787 -0.0278293135436
5.005335989 1.77701380532 -0.0604887654255 1 1 -0.0604887654255 0.0185528756957 0.00927643784787 -0.0278293135436
5.015335989 1.77701380532 -0.0604887654255 1 1 -0.0604887654255 0.0185528756957 0.00927643784787 -0.0278293135436
5.025335989 1.77701380532 -0.0604887654255 1 1 -0.0604887654255 0.0185528756957 0.00927643784787 -0.0278293135436
5.035335989 1.77701380532 -0.0604887654255 1 1 -0.0604887654255 0.0185528756957 0.00927643784787 -0.0278293135436
5.045335989 1.77701380532 -0.0604887654255 1 1 -0.0604887654255 0.0139146567718 0.00927643784787 -0.0278293135436
5.055335989 1.77701380532 -0.0604887654255 1 1 -0.0604887654255 0.00927643784787 0.00927643784787 -0.0278293135436
5.065335989 1.77701380532 -0.0604887654255 1 1 -0.0604887654255 0.00927643784787 0.00927643784787 -0.0278293135436
5.075335989 1.77701380532 -0.0604887654255 1 1 -0.0604887654255 0.00463821892393 0.00927643784787 -0.0278293135436
5.085335989 1.77701380532 -0.0604887654255 1 1 -0.0604887654255 0.00463821892393 0.00927643784787 -0.0278293135436
5.095335989 1.77701380532 -0.0604887654255 1 1 -0.0604887654255 0.0 0.00927643784787 -0.0278293135436
5.105335989 1.77701380532 -0.0604887654255 1 1 -0.0604887654255 0.0 0.00927643784787 -0.0278293135436
5.115335989 1.77701380532 -0.0604887654255 1 1 -0.0604887654255 -0.00463821892393 0.00927643784787 -0.0278293135436
5.125335989 1.77701380532 -0.0604887654255 1 1 -0.0604887654255 -0.00463821892393 0.00927643784787 -0.0278293135436
5.135335989 1.77701380532 -0.0604887654255 1 1 -0.0604887654255 -0.00463821892393 0.00927643784787 -0.0278293135436
5.145335989 1.77831250661 -0.0572420121787 1 1 -0.0572420121787 -0.00463821892393 0.00927643784787 -0.0231910946197
5.155335989 1.77831250661 -0.0572420121787 1 1 -0.0572420121787 -0.00463821892393 0.00927643784787 -0.0231910946197
5.165335989 1.77831250661 -0.0572420121787 1 1 -0.0572420121787 -0.00463821892393 0.0139146567718 -0.0231910946197
5.175335989 1.77831250661 -0.0572420121787 1 1 -0.0572420121787 -0.00927643784787 0.0185528756957 -0.0231910946197
5.185335989 1.77831250661 -0.0572420121787 1 1 -0.0572420121787 -0.00927643784787 0.0185528756957 -0.0231910946197
5.195335989 1.77831250661 -0.0572420121787 1 1 -0.0572420121787 -0.00927643784787 0.0231910946197 -0.0231910946197
5.205335989 1.77961120791 -0.053995258932 1 1 -0.053995258932 -0.00927643784787 0.0231910946197 -0.0185528756957
5.215335989 1.77961120791 -0.053995258932 1 1 -0.053995258932 -0.0139146567718 0.0231910946197 -0.0185528756957
5.225335989 1.78090990921 -0.0507485056852 1 1 -0.0507485056852 -0.0185528756957 0.0231910946197 -0.0139146567718
5.235335989 1.78220861051 -0.0475017524385 1 1 -0.0475017524385 -0.0185528756957 0.0231910946197 -0.00927643784787
5.245335989 1.78220861051 -0.0475017524385 1 1 -0.0475017524385 -0.0231910946197 0.0231910946197 -0.00927643784787
5.255335989 1.78220861051 -0.0475017524385 1 1 -0.0475017524385 -0.0231910946197 0.0278293135436 -0.00927643784787
5.265335989 1.78220861051 -0.0475017524385 1 1 -0.0475017524385 -0.0278293135436 0.0278293135436 -0.00927643784787
5.275335989 1.78220861051 -0.0475017524385 1 1 -0.0475017524385 -0.0278293135436 0.0324675324675 -0.00927643784787
5.285335989 1.78220861051 -0.0475017524385 1 1 -0.0475017524385 -0.0278293135436 0.0324675324675 -0.00927643784787
5.295335989 1.78220861051 -0.0475017524385 1 1 -0.0475017524385 -0.0278293135436 0.0324675324675 -0.00927643784787
5.305335989 1.78350731181 -0.0442549991917 1 1 -0.0442549991917 -0.0278293135436 0.0324675324675 -0.00463821892393
5.315335989 1.78350731181 -0.0442549991917 1 1 -0.0442549991917 -0.0278293135436 0.0324675324675 -0.00463821892393
5.325335989 1.78480601311 -0.041008245945 1 1 -0.041008245945 -0.0278293135436 0.0324675324675 0.0
5.335335989 1.78480601311 -0.041008245945 1 1 -0.041008245945 -0.0278293135436 0.0324675324675 0.0
5.345335989 1.78480601311 -0.041008245945 1 1 -0.041008245945 -0.0278293135436 0.0324675324675 0.0
5.355335989 1.78610471441 -0.0377614926982 1 1 -0.0377614926982 -0.0278293135436 0.0324675324675 0.00463821892393
5.365335989 1.78610471441 -0.0377614926982 1 1 -0.0377614926982 -0.0278293135436 0.0324675324675 0.00463821892393
5.375335989 1.78610471441 -0.0377614926982 1 1 -0.0377614926982 -0.0278293135436 0.0324675324675 0.00463821892393
5.385335989 1.78610471441 -0.0377614926982 1 1 -0.0377614926982 -0.0278293135436 0.0324675324675 0.00463821892393
5.395335989 1.7874034157 -0.0345147394515 1 1 -0.0345147394515 -0.0278293135436 0.0324675324675 0.00927643784787
5.405335989 1.7874034157 -0.0345147394515 1 1 -0.0345147394515 -0.0278293135436 0.0324675324675 0.00927643784787
5.415335989 1.7874034157 -0.0345147394515 1 1 -0.0345147394515 -0.0278293135436 0.0324675324675 0.00927643784787
5.425335989 1.7874034157 -0.0345147394515 1 1 -0.0345147394515 -0.0278293135436 0.0324675324675 0.00927643784787
5.435335989 1.7874034157 -0.0345147394515 1 1 -0.0345147394515 -0.0278293135436 0.0324675324675 0.00927643784787
5.445335989 1.7874034157 -0.0345147394515 1 1 -0.0345147394515 -0.0278293135436 0.0324675324675 0.00927643784787
5.455335989 1.7874034157 -0.0345147394515 1 1 -0.0345147394515 -0.0278293135436 0.0324675324675 0.00927643784787
5.465335989 1.7874034157 -0.0345147394515 1 1 -0.0345147394515 -0.0278293135436 0.0324675324675 0.00927643784787
5.475335989 1.7874034157 -0.0345147394515 1 1 -0.0345147394515 -0.0278293135436 0.0324675324675 0.00927643784787
5.485335989 1.7874034157 -0.0345147394515 1 1 -0.0345147394515 -0.0278293135436 0.0324675324675 0.00927643784787
5.495335989 1.7874034157 -0.0345147394515 1 1 -0.0345147394515 -0.0231910946197 0.0324675324675 0.00927643784787
5.505335989 1.7874034157 -0.0345147394515 1 1 -0.0345147394515 -0.0231910946197 0.0324675324675 0.00927643784787
5.515335989 1.7874034157 -0.0345147394515 1 1 -0.0345147394515 -0.0139146567718 0.0324675324675 0.00927643784787
5.525335989 1.7874034157 -0.0345147394515 1 1 -0.0345147394515 -0.00927643784787 0.0324675324675 0.00927643784787
5.535335989 1.7874034157 -0.0345147394515 1 1 -0.0345147394515 -0.00463821892393 0.0324675324675 0.00927643784787
5.545335989 1.7874034157 -0.0345147394515 1 1 -0.0345147394515 0.0 0.0371057513915 0.00927643784787
5.555335989 1.78610471441 -0.0377614926982 1 1 -0.0377614926982 0.00463821892393 0.0371057513915 0.00463821892393
5.565335989 1.78610471441 -0.0377614926982 1 1 -0.0377614926982 0.00463821892393 0.0371057513915 0.00463821892393
5.575335989 1.78480601311 -0.041008245945 1 1 -0.041008245945 0.00463821892393 0.0417439703154 0.0
5.585335989 1.78480601311 -0.041008245945 1 1 -0.041008245945 0.00463821892393 0.0463821892393 0.0
5.595335989 1.78480601311 -0.041008245945 1 1 -0.041008245945 0.00463821892393 0.0463821892393 0.0
5.605335989 1.78480601311 -0.041008245945 1 1 -0.041008245945 0.00927643784787 0.0463821892393 0.0
5.615335989 1.78350731181 -0.0442549991917 1 1 -0.0442549991917 0.00927643784787 0.0463821892393 -0.00463821892393
5.625335989 1.78350731181 -0.0442549991917 1 1 -0.0442549991917 0.00927643784787 0.0510204081633 -0.00463821892393
5.635335989 1.78350731181 -0.0442549991917 1 1 -0.0442549991917 0.00927643784787 0.0510204081633 -0.00463821892393
5.645335989 1.78350731181 -0.0442549991917 1 1 -0.0442549991917 0.00927643784787 0.0556586270872 -0.00463821892393
5.655335989 1.78220861051 -0.0475017524385 1 1 -0.0475017524385 0.00927643784787 0.0556586270872 -0.00927643784787
5.665335989 1.78220861051 -0.0475017524385 1 1 -0.0475017524385 0.0139146567718 0.0556586270872 -0.00927643784787
5.675335989 1.78220861051 -0.0475017524385 1 1 -0.0475017524385 0.0139146567718 0.0556586270872 -0.00927643784787
5.685335989 1.78220861051 -0.0475017524385 1 1 -0.0475017524385 0.0139146567718 0.0556586270872 -0.00927643784787
5.695335989 1.78090990921 -0.0507485056852 1 1 -0.0507485056852 0.0185528756957 0.0602968460111 -0.0139146567718
5.705335989 1.78090990921 -0.0507485056852 1 1 -0.0507485056852 0.0185528756957 0.0602968460111 -0.0139146567718
5.715335989 1.78090990921 -0.0507485056852 1 1 -0.0507485056852 0.0185528756957 0.0602968460111 -0.0139146567718
5.725335989 1.78090990921 -0.0507485056852 1 1 -0.0507485056852 0.0185528756957 0.0602968460111 -0.0139146567718
5.735335989 1.77831250661 -0.0572420121787 1 1 -0.0572420121787 0.0139146567718 0.0602968460111 -0.0231910946197
5.745335989 1.77831250661 -0.0572420121787 1 1 -0.0572420121787 0.0139146567718 0.0602968460111 -0.0231910946197
5.755335989 1.77831250661 -0.0572420121787 1 1 -0.0572420121787 0.0139146567718 0.0602968460111 -0.0231910946197
5.765335989 1.77831250661 -0.0572420121787 1 1 -0.0572420121787 0.00927643784787 0.0602968460111 -0.0231910946197
5.775335989 1.77831250661 -0.0572420121787 1 1 -0.0572420121787 0.00927643784787 0.0602968460111 -0.0231910946197
5.785335989 1.77831250661 -0.0572420121787 1 1 -0.0572420121787 0.00927643784787 0.0556586270872 -0.0231910946197
5.795335989 1.77831250661 -0.0572420121787 1 1 -0.0572420121787 0.00927643784787 0.0556586270872 -0.0231910946197
5.805335989 1.77701380532 -0.0604887654255 1 1 -0.0604887654255 0.00463821892393 0.0510204081633 -0.0278293135436
5.815335989 1.77701380532 -0.0604887654255 1 1 -0.0604887654255 0.0 0.0510204081633 -0.0278293135436
5.825335989 1.77701380532 -0.0604887654255 1 1 -0.0604887654255 -0.00463821892393 0.0510204081633 -0.0278293135436
5.835335989 1.77831250661 -0.0572420121787 1 1 -0.0572420121787 -0.00463821892393 0.0510204081633 -0.0231910946197
5.845335989 1.77831250661 -0.0572420121787 1 1 -0.0572420121787 -0.00463821892393 0.0463821892393 -0.0231910946197
5.855335989 1.77831250661 -0.0572420121787 1 1 -0.0572420121787 -0.00463821892393 0.0417439703154 -0.0231910946197
5.865335989 1.77831250661 -0.0572420121787 1 1 -0.0572420121787 -0.0139146567718 0.0371057513915 -0.0231910946197
5.875335989 1.77831250661 -0.0572420121787 1 1 -0.0572420121787 -0.0139146567718 0.0371057513915 -0.0231910946197
5.885335989 1.77961120791 -0.053995258932 1 1 -0.053995258932 -0.0139146567718 0.0324675324675 -0.0185528756957
5.895335989 1.77961120791 -0.053995258932 1 1 -0.053995258932 -0.0139146567718 0.0324675324675 -0.0185528756957
5.905335989 1.77961120791 -0.053995258932 1 1 -0.053995258932 -0.0139146567718 0.0324675324675 -0.0185528756957
5.915335989 1.77961120791 -0.053995258932 1 1 -0.053995258932 -0.0139146567718 0.0324675324675 -0.0185528756957
5.925335989 1.77961120791 -0.053995258932 1 1 -0.053995258932 -0.0139146567718 0.0324675324675 -0.0185528756957
5.935335989 1.77961120791 -0.053995258932 1 1 -0.053995258932 -0.0139146567718 0.0278293135436 -0.0185528756957
5.945335989 1.77961120791 -0.053995258932 1 1 -0.053995258932 -0.0139146567718 0.0278293135436 -0.0185528756957
5.955335989 1.77961120791 -0.053995258932 1 1 -0.053995258932 -0.0139146567718 0.0231910946197 -0.0185528756957
5.965335989 1.77961120791 -0.053995258932 1 1 -0.053995258932 -0.00927643784787 0.0231910946197 -0.0185528756957
5.975335989 1.78090990921 -0.0507485056852 1 1 -0.0507485056852 -0.00927643784787 0.0231910946197 -0.0139146567718
5.985335989 1.78090990921 -0.0507485056852 1 1 -0.0507485056852 -0.00927643784787 0.0231910946197 -0.0139146567718
5.995335989 1.78090990921 -0.0507485056852 1 1 -0.0507485056852 -0.00927643784787 0.0231910946197 -0.0139146567718
6.005335989 1.78090990921 -0.0507485056852 1 1 -0.0507485056852 -0.00927643784787 0.0231910946197 -0.0139146567718
6.015335989 1.78090990921 -0.0507485056852 1 1 -0.0507485056852 -0.00463821892393 0.0231910946197 -0.0139146567718
6.025335989 1.78090990921 -0.0507485056852 1 1 -0.0507485056852 -0.00463821892393 0.0139146567718 -0.0139146567718
6.035335989 1.78090990921 -0.0507485056852 1 1 -0.0507485056852 -0.00463821892393 0.00927643784787 -0.0139146567718
6.045335989 1.78090990921 -0.0507485056852 1 1 -0.0507485056852 -0.00463821892393 0.00927643784787 -0.0139146567718
6.055335989 1.78090990921 -0.0507485056852 1 1 -0.0507485056852 -0.00463821892393 0.00927643784787 -0.0139146567718
6.065335989 1.78090990921 -0.0507485056852 1 1 -0.0507485056852 -0.00463821892393 0.00927643784787 -0.0139146567718
6.075335989 1.78090990921 -0.0507485056852 1 1 -0.0507485056852 -0.00463821892393 0.00927643784787 -0.0139146567718
6.085335989 1.78090990921 -0.0507485056852 1 1 -0.0507485056852 -0.00463821892393 0.00463821892393 -0.0139146567718
6.095335989 1.78090990921 -0.0507485056852 1 1 -0.0507485056852 -0.00463821892393 0.00463821892393 -0.0139146567718
6.105335989 1.78090990921 -0.0507485056852 1 1 -0.0507485056852 -0.00463821892393 0.0 -0.0139146567718
6.115335989 1.78090990921 -0.0507485056852 1 1 -0.0507485056852 -0.00463821892393 0.0 -0.0139146567718
6.125335989 1.78090990921 -0.0507485056852 1 1 -0.0507485056852 -0.00463821892393 0.0 -0.0139146567718
6.135335989 1.78090990921 -0.0507485056852 1 1 -0.0507485056852 -0.00463821892393 0.0 -0.0139146567718
6.145335989 1.78090990921 -0.0507485056852 1 1 -0.0507485056852 0.00463821892393 0.0 -0.0139146567718
6.155335989 1.77961120791 -0.053995258932 1 1 -0.053995258932 0.00927643784787 0.0 -0.0185528756957
6.165335989 1.77831250661 -0.0572420121787 1 1 -0.0572420121787 0.00927643784787 0.0 -0.0231910946197
6.175335989 1.77701380532 -0.0604887654255 1 1 -0.0604887654255 0.00927643784787 0.0 -0.0278293135436
6.185335989 1.77701380532 -0.0604887654255 1 1 -0.0604887654255 0.00927643784787 0.0 -0.0278293135436
6.195335989 1.77701380532 -0.0604887654255 1 1 -0.0604887654255 0.00927643784787 0.0 -0.0278293135436
6.205335989 1.77701380532 -0.0604887654255 1 1 -0.0604887654255 0.00927643784787 0.0 -0.0278293135436
6.215335989 1.77701380532 -0.0604887654255 1 1 -0.0604887654255 0.0139146567718 0.0 -0.0278293135436
6.225335989 1.77701380532 -0.0604887654255 1 1 -0.0604887654255 0.0139146567718 0.0 -0.0278293135436
6.235335989 1.77701380532 -0.0604887654255 1 1 -0.0604887654255 0.0139146567718 0.0 -0.0278293135436
6.245335989 1.77701380532 -0.0604887654255 1 1 -0.0604887654255 0.0139146567718 0.00463821892393 -0.0278293135436
6.255335989 1.77701380532 -0.0604887654255 1 1 -0.0604887654255 0.0139146567718 0.00463821892393 -0.0278293135436
6.265335989 1.77701380532 -0.0604887654255 1 1 -0.0604887654255 0.0139146567718 0.00463821892393 -0.0278293135436
6.275335989 1.77701380532 -0.0604887654255 1 1 -0.0604887654255 0.0139146567718 0.00463821892393 -0.0278293135436
6.285335989 1.77701380532 -0.0604887654255 1 1 -0.0604887654255 0.0139146567718 0.00463821892393 -0.0278293135436
6.295335989 1.77571510402 -0.0637355186722 1 1 -0.0637355186722 0.0139146567718 0.00927643784787 -0.0324675324675
6.305335989 1.77571510402 -0.0637355186722 1 1 -0.0637355186722 0.0139146567718 0.00927643784787 -0.0324675324675
6.315335989 1.77441640272 -0.066982271919 1 1 -0.066982271919 0.0139146567718 0.00927643784787 -0.0371057513915
