2.825335989 1.78480601311 0.348991754055 1 1 0.348991754055 0.0 0.0 0.0
2.835335989 1.78518119348 0.355485260549 1 1 0.355485260549 0.00463821892393 0.00463821892393 0.00927643784787
2.845335989 1.78295897126 0.355485260549 1 1 0.355485260549 0.00463821892393 0.00463821892393 0.00927643784787
2.855335989 1.78073674904 0.355485260549 1 1 0.355485260549 0.00927643784787 0.00463821892393 0.00927643784787
2.865335989 1.77981322811 0.358732013795 1 1 0.358732013795 0.00927643784787 0.00463821892393 0.0139146567718
2.875335989 1.77759100589 0.358732013795 1 1 0.358732013795 0.0139146567718 0.00463821892393 0.0139146567718
2.885335989 1.77536878367 0.358732013795 1 1 0.358732013795 0.0139146567718 0.00927643784787 0.0139146567718
2.895335989 1.77314656145 0.358732013795 1 1 0.358732013795 0.0139146567718 0.0139146567718 0.0139146567718
2.905335989 1.77092433923 0.358732013795 1 1 0.358732013795 0.0139146567718 0.0139146567718 0.0139146567718
2.915335989 1.768702117 0.358732013795 1 1 0.358732013795 0.0139146567718 0.0139146567718 0.0139146567718
2.925335989 1.76647989478 0.358732013795 1 1 0.358732013795 0.0139146567718 0.0185528756957 0.0139146567718
2.935335989 1.76425767256 0.358732013795 1 1 0.358732013795 0.0139146567718 0.0185528756957 0.0139146567718
2.945335989 1.76203545034 0.358732013795 1 1 0.358732013795 0.0139146567718 0.0231910946197 0.0139146567718
2.955335989 1.75981322811 0.358732013795 1 1 0.358732013795 0.0139146567718 0.0231910946197 0.0139146567718
2.965335989 1.75759100589 0.358732013795 1 1 0.358732013795 0.00927643784787 0.0231910946197 0.0139146567718
2.975335989 1.75536878367 0.358732013795 1 1 0.358732013795 0.00463821892393 0.0231910946197 0.0139146567718
2.985335989 1.75444526275 0.361978767042 1 1 0.361978767042 0.0 0.0231910946197 0.0185528756957
2.995335989 1.75222304052 0.361978767042 1 1 0.361978767042 0.0 0.0231910946197 0.0185528756957
3.005335989 1.7500008183 0.361978767042 1 1 0.361978767042 0.0 0.0278293135436 0.0185528756957
3.015335989 1.74907729738 0.365225520289 1 1 0.365225520289 -0.00463821892393 0.0278293135436 0.0231910946197
3.025335989 1.74815377646 0.368472273536 1 1 0.368472273536 -0.00463821892393 0.0278293135436 0.0278293135436
3.035335989 1.74593155423 0.368472273536 1 1 0.368472273536 -0.00463821892393 0.0278293135436 0.0278293135436
3.045335989 1.74370933201 0.368472273536 1 1 0.368472273536 -0.00463821892393 0.0278293135436 0.0278293135436
3.055335989 1.74148710979 0.368472273536 1 1 0.368472273536 -0.00927643784787 0.0324675324675 0.0278293135436
3.065335989 1.73926488757 0.368472273536 1 1 0.368472273536 -0.00927643784787 0.0324675324675 0.0278293135436
3.075335989 1.73704266534 0.368472273536 1 1 0.368472273536 -0.00927643784787 0.0371057513915 0.0278293135436
3.085335989 1.73482044312 0.368472273536 1 1 0.368472273536 -0.00927643784787 0.0371057513915 0.0278293135436
3.095335989 1.7312995196 0.365225520289 1 1 0.365225520289 -0.00927643784787 0.0371057513915 0.0231910946197
3.105335989 1.72777859608 0.361978767042 1 1 0.361978767042 -0.00927643784787 0.0371057513915 0.0185528756957
3.115335989 1.72555637386 0.361978767042 1 1 0.361978767042 -0.00927643784787 0.0371057513915 0.0185528756957
3.125335989 1.72203545034 0.358732013795 1 1 0.358732013795 -0.00927643784787 0.0371057513915 0.0139146567718
3.135335989 1.71981322811 0.358732013795 1 1 0.358732013795 -0.00927643784787 0.0371057513915 0.0139146567718
3.145335989 1.71629230459 0.355485260549 1 1 0.355485260549 -0.00927643784787 0.0371057513915 0.00927643784787
3.155335989 1.71277138107 0.352238507302 1 1 0.352238507302 -0.00927643784787 0.0371057513915 0.00463821892393
3.165335989 1.71054915885 0.352238507302 1 1 0.352238507302 -0.00927643784787 0.0371057513915 0.00463821892393
3.175335989 1.70832693663 0.352238507302 1 1 0.352238507302 -0.00927643784787 0.0371057513915 0.00463821892393
3.185335989 1.70480601311 0.348991754055 1 1 0.348991754055 -0.00927643784787 0.0371057513915 0.0
3.195335989 1.70128508959 0.345745000808 1 1 0.345745000808 -0.00927643784787 0.0371057513915 -0.00463821892393
3.205335989 1.69906286736 0.345745000808 1 1 0.345745000808 -0.00927643784787 0.0417439703154 -0.00463821892393
3.215335989 1.69554194384 0.342498247562 1 1 0.342498247562 -0.00927643784787 0.0417439703154 -0.00927643784787
3.225335989 1.69331972162 0.342498247562 1 1 0.342498247562 -0.00927643784787 0.0417439703154 -0.00927643784787
3.235335989 1.6897987981 0.339251494315 1 1 0.339251494315 -0.00927643784787 0.0463821892393 -0.0139146567718
3.245335989 1.68757657588 0.339251494315 1 1 0.339251494315 -0.00927643784787 0.0463821892393 -0.0139146567718
3.255335989 1.68535435366 0.339251494315 1 1 0.339251494315 -0.00927643784787 0.0510204081633 -0.0139146567718
3.265335989 1.68183343013 0.336004741068 1 1 0.336004741068 -0.00927643784787 0.0556586270872 -0.0185528756957
3.275335989 1.67961120791 0.336004741068 1 1 0.336004741068 -0.00463821892393 0.0556586270872 -0.0185528756957
3.285335989 1.67738898569 0.336004741068 1 1 0.336004741068 -0.00463821892393 0.0602968460111 -0.0185528756957
3.295335989 1.67386806217 0.332757987821 1 1 0.332757987821 0.0 0.0602968460111 -0.0231910946197
3.305335989 1.67164583995 0.332757987821 1 1 0.332757987821 -0.00463821892393 0.0602968460111 -0.0231910946197
3.315335989 1.66942361772 0.332757987821 1 1 0.332757987821 -0.00463821892393 0.0602968460111 -0.0231910946197
3.325335989 1.6672013955 0.332757987821 1 1 0.332757987821 -0.00927643784787 0.0602968460111 -0.0231910946197
3.335335989 1.66368047198 0.329511234575 1 1 0.329511234575 -0.00927643784787 0.0602968460111 -0.0278293135436
3.345335989 1.66145824976 0.329511234575 1 1 0.329511234575 -0.00927643784787 0.0602968460111 -0.0278293135436
3.355335989 1.65923602754 0.329511234575 1 1 0.329511234575 -0.0139146567718 0.0602968460111 -0.0278293135436
3.365335989 1.65701380532 0.329511234575 1 1 0.329511234575 -0.0139146567718 0.0602968460111 -0.0278293135436
3.375335989 1.65479158309 0.329511234575 1 1 0.329511234575 -0.0139146567718 0.0556586270872 -0.0278293135436
3.385335989 1.65256936087 0.329511234575 1 1 0.329511234575 -0.0185528756957 0.0510204081633 -0.0278293135436
3.395335989 1.65034713865 0.329511234575 1 1 0.329511234575 -0.0231910946197 0.0510204081633 -0.0278293135436
3.405335989 1.64812491643 0.329511234575 1 1 0.329511234575 -0.0278293135436 0.0510204081633 -0.0278293135436
3.415335989 1.6459026942 0.329511234575 1 1 0.329511234575 -0.0278293135436 0.0463821892393 -0.0278293135436
3.425335989 1.64368047198 0.329511234575 1 1 0.329511234575 -0.0324675324675 0.0417439703154 -0.0278293135436
3.435335989 1.64145824976 0.329511234575 1 1 0.329511234575 -0.0324675324675 0.0417439703154 -0.0278293135436
3.445335989 1.63923602754 0.329511234575 1 1 0.329511234575 -0.0371057513915 0.0417439703154 -0.0278293135436
3.455335989 1.63701380532 0.329511234575 1 1 0.329511234575 -0.0371057513915 0.0371057513915 -0.0278293135436
3.465335989 1.63479158309 0.329511234575 1 1 0.329511234575 -0.0417439703154 0.0371057513915 -0.0278293135436
3.475335989 1.63256936087 0.329511234575 1 1 0.329511234575 -0.0417439703154 0.0278293135436 -0.0278293135436
3.485335989 1.63034713865 0.329511234575 1 1 0.329511234575 -0.0417439703154 0.0278293135436 -0.0278293135436
3.495335989 1.62812491643 0.329511234575 1 1 0.329511234575 -0.0417439703154 0.0231910946197 -0.0278293135436
3.505335989 1.62460399291 0.326264481328 1 1 0.326264481328 -0.0417439703154 0.0231910946197 -0.0324675324675
3.515335989 1.62108306938 0.323017728081 1 1 0.323017728081 -0.0417439703154 0.0185528756957 -0.0371057513915
3.525335989 1.61886084716 0.323017728081 1 1 0.323017728081 -0.0417439703154 0.0139146567718 -0.0371057513915
3.535335989 1.61663862494 0.323017728081 1 1 0.323017728081 -0.0417439703154 0.0139146567718 -0.0371057513915
3.545335989 1.61441640272 0.323017728081 1 1 0.323017728081 -0.0371057513915 0.00927643784787 -0.0371057513915
3.555335989 1.6121941805 0.323017728081 1 1 0.323017728081 -0.0324675324675 0.00463821892393 -0.0371057513915
3.565335989 1.60997195827 0.323017728081 1 1 0.323017728081 -0.0324675324675 0.00463821892393 -0.0371057513915
3.575335989 1.60774973605 0.323017728081 1 1 0.323017728081 -0.0324675324675 0.00463821892393 -0.0371057513915
3.585335989 1.60552751383 0.323017728081 1 1 0.323017728081 -0.0324675324675 -0.00463821892393 -0.0371057513915
3.595335989 1.60330529161 0.323017728081 1 1 0.323017728081 -0.0324675324675 -0.00927643784787 -0.0371057513915
3.605335989 1.60108306938 0.323017728081 1 1 0.323017728081 -0.00463821892393 -0.00927643784787 -0.0371057513915
3.615335989 1.59886084716 0.323017728081 1 1 0.323017728081 0.0 -0.00927643784787 -0.0371057513915
3.625335989 1.59533992364 0.319770974834 1 1 0.319770974834 0.0 -0.00927643784787 -0.0417439703154
3.635335989 1.59311770142 0.319770974834 1 1 0.319770974834 0.0 -0.0139146567718 -0.0417439703154
3.645335989 1.5908954792 0.319770974834 1 1 0.319770974834 0.0 -0.0139146567718 -0.0417439703154
3.655335989 1.58607585438 0.313277468341 1 1 0.313277468341 0.0 -0.0139146567718 -0.0510204081633
3.665335989 1.58385363215 0.313277468341 1 1 0.313277468341 0.0 -0.0139146567718 -0.0510204081633
3.675335989 1.58163140993 0.313277468341 1 1 0.313277468341 0.0 -0.0139146567718 -0.0510204081633
3.685335989 1.57940918771 0.313277468341 1 1 0.313277468341 0.0 -0.0139146567718 -0.0510204081633
3.695335989 1.57718696549 0.313277468341 1 1 0.313277468341 0.00463821892393 -0.0139146567718 -0.0510204081633
3.705335989 1.57496474327 0.313277468341 1 1 0.313277468341 0.00463821892393 -0.0139146567718 -0.0510204081633
3.715335989 1.57274252104 0.313277468341 1 1 0.313277468341 0.00463821892393 -0.0139146567718 -0.0510204081633
3.725335989 1.57052029882 0.313277468341 1 1 0.313277468341 0.00463821892393 -0.0139146567718 -0.0510204081633
3.735335989 1.5682980766 0.313277468341 1 1 0.313277468341 0.0139146567718 -0.0139146567718 -0.0510204081633
3.745335989 1.56477715308 0.310030715094 1 1 0.310030715094 0.0185528756957 -0.0139146567718 -0.0556586270872
3.755335989 1.56255493086 0.310030715094 1 1 0.310030715094 0.0185528756957 -0.0139146567718 -0.0556586270872
3.765335989 1.56033270863 0.310030715094 1 1 0.310030715094 0.0185528756957 -0.0139146567718 -0.0556586270872
3.775335989 1.55811048641 0.310030715094 1 1 0.310030715094 0.0185528756957 -0.0139146567718 -0.0556586270872
3.785335989 1.55588826419 0.310030715094 1 1 0.310030715094 0.0185528756957 -0.0139146567718 -0.0556586270872
3.795335989 1.55366604197 0.310030715094 1 1 0.310030715094 0.0185528756957 -0.0139146567718 -0.0556586270872
3.805335989 1.55274252104 0.313277468341 1 1 0.313277468341 0.0231910946197 -0.0139146567718 -0.0510204081633
3.815335989 1.55052029882 0.313277468341 1 1 0.313277468341 0.0231910946197 -0.0139146567718 -0.0510204081633
3.825335989 1.5482980766 0.313277468341 1 1 0.313277468341 0.0278293135436 -0.0139146567718 -0.0510204081633
3.835335989 1.54737455568 0.316524221587 1 1 0.316524221587 0.0324675324675 -0.0139146567718 -0.0463821892393
3.845335989 1.54515233345 0.316524221587 1 1 0.316524221587 0.0324675324675 -0.0139146567718 -0.0463821892393
3.855335989 1.54293011123 0.316524221587 1 1 0.316524221587 0.0324675324675 -0.00927643784787 -0.0463821892393
3.865335989 1.54070788901 0.316524221587 1 1 0.316524221587 0.0324675324675 -0.00927643784787 -0.0463821892393
3.875335989 1.53848566679 0.316524221587 1 1 0.316524221587 0.0324675324675 -0.00927643784787 -0.0463821892393
3.885335989 1.53626344456 0.316524221587 1 1 0.316524221587 0.0324675324675 -0.00927643784787 -0.0463821892393
3.895335989 1.53404122234 0.316524221587 1 1 0.316524221587 0.0324675324675 -0.00927643784787 -0.0463821892393
3.905335989 1.53181900012 0.316524221587 1 1 0.316524221587 0.0324675324675 -0.00927643784787 -0.0463821892393
3.915335989 1.5295967779 0.316524221587 1 1 0.316524221587 0.0324675324675 -0.00927643784787 -0.0463821892393
3.925335989 1.52867325697 0.319770974834 1 1 0.319770974834 0.0324675324675 -0.00927643784787 -0.0417439703154
3.935335989 1.52645103475 0.319770974834 1 1 0.319770974834 0.0324675324675 -0.00927643784787 -0.0417439703154
3.945335989 1.52682621513 0.326264481328 1 1 0.326264481328 0.0324675324675 -0.00927643784787 -0.0324675324675
3.955335989 1.52460399291 0.326264481328 1 1 0.326264481328 0.0371057513915 -0.00463821892393 -0.0324675324675
3.965335989 1.52368047198 0.329511234575 1 1 0.329511234575 0.0371057513915 -0.00463821892393 -0.0278293135436
3.975335989 1.52145824976 0.329511234575 1 1 0.329511234575 0.0371057513915 -0.00463821892393 -0.0278293135436
3.985335989 1.51923602754 0.329511234575 1 1 0.329511234575 0.0371057513915 -0.00463821892393 -0.0278293135436
3.995335989 1.51701380532 0.329511234575 1 1 0.329511234575 0.0371057513915 -0.00463821892393 -0.0278293135436
4.005335989 1.51479158309 0.329511234575 1 1 0.329511234575 0.0371057513915 -0.00463821892393 -0.0278293135436
4.015335989 1.51386806217 0.332757987821 1 1 0.332757987821 0.0371057513915 -0.00463821892393 -0.0231910946197
4.025335989 1.51164583995 0.332757987821 1 1 0.332757987821 0.0371057513915 -0.00463821892393 -0.0231910946197
4.035335989 1.50942361772 0.332757987821 1 1 0.332757987821 0.0371057513915 0.0 -0.0231910946197
4.045335989 1.5072013955 0.332757987821 1 1 0.332757987821 0.0371057513915 0.0 -0.0231910946197
4.055335989 1.50627787458 0.336004741068 1 1 0.336004741068 0.0371057513915 0.0 -0.0185528756957
4.065335989 1.50405565236 0.336004741068 1 1 0.336004741068 0.0324675324675 0.0 -0.0185528756957
4.075335989 1.50183343013 0.336004741068 1 1 0.336004741068 0.0324675324675 0.0 -0.0185528756957
4.085335989 1.49961120791 0.336004741068 1 1 0.336004741068 0.0278293135436 0.0 -0.0185528756957
4.095335989 1.49738898569 0.336004741068 1 1 0.336004741068 0.0231910946197 0.00463821892393 -0.0185528756957
4.105335989 1.49516676347 0.336004741068 1 1 0.336004741068 0.0185528756957 0.00463821892393 -0.0185528756957
4.115335989 1.49294454125 0.336004741068 1 1 0.336004741068 0.0185528756957 0.00463821892393 -0.0185528756957
4.125335989 1.49072231902 0.336004741068 1 1 0.336004741068 0.0139146567718 0.00463821892393 -0.0185528756957
4.135335989 1.4897987981 0.339251494315 1 1 0.339251494315 0.00927643784787 0.00463821892393 -0.0139146567718
4.145335989 1.48757657588 0.339251494315 1 1 0.339251494315 0.00927643784787 0.00927643784787 -0.0139146567718
4.155335989 1.48795175625 0.345745000808 1 1 0.345745000808 0.00927643784787 0.00927643784787 -0.00463821892393
4.165335989 1.48572953403 0.345745000808 1 1 0.345745000808 0.00927643784787 0.0139146567718 -0.00463821892393
4.175335989 1.48350731181 0.345745000808 1 1 0.345745000808 0.00927643784787 0.0139146567718 -0.00463821892393
4.185335989 1.48258379089 0.348991754055 1 1 0.348991754055 0.00927643784787 0.0185528756957 0.0
4.195335989 1.48036156866 0.348991754055 1 1 0.348991754055 0.00927643784787 0.0185528756957 0.0
4.205335989 1.47813934644 0.348991754055 1 1 0.348991754055 0.00927643784787 0.0185528756957 0.0
4.215335989 1.47591712422 0.348991754055 1 1 0.348991754055 0.00927643784787 0.0185528756957 0.0
4.225335989 1.473694902 0.348991754055 1 1 0.348991754055 0.00927643784787 0.0185528756957 0.0
4.235335989 1.47147267977 0.348991754055 1 1 0.348991754055 0.00927643784787 0.0185528756957 0.0
4.245335989 1.46925045755 0.348991754055 1 1 0.348991754055 0.00463821892393 0.0185528756957 0.0
4.255335989 1.46702823533 0.348991754055 1 1 0.348991754055 0.00463821892393 0.0231910946197 0.0
4.265335989 1.46480601311 0.348991754055 1 1 0.348991754055 0.00463821892393 0.0231910946197 0.0
4.275335989 1.46388249218 0.352238507302 1 1 0.352238507302 0.00463821892393 0.0231910946197 0.00463821892393
4.285335989 1.46295897126 0.355485260549 1 1 0.355485260549 0.00463821892393 0.0231910946197 0.00927643784787
4.295335989 1.46203545034 0.358732013795 1 1 0.358732013795 0.00463821892393 0.0278293135436 0.0139146567718
4.305335989 1.45981322811 0.358732013795 1 1 0.358732013795 0.00463821892393 0.0278293135436 0.0139146567718
4.315335989 1.45888970719 0.361978767042 1 1 0.361978767042 0.00927643784787 0.0278293135436 0.0185528756957
4.325335989 1.45796618627 0.365225520289 1 1 0.365225520289 0.00927643784787 0.0278293135436 0.0231910946197
4.335335989 1.45574396405 0.365225520289 1 1 0.365225520289 0.00927643784787 0.0278293135436 0.0231910946197
4.345335989 1.45482044312 0.368472273536 1 1 0.368472273536 0.00927643784787 0.0278293135436 0.0278293135436
4.355335989 1.4525982209 0.368472273536 1 1 0.368472273536 0.00927643784787 0.0278293135436 0.0278293135436
4.365335989 1.45037599868 0.368472273536 1 1 0.368472273536 0.0139146567718 0.0278293135436 0.0278293135436
4.375335989 1.44815377646 0.368472273536 1 1 0.368472273536 0.0139146567718 0.0278293135436 0.0278293135436
4.385335989 1.44593155423 0.368472273536 1 1 0.368472273536 0.0185528756957 0.0278293135436 0.0278293135436
4.395335989 1.44370933201 0.368472273536 1 1 0.368472273536 0.0185528756957 0.0278293135436 0.0278293135436
4.405335989 1.44148710979 0.368472273536 1 1 0.368472273536 0.0185528756957 0.0278293135436 0.0278293135436
4.415335989 1.43926488757 0.368472273536 1 1 0.368472273536 0.0185528756957 0.0278293135436 0.0278293135436
4.425335989 1.43704266534 0.368472273536 1 1 0.368472273536 0.0185528756957 0.0278293135436 0.0278293135436
4.435335989 1.43482044312 0.368472273536 1 1 0.368472273536 0.0231910946197 0.0278293135436 0.0278293135436
4.445335989 1.4325982209 0.368472273536 1 1 0.368472273536 0.0231910946197 0.0324675324675 0.0278293135436
4.455335989 1.43037599868 0.368472273536 1 1 0.368472273536 0.0231910946197 0.0371057513915 0.0278293135436
4.465335989 1.42815377646 0.368472273536 1 1 0.368472273536 0.0231910946197 0.0371057513915 0.0278293135436
4.475335989 1.42463285293 0.365225520289 1 1 0.365225520289 0.0231910946197 0.0324675324675 0.0231910946197
4.485335989 1.42241063071 0.365225520289 1 1 0.365225520289 0.0231910946197 0.0324675324675 0.0231910946197
4.495335989 1.42018840849 0.365225520289 1 1 0.365225520289 0.0231910946197 0.0324675324675 0.0231910946197
4.505335989 1.41666748497 0.361978767042 1 1 0.361978767042 0.0231910946197 0.0324675324675 0.0185528756957
4.515335989 1.41444526275 0.361978767042 1 1 0.361978767042 0.0231910946197 0.0371057513915 0.0185528756957
4.525335989 1.41222304052 0.361978767042 1 1 0.361978767042 0.0231910946197 0.0371057513915 0.0185528756957
4.535335989 1.4100008183 0.361978767042 1 1 0.361978767042 0.0231910946197 0.0371057513915 0.0185528756957
4.545335989 1.40777859608 0.361978767042 1 1 0.361978767042 0.0231910946197 0.0371057513915 0.0185528756957
4.555335989 1.40555637386 0.361978767042 1 1 0.361978767042 0.0231910946197 0.0371057513915 0.0185528756957
4.565335989 1.40333415164 0.361978767042 1 1 0.361978767042 0.0185528756957 0.0371057513915 0.0185528756957
4.575335989 1.39981322811 0.358732013795 1 1 0.358732013795 0.0185528756957 0.0324675324675 0.0139146567718
4.585335989 1.39759100589 0.358732013795 1 1 0.358732013795 0.0139146567718 0.0324675324675 0.0139146567718
4.595335989 1.39407008237 0.355485260549 1 1 0.355485260549 0.0139146567718 0.0324675324675 0.00927643784787
4.605335989 1.39184786015 0.355485260549 1 1 0.355485260549 0.0139146567718 0.0278293135436 0.00927643784787
4.615335989 1.38962563793 0.355485260549 1 1 0.355485260549 0.0139146567718 0.0278293135436 0.00927643784787
4.625335989 1.3874034157 0.355485260549 1 1 0.355485260549 0.0139146567718 0.0231910946197 0.00927643784787
4.635335989 1.38518119348 0.355485260549 1 1 0.355485260549 0.0139146567718 0.0185528756957 0.00927643784787
4.645335989 1.38166026996 0.352238507302 1 1 0.352238507302 0.0139146567718 0.0185528756957 0.00463821892393
4.655335989 1.37943804774 0.352238507302 1 1 0.352238507302 0.0139146567718 0.0185528756957 0.00463821892393
4.665335989 1.37591712422 0.348991754055 1 1 0.348991754055 0.0139146567718 0.0139146567718 0.0
4.675335989 1.373694902 0.348991754055 1 1 0.348991754055 0.0139146567718 0.0139146567718 0.0
4.685335989 1.37147267977 0.348991754055 1 1 0.348991754055 0.0139146567718 0.0139146567718 0.0
4.695335989 1.36925045755 0.348991754055 1 1 0.348991754055 0.0139146567718 0.0139146567718 0.0
4.705335989 1.36702823533 0.348991754055 1 1 0.348991754055 0.0139146567718 0.0139146567718 0.0
4.715335989 1.36480601311 0.348991754055 1 1 0.348991754055 0.0139146567718 0.00927643784787 0.0
4.725335989 1.36258379089 0.348991754055 1 1 0.348991754055 0.0139146567718 0.00927643784787 0.0
4.735335989 1.35906286736 0.345745000808 1 1 0.345745000808 0.0139146567718 0.00927643784787 -0.00463821892393
4.745335989 1.35684064514 0.345745000808 1 1 0.345745000808 0.00927643784787 0.00927643784787 -0.00463821892393
4.755335989 1.35331972162 0.342498247562 1 1 0.342498247562 0.00463821892393 0.00927643784787 -0.00927643784787
4.765335989 1.3510974994 0.342498247562 1 1 0.342498247562 0.00463821892393 0.00927643784787 -0.00927643784787
4.775335989 1.34887527718 0.342498247562 1 1 0.342498247562 0.0 0.00927643784787 -0.00927643784787
4.785335989 1.34665305495 0.342498247562 1 1 0.342498247562 0.0 0.00927643784787 -0.00927643784787
4.795335989 1.34443083273 0.342498247562 1 1 0.342498247562 -0.00463821892393 0.00927643784787 -0.00927643784787
4.805335989 1.34220861051 0.342498247562 1 1 0.342498247562 -0.00463821892393 0.0139146567718 -0.00927643784787
4.815335989 1.33998638829 0.342498247562 1 1 0.342498247562 -0.00463821892393 0.0139146567718 -0.00927643784787
4.825335989 1.33776416607 0.342498247562 1 1 0.342498247562 -0.00463821892393 0.0139146567718 -0.00927643784787
4.835335989 1.33554194384 0.342498247562 1 1 0.342498247562 -0.00463821892393 0.0139146567718 -0.00927643784787
4.845335989 1.33331972162 0.342498247562 1 1 0.342498247562 -0.00927643784787 0.0139146567718 -0.00927643784787
4.855335989 1.3310974994 0.342498247562 1 1 0.342498247562 -0.00927643784787 0.0139146567718 -0.00927643784787
4.865335989 1.32887527718 0.342498247562 1 1 0.342498247562 -0.00927643784787 0.00927643784787 -0.00927643784787
4.875335989 1.32665305495 0.342498247562 1 1 0.342498247562 -0.00927643784787 0.00927643784787 -0.00927643784787
4.885335989 1.32443083273 0.342498247562 1 1 0.342498247562 -0.00927643784787 0.00463821892393 -0.00927643784787
4.895335989 1.32220861051 0.342498247562 1 1 0.342498247562 -0.00927643784787 0.00463821892393 -0.00927643784787
4.905335989 1.31998638829 0.342498247562 1 1 0.342498247562 -0.00927643784787 0.00463821892393 -0.00927643784787
4.915335989 1.31776416607 0.342498247562 1 1 0.342498247562 -0.0139146567718 0.00463821892393 -0.00927643784787
4.925335989 1.31554194384 0.342498247562 1 1 0.342498247562 -0.0139146567718 0.00463821892393 -0.00927643784787
4.935335989 1.31331972162 0.342498247562 1 1 0.342498247562 -0.0139146567718 0.00463821892393 -0.00927643784787
4.945335989 1.3110974994 0.342498247562 1 1 0.342498247562 -0.0185528756957 0.00463821892393 -0.00927643784787
4.955335989 1.30887527718 0.342498247562 1 1 0.342498247562 -0.0185528756957 0.00463821892393 -0.00927643784787
4.965335989 1.30665305495 0.342498247562 1 1 0.342498247562 -0.0231910946197 0.00463821892393 -0.00927643784787
4.975335989 1.30572953403 0.345745000808 1 1 0.345745000808 -0.0231910946197 0.00463821892393 -0.00463821892393
4.985335989 1.30480601311 0.348991754055 1 1 0.348991754055 -0.0231910946197 0.00463821892393 0.0
4.995335989 1.30258379089 0.348991754055 1 1 0.348991754055 -0.0231910946197 0.00463821892393 0.0
5.005335989 1.30036156866 0.348991754055 1 1 0.348991754055 -0.0231910946197 0.00463821892393 0.0
5.015335989 1.29813934644 0.348991754055 1 1 0.348991754055 -0.0231910946197 0.00463821892393 0.0
5.025335989 1.29721582552 0.352238507302 1 1 0.352238507302 -0.0231910946197 0.00463821892393 0.00463821892393
5.035335989 1.29499360329 0.352238507302 1 1 0.352238507302 -0.0231910946197 0.00927643784787 0.00463821892393
5.045335989 1.29277138107 0.352238507302 1 1 0.352238507302 -0.0231910946197 0.00927643784787 0.00463821892393
5.055335989 1.29184786015 0.355485260549 1 1 0.355485260549 -0.0231910946197 0.0139146567718 0.00927643784787
5.065335989 1.29092433923 0.358732013795 1 1 0.358732013795 -0.0231910946197 0.0139146567718 0.0139146567718
5.075335989 1.288702117 0.358732013795 1 1 0.358732013795 -0.0231910946197 0.0185528756957 0.0139146567718
5.085335989 1.28647989478 0.358732013795 1 1 0.358732013795 -0.0231910946197 0.0185528756957 0.0139146567718
5.095335989 1.28425767256 0.358732013795 1 1 0.358732013795 -0.0231910946197 0.0185528756957 0.0139146567718
5.105335989 1.28203545034 0.358732013795 1 1 0.358732013795 -0.0231910946197 0.0231910946197 0.0139146567718
5.115335989 1.27981322811 0.358732013795 1 1 0.358732013795 -0.0231910946197 0.0231910946197 0.0139146567718
5.125335989 1.27759100589 0.358732013795 1 1 0.358732013795 -0.0231910946197 0.0231910946197 0.0139146567718
5.135335989 1.27536878367 0.358732013795 1 1 0.358732013795 -0.0278293135436 0.0231910946197 0.0139146567718
5.145335989 1.27314656145 0.358732013795 1 1 0.358732013795 -0.0278293135436 0.0231910946197 0.0139146567718
5.155335989 1.26962563793 0.355485260549 1 1 0.355485260549 -0.0278293135436 0.0231910946197 0.00927643784787
5.165335989 1.2674034157 0.355485260549 1 1 0.355485260549 -0.0278293135436 0.0231910946197 0.00927643784787
5.175335989 1.26518119348 0.355485260549 1 1 0.355485260549 -0.0278293135436 0.0231910946197 0.00927643784787
5.185335989 1.26295897126 0.355485260549 1 1 0.355485260549 -0.0278293135436 0.0231910946197 0.00927643784787
5.195335989 1.26073674904 0.355485260549 1 1 0.355485260549 -0.0278293135436 0.0231910946197 0.00927643784787
5.205335989 1.25851452682 0.355485260549 1 1 0.355485260549 -0.0278293135436 0.0231910946197 0.00927643784787
5.215335989 1.25629230459 0.355485260549 1 1 0.355485260549 -0.0278293135436 0.0231910946197 0.00927643784787
5.225335989 1.25407008237 0.355485260549 1 1 0.355485260549 -0.0231910946197 0.0231910946197 0.00927643784787
5.235335989 1.25184786015 0.355485260549 1 1 0.355485260549 -0.0231910946197 0.0231910946197 0.00927643784787
5.245335989 1.24962563793 0.355485260549 1 1 0.355485260549 -0.0231910946197 0.0231910946197 0.00927643784787
5.255335989 1.2474034157 0.355485260549 1 1 0.355485260549 -0.0231910946197 0.0231910946197 0.00927643784787
5.265335989 1.24518119348 0.355485260549 1 1 0.355485260549 -0.0185528756957 0.0185528756957 0.00927643784787
5.275335989 1.24295897126 0.355485260549 1 1 0.355485260549 -0.0185528756957 0.0185528756957 0.00927643784787
5.285335989 1.24073674904 0.355485260549 1 1 0.355485260549 -0.0185528756957 0.0139146567718 0.00927643784787
5.295335989 1.23851452682 0.355485260549 1 1 0.355485260549 -0.0139146567718 0.0139146567718 0.00927643784787
5.305335989 1.23629230459 0.355485260549 1 1 0.355485260549 -0.00927643784787 0.0139146567718 0.00927643784787
5.315335989 1.23407008237 0.355485260549 1 1 0.355485260549 -0.00463821892393 0.0139146567718 0.00927643784787
5.325335989 1.23184786015 0.355485260549 1 1 0.355485260549 -0.00463821892393 0.0139146567718 0.00927643784787
5.335335989 1.22962563793 0.355485260549 1 1 0.355485260549 0.0 0.0139146567718 0.00927643784787
5.345335989 1.2274034157 0.355485260549 1 1 0.355485260549 0.0 0.0139146567718 0.00927643784787
5.355335989 1.22518119348 0.355485260549 1 1 0.355485260549 0.0 0.0139146567718 0.00927643784787
5.365335989 1.22295897126 0.355485260549 1 1 0.355485260549 0.00463821892393 0.0139146567718 0.00927643784787
5.375335989 1.22073674904 0.355485260549 1 1 0.355485260549 0.00463821892393 0.0185528756957 0.00927643784787
5.385335989 1.21851452682 0.355485260549 1 1 0.355485260549 0.00463821892393 0.0185528756957 0.00927643784787
5.395335989 1.21629230459 0.355485260549 1 1 0.355485260549 0.00463821892393 0.0231910946197 0.00927643784787
5.405335989 1.21407008237 0.355485260549 1 1 0.355485260549 0.00463821892393 0.0231910946197 0.00927643784787
5.415335989 1.21184786015 0.355485260549 1 1 0.355485260549 0.00463821892393 0.0231910946197 0.00927643784787
5.425335989 1.20962563793 0.355485260549 1 1 0.355485260549 0.00463821892393 0.0278293135436 0.00927643784787
5.435335989 1.2074034157 0.355485260549 1 1 0.355485260549 0.00927643784787 0.0278293135436 0.00927643784787
5.445335989 1.20518119348 0.355485260549 1 1 0.355485260549 0.00927643784787 0.0278293135436 0.00927643784787
5.455335989 1.20425767256 0.358732013795 1 1 0.358732013795 0.0139146567718 0.0278293135436 0.0139146567718
5.465335989 1.20203545034 0.358732013795 1 1 0.358732013795 0.0185528756957 0.0278293135436 0.0139146567718
5.475335989 1.19981322811 0.358732013795 1 1 0.358732013795 0.0185528756957 0.0278293135436 0.0139146567718
5.485335989 1.19629230459 0.355485260549 1 1 0.355485260549 0.0185528756957 0.0278293135436 0.00927643784787
5.495335989 1.19407008237 0.355485260549 1 1 0.355485260549 0.0185528756957 0.0278293135436 0.00927643784787
5.505335989 1.19184786015 0.355485260549 1 1 0.355485260549 0.0185528756957 0.0278293135436 0.00927643784787
5.515335989 1.18962563793 0.355485260549 1 1 0.355485260549 0.0185528756957 0.0278293135436 0.00927643784787
5.525335989 1.18610471441 0.352238507302 1 1 0.352238507302 0.0185528756957 0.0278293135436 0.00463821892393
5.535335989 1.18388249218 0.352238507302 1 1 0.352238507302 0.0185528756957 0.0278293135436 0.00463821892393
5.545335989 1.18166026996 0.352238507302 1 1 0.352238507302 0.0185528756957 0.0278293135436 0.00463821892393
5.555335989 1.17943804774 0.352238507302 1 1 0.352238507302 0.0185528756957 0.0278293135436 0.00463821892393
5.565335989 1.17721582552 0.352238507302 1 1 0.352238507302 0.0185528756957 0.0371057513915 0.00463821892393
5.575335989 1.173694902 0.348991754055 1 1 0.348991754055 0.0185528756957 0.0371057513915 0.0
5.585335989 1.17147267977 0.348991754055 1 1 0.348991754055 0.0185528756957 0.0417439703154 0.0
5.595335989 1.16925045755 0.348991754055 1 1 0.348991754055 0.0139146567718 0.0417439703154 0.0
5.605335989 1.16702823533 0.348991754055 1 1 0.348991754055 0.00927643784787 0.0417439703154 0.0
5.615335989 1.16350731181 0.345745000808 1 1 0.345745000808 0.00463821892393 0.0417439703154 -0.00463821892393
5.625335989 1.16128508959 0.345745000808 1 1 0.345745000808 0.00463821892393 0.0417439703154 -0.00463821892393
5.635335989 1.15906286736 0.345745000808 1 1 0.345745000808 0.00463821892393 0.0463821892393 -0.00463821892393
5.645335989 1.15684064514 0.345745000808 1 1 0.345745000808 0.00463821892393 0.0463821892393 -0.00463821892393
5.655335989 1.15461842292 0.345745000808 1 1 0.345745000808 0.0 0.0463821892393 -0.00463821892393
5.665335989 1.1510974994 0.342498247562 1 1 0.342498247562 -0.00463821892393 0.0463821892393 -0.00927643784787
5.675335989 1.14887527718 0.342498247562 1 1 0.342498247562 -0.00463821892393 0.0463821892393 -0.00927643784787
5.685335989 1.14665305495 0.342498247562 1 1 0.342498247562 -0.00463821892393 0.0417439703154 -0.00927643784787
5.695335989 1.14572953403 0.345745000808 1 1 0.345745000808 -0.00463821892393 0.0417439703154 -0.00463821892393
5.705335989 1.14350731181 0.345745000808 1 1 0.345745000808 -0.00463821892393 0.0417439703154 -0.00463821892393
5.715335989 1.14128508959 0.345745000808 1 1 0.345745000808 -0.00463821892393 0.0417439703154 -0.00463821892393
5.725335989 1.13906286736 0.345745000808 1 1 0.345745000808 -0.00463821892393 0.0371057513915 -0.00463821892393
5.735335989 1.13684064514 0.345745000808 1 1 0.345745000808 -0.00463821892393 0.0324675324675 -0.00463821892393
5.745335989 1.13461842292 0.345745000808 1 1 0.345745000808 0.0 0.0324675324675 -0.00463821892393
5.755335989 1.1323962007 0.345745000808 1 1 0.345745000808 0.0 0.0324675324675 -0.00463821892393
5.765335989 1.12887527718 0.342498247562 1 1 0.342498247562 0.0 0.0324675324675 -0.00927643784787
5.775335989 1.12665305495 0.342498247562 1 1 0.342498247562 0.0 0.0324675324675 -0.00927643784787
5.785335989 1.12313213143 0.339251494315 1 1 0.339251494315 0.00463821892393 0.0324675324675 -0.0139146567718
5.795335989 1.12090990921 0.339251494315 1 1 0.339251494315 0.00463821892393 0.0324675324675 -0.0139146567718
5.805335989 1.11868768699 0.339251494315 1 1 0.339251494315 0.00927643784787 0.0324675324675 -0.0139146567718
5.815335989 1.11646546477 0.339251494315 1 1 0.339251494315 0.00927643784787 0.0324675324675 -0.0139146567718
5.825335989 1.11294454125 0.336004741068 1 1 0.336004741068 0.00927643784787 0.0278293135436 -0.0185528756957
5.835335989 1.11072231902 0.336004741068 1 1 0.336004741068 0.00927643784787 0.0278293135436 -0.0185528756957
5.845335989 1.1085000968 0.336004741068 1 1 0.336004741068 0.00927643784787 0.0278293135436 -0.0185528756957
5.855335989 1.10627787458 0.336004741068 1 1 0.336004741068 0.00927643784787 0.0231910946197 -0.0185528756957
5.865335989 1.10275695106 0.332757987821 1 1 0.332757987821 0.00927643784787 0.0185528756957 -0.0231910946197
5.875335989 1.10053472884 0.332757987821 1 1 0.332757987821 0.00927643784787 0.0139146567718 -0.0231910946197
5.885335989 1.09831250661 0.332757987821 1 1 0.332757987821 0.00927643784787 0.0139146567718 -0.0231910946197
5.895335989 1.09609028439 0.332757987821 1 1 0.332757987821 0.00927643784787 0.00927643784787 -0.0231910946197
5.905335989 1.09386806217 0.332757987821 1 1 0.332757987821 0.00927643784787 0.00927643784787 -0.0231910946197
5.915335989 1.09034713865 0.329511234575 1 1 0.329511234575 0.00927643784787 0.00927643784787 -0.0278293135436
5.925335989 1.08812491643 0.329511234575 1 1 0.329511234575 0.0139146567718 0.00927643784787 -0.0278293135436
5.935335989 1.0859026942 0.329511234575 1 1 0.329511234575 0.0139146567718 0.00927643784787 -0.0278293135436
5.945335989 1.08368047198 0.329511234575 1 1 0.329511234575 0.0139146567718 0.00927643784787 -0.0278293135436
5.955335989 1.08145824976 0.329511234575 1 1 0.329511234575 0.0139146567718 0.00927643784787 -0.0278293135436
5.965335989 1.07923602754 0.329511234575 1 1 0.329511234575 0.0185528756957 0.00927643784787 -0.0278293135436
5.975335989 1.07701380532 0.329511234575 1 1 0.329511234575 0.0185528756957 0.00927643784787 -0.0278293135436
5.985335989 1.07479158309 0.329511234575 1 1 0.329511234575 0.0185528756957 0.00927643784787 -0.0278293135436
5.995335989 1.07256936087 0.329511234575 1 1 0.329511234575 0.0185528756957 0.00927643784787 -0.0278293135436
6.005335989 1.07034713865 0.329511234575 1 1 0.329511234575 0.0185528756957 0.00927643784787 -0.0278293135436
6.015335989 1.06812491643 0.329511234575 1 1 0.329511234575 0.0185528756957 0.00927643784787 -0.0278293135436
6.025335989 1.0659026942 0.329511234575 1 1 0.329511234575 0.0185528756957 0.00927643784787 -0.0278293135436
6.035335989 1.06368047198 0.329511234575 1 1 0.329511234575 0.0185528756957 0.00927643784787 -0.0278293135436
6.045335989 1.06145824976 0.329511234575 1 1 0.329511234575 0.0139146567718 0.00927643784787 -0.0278293135436
6.055335989 1.05923602754 0.329511234575 1 1 0.329511234575 0.00927643784787 0.00927643784787 -0.0278293135436
6.065335989 1.05701380532 0.329511234575 1 1 0.329511234575 0.00927643784787 0.00927643784787 -0.0278293135436
6.075335989 1.05479158309 0.329511234575 1 1 0.329511234575 0.00463821892393 0.00927643784787 -0.0278293135436
6.085335989 1.05256936087 0.329511234575 1 1 0.329511234575 0.00463821892393 0.00927643784787 -0.0278293135436
6.095335989 1.05034713865 0.329511234575 1 1 0.329511234575 0.0 0.00927643784787 -0.0278293135436
6.105335989 1.04812491643 0.329511234575 1 1 0.329511234575 0.0 0.00927643784787 -0.0278293135436
6.115335989 1.0459026942 0.329511234575 1 1 0.329511234575 -0.00463821892393 0.00927643784787 -0.0278293135436
6.125335989 1.04368047198 0.329511234575 1 1 0.329511234575 -0.00463821892393 0.00927643784787 -0.0278293135436
6.135335989 1.04145824976 0.329511234575 1 1 0.329511234575 -0.00463821892393 0.00927643784787 -0.0278293135436
6.145335989 1.04053472884 0.332757987821 1 1 0.332757987821 -0.00463821892393 0.00927643784787 -0.0231910946197
6.155335989 1.03831250661 0.332757987821 1 1 0.332757987821 -0.00463821892393 0.00927643784787 -0.0231910946197
6.165335989 1.03609028439 0.332757987821 1 1 0.332757987821 -0.00463821892393 0.0139146567718 -0.0231910946197
6.175335989 1.03386806217 0.332757987821 1 1 0.332757987821 -0.00927643784787 0.0185528756957 -0.0231910946197
6.185335989 1.03164583995 0.332757987821 1 1 0.332757987821 -0.00927643784787 0.0185528756957 -0.0231910946197
6.195335989 1.02942361772 0.332757987821 1 1 0.332757987821 -0.00927643784787 0.0231910946197 -0.0231910946197
6.205335989 1.0285000968 0.336004741068 1 1 0.336004741068 -0.00927643784787 0.0231910946197 -0.0185528756957
6.215335989 1.02627787458 0.336004741068 1 1 0.336004741068 -0.0139146567718 0.0231910946197 -0.0185528756957
6.225335989 1.02535435366 0.339251494315 1 1 0.339251494315 -0.0185528756957 0.0231910946197 -0.0139146567718
6.235335989 1.02443083273 0.342498247562 1 1 0.342498247562 -0.0185528756957 0.0231910946197 -0.00927643784787
6.245335989 1.02220861051 0.342498247562 1 1 0.342498247562 -0.0231910946197 0.0231910946197 -0.00927643784787
6.255335989 1.01998638829 0.342498247562 1 1 0.342498247562 -0.0231910946197 0.0278293135436 -0.00927643784787
6.265335989 1.01776416607 0.342498247562 1 1 0.342498247562 -0.0278293135436 0.0278293135436 -0.00927643784787
6.275335989 1.01554194384 0.342498247562 1 1 0.342498247562 -0.0278293135436 0.0324675324675 -0.00927643784787
6.285335989 1.01331972162 0.342498247562 1 1 0.342498247562 -0.0278293135436 0.0324675324675 -0.00927643784787
6.295335989 1.0110974994 0.342498247562 1 1 0.342498247562 -0.0278293135436 0.0324675324675 -0.00927643784787
6.305335989 1.01017397848 0.345745000808 1 1 0.345745000808 -0.0278293135436 0.0324675324675 -0.00463821892393
6.315335989 1.00795175625 0.345745000808 1 1 0.345745000808 -0.0278293135436 0.0324675324675 -0.00463821892393
6.325335989 1.00702823533 0.348991754055 1 1 0.348991754055 -0.0278293135436 0.0324675324675 0.0
6.335335989 1.00480601311 0.348991754055 1 1 0.348991754055 -0.0278293135436 0.0324675324675 0.0
6.345335989 1.00258379089 0.348991754055 1 1 0.348991754055 -0.0278293135436 0.0324675324675 0.0
6.355335989 1.00166026996 0.352238507302 1 1 0.352238507302 -0.0278293135436 0.0324675324675 0.00463821892393
6.365335989 0.999438047739 0.352238507302 1 1 0.352238507302 -0.0278293135436 0.0324675324675 0.00463821892393
6.375335989 0.997215825517 0.352238507302 1 1 0.352238507302 -0.0278293135436 0.0324675324675 0.00463821892393
6.385335989 0.994993603295 0.352238507302 1 1 0.352238507302 -0.0278293135436 0.0324675324675 0.00463821892393
6.395335989 0.994070082371 0.355485260549 1 1 0.355485260549 -0.0278293135436 0.0324675324675 0.00927643784787
6.405335989 0.991847860149 0.355485260549 1 1 0.355485260549 -0.0278293135436 0.0324675324675 0.00927643784787
6.415335989 0.989625637927 0.355485260549 1 1 0.355485260549 -0.0278293135436 0.0324675324675 0.00927643784787
6.425335989 0.987403415705 0.355485260549 1 1 0.355485260549 -0.0278293135436 0.0324675324675 0.00927643784787
6.435335989 0.985181193482 0.355485260549 1 1 0.355485260549 -0.0278293135436 0.0324675324675 0.00927643784787
6.445335989 0.98295897126 0.355485260549 1 1 0.355485260549 -0.0278293135436 0.0324675324675 0.00927643784787
6.455335989 0.980736749038 0.355485260549 1 1 0.355485260549 -0.0278293135436 0.0324675324675 0.00927643784787
6.465335989 0.978514526816 0.355485260549 1 1 0.355485260549 -0.0278293135436 0.0324675324675 0.00927643784787
6.475335989 0.976292304594 0.355485260549 1 1 0.355485260549 -0.0278293135436 0.0324675324675 0.00927643784787
6.485335989 0.974070082371 0.355485260549 1 1 0.355485260549 -0.0278293135436 0.0324675324675 0.00927643784787
6.495335989 0.971847860149 0.355485260549 1 1 0.355485260549 -0.0231910946197 0.0324675324675 0.00927643784787
6.505335989 0.969625637927 0.355485260549 1 1 0.355485260549 -0.0231910946197 0.0324675324675 0.00927643784787
6.515335989 0.967403415705 0.355485260549 1 1 0.355485260549 -0.0139146567718 0.0324675324675 0.00927643784787
6.525335989 0.965181193482 0.355485260549 1 1 0.355485260549 -0.00927643784787 0.0324675324675 0.00927643784787
6.535335989 0.96295897126 0.355485260549 1 1 0.355485260549 -0.00463821892393 0.0324675324675 0.00927643784787
6.545335989 0.960736749038 0.355485260549 1 1 0.355485260549 0.0 0.0371057513915 0.00927643784787
6.555335989 0.957215825517 0.352238507302 1 1 0.352238507302 0.00463821892393 0.0371057513915 0.00463821892393
6.565335989 0.954993603295 0.352238507302 1 1 0.352238507302 0.00463821892393 0.0371057513915 0.00463821892393
6.575335989 0.951472679774 0.348991754055 1 1 0.348991754055 0.00463821892393 0.0417439703154 0.0
6.585335989 0.949250457552 0.348991754055 1 1 0.348991754055 0.00463821892393 0.0463821892393 0.0
6.595335989 0.94702823533 0.348991754055 1 1 0.348991754055 0.00463821892393 0.0463821892393 0.0
6.605335989 0.944806013107 0.348991754055 1 1 0.348991754055 0.00927643784787 0.0463821892393 0.0
6.615335989 0.941285089586 0.345745000808 1 1 0.345745000808 0.00927643784787 0.0463821892393 -0.00463821892393
6.625335989 0.939062867364 0.345745000808 1 1 0.345745000808 0.00927643784787 0.0510204081633 -0.00463821892393
6.635335989 0.936840645142 0.345745000808 1 1 0.345745000808 0.00927643784787 0.0510204081633 -0.00463821892393
6.645335989 0.93461842292 0.345745000808 1 1 0.345745000808 0.00927643784787 0.0556586270872 -0.00463821892393
6.655335989 0.931097499399 0.342498247562 1 1 0.342498247562 0.00927643784787 0.0556586270872 -0.00927643784787
6.665335989 0.928875277177 0.342498247562 1 1 0.342498247562 0.0139146567718 0.0556586270872 -0.00927643784787
6.675335989 0.926653054954 0.342498247562 1 1 0.342498247562 0.0139146567718 0.0556586270872 -0.00927643784787
6.685335989 0.924430832732 0.342498247562 1 1 0.342498247562 0.0139146567718 0.0556586270872 -0.00927643784787
6.695335989 0.920909909211 0.339251494315 1 1 0.339251494315 0.0185528756957 0.0602968460111 -0.0139146567718
6.705335989 0.918687686989 0.339251494315 1 1 0.339251494315 0.0185528756957 0.0602968460111 -0.0139146567718
6.715335989 0.916465464767 0.339251494315 1 1 0.339251494315 0.0185528756957 0.0602968460111 -0.0139146567718
6.725335989 0.914243242545 0.339251494315 1 1 0.339251494315 0.0185528756957 0.0602968460111 -0.0139146567718
6.735335989 0.909423617725 0.332757987821 1 1 0.332757987821 0.0139146567718 0.0602968460111 -0.0231910946197
6.745335989 0.907201395503 0.332757987821 1 1 0.332757987821 0.0139146567718 0.0602968460111 -0.0231910946197
6.755335989 0.90497917328 0.332757987821 1 1 0.332757987821 0.0139146567718 0.0602968460111 -0.0231910946197
6.765335989 0.902756951058 0.332757987821 1 1 0.332757987821 0.00927643784787 0.0602968460111 -0.0231910946197
6.775335989 0.900534728836 0.332757987821 1 1 0.332757987821 0.00927643784787 0.0602968460111 -0.0231910946197
6.785335989 0.898312506614 0.332757987821 1 1 0.332757987821 0.00927643784787 0.0556586270872 -0.0231910946197
6.795335989 0.896090284392 0.332757987821 1 1 0.332757987821 0.00927643784787 0.0556586270872 -0.0231910946197
6.805335989 0.892569360871 0.329511234575 1 1 0.329511234575 0.00463821892393 0.0510204081633 -0.0278293135436
6.815335989 0.890347138648 0.329511234575 1 1 0.329511234575 0.0 0.0510204081633 -0.0278293135436
6.825335989 0.888124916426 0.329511234575 1 1 0.329511234575 -0.00463821892393 0.0510204081633 -0.0278293135436
6.835335989 0.887201395503 0.332757987821 1 1 0.332757987821 -0.00463821892393 0.0510204081633 -0.0231910946197
6.845335989 0.88497917328 0.332757987821 1 1 0.332757987821 -0.00463821892393 0.0463821892393 -0.0231910946197
6.855335989 0.882756951058 0.332757987821 1 1 0.332757987821 -0.00463821892393 0.0417439703154 -0.0231910946197
6.865335989 0.880534728836 0.332757987821 1 1 0.332757987821 -0.0139146567718 0.0371057513915 -0.0231910946197
6.875335989 0.878312506614 0.332757987821 1 1 0.332757987821 -0.0139146567718 0.0371057513915 -0.0231910946197
6.885335989 0.87738898569 0.336004741068 1 1 0.336004741068 -0.0139146567718 0.0324675324675 -0.0185528756957
6.895335989 0.875166763468 0.336004741068 1 1 0.336004741068 -0.0139146567718 0.0324675324675 -0.0185528756957
6.905335989 0.872944541246 0.336004741068 1 1 0.336004741068 -0.0139146567718 0.0324675324675 -0.0185528756957
6.915335989 0.870722319024 0.336004741068 1 1 0.336004741068 -0.0139146567718 0.0324675324675 -0.0185528756957
6.925335989 0.868500096801 0.336004741068 1 1 0.336004741068 -0.0139146567718 0.0324675324675 -0.0185528756957
6.935335989 0.866277874579 0.336004741068 1 1 0.336004741068 -0.0139146567718 0.0278293135436 -0.0185528756957
6.945335989 0.864055652357 0.336004741068 1 1 0.336004741068 -0.0139146567718 0.0278293135436 -0.0185528756957
6.955335989 0.861833430135 0.336004741068 1 1 0.336004741068 -0.0139146567718 0.0231910946197 -0.0185528756957
6.965335989 0.859611207912 0.336004741068 1 1 0.336004741068 -0.00927643784787 0.0231910946197 -0.0185528756957
6.975335989 0.858687686989 0.339251494315 1 1 0.339251494315 -0.00927643784787 0.0231910946197 -0.0139146567718
6.985335989 0.856465464767 0.339251494315 1 1 0.339251494315 -0.00927643784787 0.0231910946197 -0.0139146567718
6.995335989 0.854243242545 0.339251494315 1 1 0.339251494315 -0.00927643784787 0.0231910946197 -0.0139146567718
7.005335989 0.852021020322 0.339251494315 1 1 0.339251494315 -0.00927643784787 0.0231910946197 -0.0139146567718
7.015335989 0.8497987981 0.339251494315 1 1 0.339251494315 -0.00463821892393 0.0231910946197 -0.0139146567718
7.025335989 0.847576575878 0.339251494315 1 1 0.339251494315 -0.00463821892393 0.0139146567718 -0.0139146567718
7.035335989 0.845354353656 0.339251494315 1 1 0.339251494315 -0.00463821892393 0.00927643784787 -0.0139146567718
7.045335989 0.843132131433 0.339251494315 1 1 0.339251494315 -0.00463821892393 0.00927643784787 -0.0139146567718
7.055335989 0.840909909211 0.339251494315 1 1 0.339251494315 -0.00463821892393 0.00927643784787 -0.0139146567718
7.065335989 0.838687686989 0.339251494315 1 1 0.339251494315 -0.00463821892393 0.00927643784787 -0.0139146567718
7.075335989 0.836465464767 0.339251494315 1 1 0.339251494315 -0.00463821892393 0.00927643784787 -0.0139146567718
7.085335989 0.834243242545 0.339251494315 1 1 0.339251494315 -0.00463821892393 0.00463821892393 -0.0139146567718
7.095335989 0.832021020322 0.339251494315 1 1 0.339251494315 -0.00463821892393 0.00463821892393 -0.0139146567718
7.105335989 0.8297987981 0.339251494315 1 1 0.339251494315 -0.00463821892393 0.0 -0.0139146567718
7.115335989 0.827576575878 0.339251494315 1 1 0.339251494315 -0.00463821892393 0.0 -0.0139146567718
7.125335989 0.825354353656 0.339251494315 1 1 0.339251494315 -0.00463821892393 0.0 -0.0139146567718
7.135335989 0.823132131433 0.339251494315 1 1 0.339251494315 -0.00463821892393 0.0 -0.0139146567718
7.145335989 0.820909909211 0.339251494315 1 1 0.339251494315 0.00463821892393 0.0 -0.0139146567718
7.155335989 0.81738898569 0.336004741068 1 1 0.336004741068 0.00927643784787 0.0 -0.0185528756957
7.165335989 0.813868062169 0.332757987821 1 1 0.332757987821 0.00927643784787 0.0 -0.0231910946197
7.175335989 0.810347138648 0.329511234575 1 1 0.329511234575 0.00927643784787 0.0 -0.0278293135436
7.185335989 0.808124916426 0.329511234575 1 1 0.329511234575 0.00927643784787 0.0 -0.0278293135436
7.195335989 0.805902694204 0.329511234575 1 1 0.329511234575 0.00927643784787 0.0 -0.0278293135436
7.205335989 0.803680471982 0.329511234575 1 1 0.329511234575 0.00927643784787 0.0 -0.0278293135436
7.215335989 0.80145824976 0.329511234575 1 1 0.329511234575 0.0139146567718 0.0 -0.0278293135436
7.225335989 0.799236027537 0.329511234575 1 1 0.329511234575 0.0139146567718 0.0 -0.0278293135436
7.235335989 0.797013805315 0.329511234575 1 1 0.329511234575 0.0139146567718 0.0 -0.0278293135436
7.245335989 0.794791583093 0.329511234575 1 1 0.329511234575 0.0139146567718 0.00463821892393 -0.0278293135436
7.255335989 0.792569360871 0.329511234575 1 1 0.329511234575 0.0139146567718 0.00463821892393 -0.0278293135436
7.265335989 0.790347138648 0.329511234575 1 1 0.329511234575 0.0139146567718 0.00463821892393 -0.0278293135436
7.275335989 0.788124916426 0.329511234575 1 1 0.329511234575 0.0139146567718 0.00463821892393 -0.0278293135436
7.285335989 0.785902694204 0.329511234575 1 1 0.329511234575 0.0139146567718 0.00463821892393 -0.0278293135436
7.295335989 0.782381770683 0.326264481328 1 1 0.326264481328 0.0139146567718 0.00927643784787 -0.0324675324675
7.305335989 0.780159548461 0.326264481328 1 1 0.326264481328 0.0139146567718 0.00927643784787 -0.0324675324675
7.315335989 0.77663862494 0.323017728081 1 1 0.323017728081 0.0139146567718 0.00927643784787 -0.0371057513915
