0 1.81534 1.78981 -0.0410082 -0.695772 0.718263 0 -0.0224904 -0 0 -1 -0.0410082 -0.718263 -0.695772 0 2.54919 0 0 0 1 960 960 
1 1.81793 1.79481 -0.0345147 -0.696895 0.717173 0 -0.0202784 -0 0 -1 -0.0345147 -0.717173 -0.696895 0 2.55456 0 0 0 1 960 960 
2 1.81793 1.79981 -0.0345147 -0.699139 0.714985 0 -0.0158459 -0 0 -1 -0.0345147 -0.714985 -0.699139 0 2.55811 0 0 0 1 960 960 
3 1.81793 1.80481 -0.0345147 -0.701364 0.712804 0 -0.0114402 -0 0 -1 -0.0345147 -0.712804 -0.701364 0 2.56165 0 0 0 1 960 960 
4 1.81923 1.80981 -0.031268 -0.703003 0.711186 0 -0.00818294 -0 0 -1 -0.031268 -0.711186 -0.703003 0 2.56611 0 0 0 1 960 960 
5 1.81923 1.81481 -0.031268 -0.705189 0.70902 0 -0.00383067 -0 0 -1 -0.031268 -0.70902 -0.705189 0 2.56965 0 0 0 1 960 960 
6 1.81923 1.81981 -0.031268 -0.707354 0.706859 0 0.000495156 -0 0 -1 -0.031268 -0.706859 -0.707354 0 2.57319 0 0 0 1 960 960 
7 1.81923 1.82481 -0.031268 -0.7095 0.704705 0 0.00479465 -0 0 -1 -0.031268 -0.704705 -0.7095 0 2.57672 0 0 0 1 960 960 
8 1.81923 1.82981 -0.031268 -0.711626 0.702558 0 0.00906795 -0 0 -1 -0.031268 -0.702558 -0.711626 0 2.58025 0 0 0 1 960 960 
9 1.81923 1.83481 -0.031268 -0.713733 0.700418 0 0.0133152 -0 0 -1 -0.031268 -0.700418 -0.713733 0 2.58378 0 0 0 1 960 960 
10 1.81923 1.83981 -0.031268 -0.715821 0.698284 0 0.0175364 -0 0 -1 -0.031268 -0.698284 -0.715821 0 2.58731 0 0 0 1 960 960 
11 1.81923 1.84481 -0.031268 -0.717889 0.696157 0 0.0217318 -0 0 -1 -0.031268 -0.696157 -0.717889 0 2.59084 0 0 0 1 960 960 
12 1.81923 1.84981 -0.031268 -0.719939 0.694037 0 0.0259017 -0 0 -1 -0.031268 -0.694037 -0.719939 0 2.59436 0 0 0 1 960 960 
13 1.81923 1.85481 -0.031268 -0.72197 0.691924 0 0.0300458 -0 0 -1 -0.031268 -0.691924 -0.72197 0 2.59789 0 0 0 1 960 960 
14 1.81923 1.85981 -0.031268 -0.723983 0.689818 0 0.0341645 -0 0 -1 -0.031268 -0.689818 -0.723983 0 2.60141 0 0 0 1 960 960 
15 1.81923 1.86481 -0.031268 -0.725977 0.687719 0 0.0382579 -0 0 -1 -0.031268 -0.687719 -0.725977 0 2.60493 0 0 0 1 960 960 
16 1.82053 1.86981 -0.0280212 -0.727411 0.686202 0 0.0412085 -0 0 -1 -0.0280212 -0.686202 -0.727411 0 2.60937 0 0 0 1 960 960 
17 1.82053 1.87481 -0.0280212 -0.729371 0.684119 0 0.0452521 -0 0 -1 -0.0280212 -0.684119 -0.729371 0 2.61289 0 0 0 1 960 960 
18 1.82053 1.87981 -0.0280212 -0.731313 0.682042 0 0.0492708 -0 0 -1 -0.0280212 -0.682042 -0.731313 0 2.61641 0 0 0 1 960 960 
19 1.82183 1.88481 -0.0247745 -0.732701 0.680551 0 0.0521504 -0 0 -1 -0.0247745 -0.680551 -0.732701 0 2.62085 0 0 0 1 960 960 
20 1.82313 1.88981 -0.0215277 -0.734076 0.679068 0 0.0550081 -0 0 -1 -0.0215277 -0.679068 -0.734076 0 2.62529 0 0 0 1 960 960 
21 1.82313 1.89481 -0.0215277 -0.735969 0.677015 0 0.0589543 -0 0 -1 -0.0215277 -0.677015 -0.735969 0 2.6288 0 0 0 1 960 960 
22 1.82313 1.89981 -0.0215277 -0.737846 0.674969 0 0.0628762 -0 0 -1 -0.0215277 -0.674969 -0.737846 0 2.63232 0 0 0 1 960 960 
23 1.82313 1.90481 -0.0215277 -0.739705 0.672931 0 0.066774 -0 0 -1 -0.0215277 -0.672931 -0.739705 0 2.63583 0 0 0 1 960 960 
24 1.82313 1.90981 -0.0215277 -0.741548 0.6709 0 0.0706477 -0 0 -1 -0.0215277 -0.6709 -0.741548 0 2.63935 0 0 0 1 960 960 
25 1.82313 1.91481 -0.0215277 -0.743374 0.668876 0 0.0744976 -0 0 -1 -0.0215277 -0.668876 -0.743374 0 2.64286 0 0 0 1 960 960 
26 1.82313 1.91981 -0.0215277 -0.745183 0.66686 0 0.0783238 -0 0 -1 -0.0215277 -0.66686 -0.745183 0 2.64638 0 0 0 1 960 960 
27 1.82183 1.92481 -0.0247745 -0.747498 0.664264 0 0.0832334 -0 0 -1 -0.0247745 -0.664264 -0.747498 0 2.64896 0 0 0 1 960 960 
28 1.82053 1.92981 -0.0280212 -0.749792 0.661673 0 0.0881192 -0 0 -1 -0.0280212 -0.661673 -0.749792 0 2.65155 0 0 0 1 960 960 
29 1.82053 1.93481 -0.0280212 -0.75155 0.659677 0 0.0918731 -0 0 -1 -0.0280212 -0.659677 -0.75155 0 2.65506 0 0 0 1 960 960 
30 1.81923 1.93981 -0.031268 -0.753807 0.657096 0 0.0967108 -0 0 -1 -0.031268 -0.657096 -0.753807 0 2.65765 0 0 0 1 960 960 
31 1.81923 1.94481 -0.031268 -0.755531 0.655113 0 0.100417 -0 0 -1 -0.031268 -0.655113 -0.755531 0 2.66116 0 0 0 1 960 960 
32 1.81793 1.94981 -0.0345147 -0.757751 0.652544 0 0.105207 -0 0 -1 -0.0345147 -0.652544 -0.757751 0 2.66375 0 0 0 1 960 960 
33 1.81663 1.95481 -0.0377615 -0.759952 0.649979 0 0.109974 -0 0 -1 -0.0377615 -0.649979 -0.759952 0 2.66633 0 0 0 1 960 960 
34 1.81663 1.95981 -0.0377615 -0.761626 0.648017 0 0.113609 -0 0 -1 -0.0377615 -0.648017 -0.761626 0 2.66985 0 0 0 1 960 960 
35 1.81663 1.96481 -0.0377615 -0.763285 0.646062 0 0.117222 -0 0 -1 -0.0377615 -0.646062 -0.763285 0 2.67337 0 0 0 1 960 960 
36 1.81534 1.96981 -0.0410082 -0.765433 0.643515 0 0.121918 -0 0 -1 -0.0410082 -0.643515 -0.765433 0 2.67595 0 0 0 1 960 960 
37 1.81404 1.97481 -0.044255 -0.767563 0.640974 0 0.126589 -0 0 -1 -0.044255 -0.640974 -0.767563 0 2.67854 0 0 0 1 960 960 
38 1.81404 1.97981 -0.044255 -0.769173 0.63904 0 0.130133 -0 0 -1 -0.044255 -0.63904 -0.769173 0 2.68206 0 0 0 1 960 960 
39 1.81274 1.98481 -0.0475018 -0.771268 0.63651 0 0.134758 -0 0 -1 -0.0475018 -0.63651 -0.771268 0 2.68464 0 0 0 1 960 960 
40 1.81274 1.98981 -0.0475018 -0.772847 0.634592 0 0.138256 -0 0 -1 -0.0475018 -0.634592 -0.772847 0 2.68817 0 0 0 1 960 960 
41 1.81144 1.99481 -0.0507485 -0.774908 0.632074 0 0.142834 -0 0 -1 -0.0507485 -0.632074 -0.774908 0 2.69076 0 0 0 1 960 960 
42 1.81144 1.99981 -0.0507485 -0.776457 0.63017 0 0.146287 -0 0 -1 -0.0507485 -0.63017 -0.776457 0 2.69428 0 0 0 1 960 960 
43 1.81144 2.00481 -0.0507485 -0.777992 0.628274 0 0.149718 -0 0 -1 -0.0507485 -0.628274 -0.777992 0 2.6978 0 0 0 1 960 960 
44 1.81014 2.00981 -0.0539953 -0.780003 0.625776 0 0.154227 -0 0 -1 -0.0539953 -0.625776 -0.780003 0 2.7004 0 0 0 1 960 960 
45 1.81014 2.01481 -0.0539953 -0.781508 0.623895 0 0.157614 -0 0 -1 -0.0539953 -0.623895 -0.781508 0 2.70393 0 0 0 1 960 960 
46 1.81014 2.01981 -0.0539953 -0.783 0.622021 0 0.160979 -0 0 -1 -0.0539953 -0.622021 -0.783 0 2.70745 0 0 0 1 960 960 
47 1.80884 2.02481 -0.057242 -0.784963 0.619543 0 0.16542 -0 0 -1 -0.057242 -0.619543 -0.784963 0 2.71005 0 0 0 1 960 960 
48 1.80884 2.02981 -0.057242 -0.786426 0.617684 0 0.168742 -0 0 -1 -0.057242 -0.617684 -0.786426 0 2.71359 0 0 0 1 960 960 
49 1.80884 2.03481 -0.057242 -0.787876 0.615833 0 0.172043 -0 0 -1 -0.057242 -0.615833 -0.787876 0 2.71712 0 0 0 1 960 960 
50 1.80884 2.03981 -0.057242 -0.789314 0.61399 0 0.175324 -0 0 -1 -0.057242 -0.61399 -0.789314 0 2.72066 0 0 0 1 960 960 
51 1.80754 2.04481 -0.0604888 -0.791214 0.611539 0 0.179675 -0 0 -1 -0.0604888 -0.611539 -0.791214 0 2.72326 0 0 0 1 960 960 
52 1.80754 2.04981 -0.0604888 -0.792624 0.609711 0 0.182913 -0 0 -1 -0.0604888 -0.609711 -0.792624 0 2.7268 0 0 0 1 960 960 
53 1.80754 2.05481 -0.0604888 -0.794021 0.607891 0 0.18613 -0 0 -1 -0.0604888 -0.607891 -0.794021 0 2.73035 0 0 0 1 960 960 
54 1.80754 2.05981 -0.0604888 -0.795406 0.606078 0 0.189328 -0 0 -1 -0.0604888 -0.606078 -0.795406 0 2.73389 0 0 0 1 960 960 
55 1.80754 2.06481 -0.0604888 -0.796778 0.604272 0 0.192505 -0 0 -1 -0.0604888 -0.604272 -0.796778 0 2.73744 0 0 0 1 960 960 
56 1.80754 2.06981 -0.0604888 -0.798138 0.602475 0 0.195663 -0 0 -1 -0.0604888 -0.602475 -0.798138 0 2.74099 0 0 0 1 960 960 
57 1.80754 2.07481 -0.0604888 -0.799486 0.600685 0 0.198801 -0 0 -1 -0.0604888 -0.600685 -0.799486 0 2.74454 0 0 0 1 960 960 
58 1.80754 2.07981 -0.0604888 -0.800822 0.598903 0 0.201919 -0 0 -1 -0.0604888 -0.598903 -0.800822 0 2.7481 0 0 0 1 960 960 
59 1.80754 2.08481 -0.0604888 -0.802146 0.597128 0 0.205018 -0 0 -1 -0.0604888 -0.597128 -0.802146 0 2.75165 0 0 0 1 960 960 
60 1.80754 2.08981 -0.0604888 -0.803458 0.595361 0 0.208098 -0 0 -1 -0.0604888 -0.595361 -0.803458 0 2.75521 0 0 0 1 960 960 
61 1.80754 2.09481 -0.0604888 -0.804759 0.593601 0 0.211158 -0 0 -1 -0.0604888 -0.593601 -0.804759 0 2.75877 0 0 0 1 960 960 
62 1.80754 2.09981 -0.0604888 -0.806049 0.591849 0 0.214199 -0 0 -1 -0.0604888 -0.591849 -0.806049 0 2.76234 0 0 0 1 960 960 
63 1.80754 2.10481 -0.0604888 -0.807326 0.590105 0 0.217222 -0 0 -1 -0.0604888 -0.590105 -0.807326 0 2.76591 0 0 0 1 960 960 
64 1.80754 2.10981 -0.0604888 -0.808593 0.588368 0 0.220225 -0 0 -1 -0.0604888 -0.588368 -0.808593 0 2.76948 0 0 0 1 960 960 
65 1.80754 2.11481 -0.0604888 -0.809849 0.586639 0 0.22321 -0 0 -1 -0.0604888 -0.586639 -0.809849 0 2.77305 0 0 0 1 960 960 
66 1.80754 2.11981 -0.0604888 -0.811093 0.584917 0 0.226177 -0 0 -1 -0.0604888 -0.584917 -0.811093 0 2.77662 0 0 0 1 960 960 
67 1.80754 2.12481 -0.0604888 -0.812327 0.583202 0 0.229125 -0 0 -1 -0.0604888 -0.583202 -0.812327 0 2.7802 0 0 0 1 960 960 
68 1.80625 2.12981 -0.0637355 -0.813992 0.580876 0 0.233116 -0 0 -1 -0.0637355 -0.580876 -0.813992 0 2.78285 0 0 0 1 960 960 
69 1.80495 2.13481 -0.0669823 -0.815643 0.578556 0 0.237087 -0 0 -1 -0.0669823 -0.578556 -0.815643 0 2.7855 0 0 0 1 960 960 
70 1.80495 2.13981 -0.0669823 -0.81684 0.576864 0 0.239977 -0 0 -1 -0.0669823 -0.576864 -0.81684 0 2.78909 0 0 0 1 960 960 
71 1.80495 2.14481 -0.0669823 -0.818028 0.575179 0 0.242849 -0 0 -1 -0.0669823 -0.575179 -0.818028 0 2.79268 0 0 0 1 960 960 
72 1.80495 2.14981 -0.0669823 -0.819204 0.573502 0 0.245703 -0 0 -1 -0.0669823 -0.573502 -0.819204 0 2.79627 0 0 0 1 960 960 
73 1.80495 2.15481 -0.0669823 -0.820371 0.571832 0 0.248539 -0 0 -1 -0.0669823 -0.571832 -0.820371 0 2.79987 0 0 0 1 960 960 
74 1.80495 2.15981 -0.0669823 -0.821527 0.570169 0 0.251358 -0 0 -1 -0.0669823 -0.570169 -0.821527 0 2.80346 0 0 0 1 960 960 
75 1.80495 2.16481 -0.0669823 -0.822674 0.568514 0 0.25416 -0 0 -1 -0.0669823 -0.568514 -0.822674 0 2.80707 0 0 0 1 960 960 
76 1.80495 2.16981 -0.0669823 -0.82381 0.566866 0 0.256944 -0 0 -1 -0.0669823 -0.566866 -0.82381 0 2.81067 0 0 0 1 960 960 
77 1.80495 2.17481 -0.0669823 -0.824937 0.565225 0 0.259712 -0 0 -1 -0.0669823 -0.565225 -0.824937 0 2.81428 0 0 0 1 960 960 
78 1.80495 2.17981 -0.0669823 -0.826054 0.563592 0 0.262462 -0 0 -1 -0.0669823 -0.563592 -0.826054 0 2.81789 0 0 0 1 960 960 
79 1.80495 2.18481 -0.0669823 -0.827161 0.561965 0 0.265195 -0 0 -1 -0.0669823 -0.561965 -0.827161 0 2.8215 0 0 0 1 960 960 
80 1.80365 2.18981 -0.070229 -0.828678 0.559726 0 0.268952 -0 0 -1 -0.070229 -0.559726 -0.828678 0 2.82419 0 0 0 1 960 960 
81 1.80365 2.19481 -0.070229 -0.829764 0.558114 0 0.27165 -0 0 -1 -0.070229 -0.558114 -0.829764 0 2.82781 0 0 0 1 960 960 
82 1.80365 2.19981 -0.070229 -0.830841 0.55651 0 0.274332 -0 0 -1 -0.070229 -0.55651 -0.830841 0 2.83144 0 0 0 1 960 960 
83 1.80105 2.20481 -0.0767225 -0.832737 0.553669 0 0.279068 -0 0 -1 -0.0767225 -0.553669 -0.832737 0 2.83321 0 0 0 1 960 960 
84 1.80105 2.20981 -0.0767225 -0.833792 0.552079 0 0.281712 -0 0 -1 -0.0767225 -0.552079 -0.833792 0 2.83684 0 0 0 1 960 960 
85 1.80105 2.21481 -0.0767225 -0.834837 0.550497 0 0.284341 -0 0 -1 -0.0767225 -0.550497 -0.834837 0 2.84048 0 0 0 1 960 960 
86 1.80105 2.21981 -0.0767225 -0.835874 0.548921 0 0.286953 -0 0 -1 -0.0767225 -0.548921 -0.835874 0 2.84411 0 0 0 1 960 960 
87 1.80105 2.22481 -0.0767225 -0.836902 0.547353 0 0.28955 -0 0 -1 -0.0767225 -0.547353 -0.836902 0 2.84775 0 0 0 1 960 960 
88 1.80105 2.22981 -0.0767225 -0.837921 0.545791 0 0.29213 -0 0 -1 -0.0767225 -0.545791 -0.837921 0 2.8514 0 0 0 1 960 960 
89 1.80105 2.23481 -0.0767225 -0.838932 0.544237 0 0.294695 -0 0 -1 -0.0767225 -0.544237 -0.838932 0 2.85505 0 0 0 1 960 960 
90 1.80105 2.23981 -0.0767225 -0.839934 0.542689 0 0.297245 -0 0 -1 -0.0767225 -0.542689 -0.839934 0 2.8587 0 0 0 1 960 960 
91 1.80105 2.24481 -0.0767225 -0.840927 0.541148 0 0.299779 -0 0 -1 -0.0767225 -0.541148 -0.840927 0 2.86235 0 0 0 1 960 960 
92 1.79975 2.24981 -0.0799693 -0.842309 0.538994 0 0.303315 -0 0 -1 -0.0799693 -0.538994 -0.842309 0 2.86509 0 0 0 1 960 960 
93 1.79975 2.25481 -0.0799693 -0.843284 0.537468 0 0.305816 -0 0 -1 -0.0799693 -0.537468 -0.843284 0 2.86875 0 0 0 1 960 960 
94 1.79975 2.25981 -0.0799693 -0.844251 0.535948 0 0.308302 -0 0 -1 -0.0799693 -0.535948 -0.844251 0 2.87242 0 0 0 1 960 960 
95 1.79975 2.26481 -0.0799693 -0.845209 0.534436 0 0.310774 -0 0 -1 -0.0799693 -0.534436 -0.845209 0 2.87609 0 0 0 1 960 960 
96 1.79975 2.26981 -0.0799693 -0.84616 0.53293 0 0.31323 -0 0 -1 -0.0799693 -0.53293 -0.84616 0 2.87976 0 0 0 1 960 960 
97 1.79975 2.27481 -0.0799693 -0.847102 0.531431 0 0.315671 -0 0 -1 -0.0799693 -0.531431 -0.847102 0 2.88344 0 0 0 1 960 960 
98 1.80105 2.27981 -0.0767225 -0.847649 0.530557 0 0.317093 -0 0 -1 -0.0767225 -0.530557 -0.847649 0 2.88804 0 0 0 1 960 960 
99 1.80105 2.28481 -0.0767225 -0.848578 0.529071 0 0.319507 -0 0 -1 -0.0767225 -0.529071 -0.848578 0 2.89172 0 0 0 1 960 960 
100 1.80105 2.28981 -0.0767225 -0.849498 0.527592 0 0.321907 -0 0 -1 -0.0767225 -0.527592 -0.849498 0 2.89541 0 0 0 1 960 960 
101 1.80235 2.29481 -0.0734758 -0.850029 0.526735 0 0.323294 -0 0 -1 -0.0734758 -0.526735 -0.850029 0 2.90001 0 0 0 1 960 960 
102 1.80235 2.29981 -0.0734758 -0.850936 0.525269 0 0.325667 -0 0 -1 -0.0734758 -0.525269 -0.850936 0 2.90371 0 0 0 1 960 960 
103 1.80235 2.30481 -0.0734758 -0.851836 0.523809 0 0.328026 -0 0 -1 -0.0734758 -0.523809 -0.851836 0 2.9074 0 0 0 1 960 960 
104 1.80235 2.30981 -0.0734758 -0.852728 0.522356 0 0.330372 -0 0 -1 -0.0734758 -0.522356 -0.852728 0 2.9111 0 0 0 1 960 960 
105 1.80235 2.31481 -0.0734758 -0.853612 0.520909 0 0.332703 -0 0 -1 -0.0734758 -0.520909 -0.853612 0 2.91481 0 0 0 1 960 960 
106 1.80235 2.31981 -0.0734758 -0.854489 0.519469 0 0.33502 -0 0 -1 -0.0734758 -0.519469 -0.854489 0 2.91851 0 0 0 1 960 960 
107 1.80235 2.32481 -0.0734758 -0.855359 0.518035 0 0.337324 -0 0 -1 -0.0734758 -0.518035 -0.855359 0 2.92222 0 0 0 1 960 960 
108 1.80235 2.32981 -0.0734758 -0.856222 0.516608 0 0.339614 -0 0 -1 -0.0734758 -0.516608 -0.856222 0 2.92594 0 0 0 1 960 960 
109 1.80235 2.33481 -0.0734758 -0.857078 0.515187 0 0.34189 -0 0 -1 -0.0734758 -0.515187 -0.857078 0 2.92966 0 0 0 1 960 960 
110 1.80365 2.33981 -0.070229 -0.85756 0.514385 0 0.343175 -0 0 -1 -0.070229 -0.514385 -0.85756 0 2.93429 0 0 0 1 960 960 
111 1.80365 2.34481 -0.070229 -0.858403 0.512976 0 0.345427 -0 0 -1 -0.070229 -0.512976 -0.858403 0 2.93802 0 0 0 1 960 960 
112 1.80625 2.34981 -0.0637355 -0.858512 0.512793 0 0.345719 -0 0 -1 -0.0637355 -0.512793 -0.858512 0 2.94357 0 0 0 1 960 960 
113 1.80625 2.35481 -0.0637355 -0.859345 0.511396 0 0.347949 -0 0 -1 -0.0637355 -0.511396 -0.859345 0 2.9473 0 0 0 1 960 960 
114 1.80754 2.35981 -0.0604888 -0.859811 0.510613 0 0.349198 -0 0 -1 -0.0604888 -0.510613 -0.859811 0 2.95194 0 0 0 1 960 960 
115 1.80754 2.36481 -0.0604888 -0.860632 0.509228 0 0.351403 -0 0 -1 -0.0604888 -0.509228 -0.860632 0 2.95568 0 0 0 1 960 960 
116 1.80754 2.36981 -0.0604888 -0.861446 0.507849 0 0.353596 -0 0 -1 -0.0604888 -0.507849 -0.861446 0 2.95942 0 0 0 1 960 960 
117 1.80754 2.37481 -0.0604888 -0.862254 0.506477 0 0.355777 -0 0 -1 -0.0604888 -0.506477 -0.862254 0 2.96316 0 0 0 1 960 960 
118 1.80754 2.37981 -0.0604888 -0.863055 0.50511 0 0.357944 -0 0 -1 -0.0604888 -0.50511 -0.863055 0 2.96691 0 0 0 1 960 960 
119 1.80884 2.38481 -0.057242 -0.863497 0.504354 0 0.359142 -0 0 -1 -0.057242 -0.504354 -0.863497 0 2.97157 0 0 0 1 960 960 
120 1.80884 2.38981 -0.057242 -0.864287 0.503 0 0.361287 -0 0 -1 -0.057242 -0.503 -0.864287 0 2.97532 0 0 0 1 960 960 
121 1.80884 2.39481 -0.057242 -0.86507 0.501651 0 0.363419 -0 0 -1 -0.057242 -0.501651 -0.86507 0 2.97908 0 0 0 1 960 960 
122 1.80884 2.39981 -0.057242 -0.865847 0.500308 0 0.365539 -0 0 -1 -0.057242 -0.500308 -0.865847 0 2.98284 0 0 0 1 960 960 
123 1.81014 2.40481 -0.0539953 -0.866272 0.499573 0 0.366699 -0 0 -1 -0.0539953 -0.499573 -0.866272 0 2.98751 0 0 0 1 960 960 
124 1.81014 2.40981 -0.0539953 -0.867038 0.498241 0 0.368797 -0 0 -1 -0.0539953 -0.498241 -0.867038 0 2.99128 0 0 0 1 960 960 
125 1.81014 2.41481 -0.0539953 -0.867799 0.496916 0 0.370883 -0 0 -1 -0.0539953 -0.496916 -0.867799 0 2.99505 0 0 0 1 960 960 
126 1.81014 2.41981 -0.0539953 -0.868553 0.495596 0 0.372957 -0 0 -1 -0.0539953 -0.495596 -0.868553 0 2.99883 0 0 0 1 960 960 
127 1.81014 2.42481 -0.0539953 -0.869301 0.494283 0 0.375019 -0 0 -1 -0.0539953 -0.494283 -0.869301 0 3.00261 0 0 0 1 960 960 
128 1.81014 2.42981 -0.0539953 -0.870044 0.492975 0 0.377069 -0 0 -1 -0.0539953 -0.492975 -0.870044 0 3.00639 0 0 0 1 960 960 
129 1.81014 2.43481 -0.0539953 -0.87078 0.491673 0 0.379108 -0 0 -1 -0.0539953 -0.491673 -0.87078 0 3.01018 0 0 0 1 960 960 
130 1.81014 2.43981 -0.0539953 -0.871511 0.490376 0 0.381134 -0 0 -1 -0.0539953 -0.490376 -0.871511 0 3.01397 0 0 0 1 960 960 
131 1.81144 2.44481 -0.0507485 -0.871901 0.489682 0 0.382219 -0 0 -1 -0.0507485 -0.489682 -0.871901 0 3.01866 0 0 0 1 960 960 
132 1.81144 2.44981 -0.0507485 -0.872622 0.488396 0 0.384225 -0 0 -1 -0.0507485 -0.488396 -0.872622 0 3.02245 0 0 0 1 960 960 
133 1.81404 2.45481 -0.044255 -0.872673 0.488305 0 0.384369 -0 0 -1 -0.044255 -0.488305 -0.872673 0 3.02805 0 0 0 1 960 960 
134 1.81404 2.45981 -0.044255 -0.873386 0.487029 0 0.386356 -0 0 -1 -0.044255 -0.487029 -0.873386 0 3.03185 0 0 0 1 960 960 
135 1.81404 2.46481 -0.044255 -0.874092 0.48576 0 0.388333 -0 0 -1 -0.044255 -0.48576 -0.874092 0 3.03565 0 0 0 1 960 960 
136 1.81534 2.46981 -0.0410082 -0.874466 0.485087 0 0.389379 -0 0 -1 -0.0410082 -0.485087 -0.874466 0 3.04036 0 0 0 1 960 960 
137 1.81534 2.47481 -0.0410082 -0.875163 0.483828 0 0.391336 -0 0 -1 -0.0410082 -0.483828 -0.875163 0 3.04417 0 0 0 1 960 960 
138 1.81534 2.47981 -0.0410082 -0.875855 0.482574 0 0.393281 -0 0 -1 -0.0410082 -0.482574 -0.875855 0 3.04799 0 0 0 1 960 960 
139 1.81534 2.48481 -0.0410082 -0.876542 0.481326 0 0.395216 -0 0 -1 -0.0410082 -0.481326 -0.876542 0 3.0518 0 0 0 1 960 960 
140 1.81534 2.48981 -0.0410082 -0.877223 0.480084 0 0.397139 -0 0 -1 -0.0410082 -0.480084 -0.877223 0 3.05563 0 0 0 1 960 960 
141 1.81534 2.49481 -0.0410082 -0.877899 0.478846 0 0.399052 -0 0 -1 -0.0410082 -0.478846 -0.877899 0 3.05945 0 0 0 1 960 960 
142 1.81534 2.49981 -0.0410082 -0.878569 0.477615 0 0.400955 -0 0 -1 -0.0410082 -0.477615 -0.878569 0 3.06328 0 0 0 1 960 960 
143 1.81534 2.50481 -0.0410082 -0.879235 0.476388 0 0.402847 -0 0 -1 -0.0410082 -0.476388 -0.879235 0 3.06712 0 0 0 1 960 960 
144 1.81534 2.50981 -0.0410082 -0.879895 0.475167 0 0.404728 -0 0 -1 -0.0410082 -0.475167 -0.879895 0 3.07096 0 0 0 1 960 960 
145 1.81663 2.51481 -0.0377615 -0.880236 0.474537 0 0.405699 -0 0 -1 -0.0377615 -0.474537 -0.880236 0 3.07568 0 0 0 1 960 960 
146 1.81793 2.51981 -0.0345147 -0.880574 0.47391 0 0.406664 -0 0 -1 -0.0345147 -0.47391 -0.880574 0 3.08041 0 0 0 1 960 960 
147 1.81923 2.52481 -0.031268 -0.880909 0.473286 0 0.407623 -0 0 -1 -0.031268 -0.473286 -0.880909 0 3.08514 0 0 0 1 960 960 
148 1.81923 2.52981 -0.031268 -0.881554 0.472084 0 0.409469 -0 0 -1 -0.031268 -0.472084 -0.881554 0 3.08899 0 0 0 1 960 960 
149 1.82053 2.53481 -0.0280212 -0.881883 0.471468 0 0.410415 -0 0 -1 -0.0280212 -0.471468 -0.881883 0 3.09372 0 0 0 1 960 960 
150 1.82183 2.53981 -0.0247745 -0.88221 0.470856 0 0.411355 -0 0 -1 -0.0247745 -0.470856 -0.88221 0 3.09846 0 0 0 1 960 960 
151 1.82183 2.54481 -0.0247745 -0.882843 0.469668 0 0.413175 -0 0 -1 -0.0247745 -0.469668 -0.882843 0 3.10232 0 0 0 1 960 960 
152 1.82313 2.54981 -0.0215277 -0.883164 0.469064 0 0.414101 -0 0 -1 -0.0215277 -0.469064 -0.883164 0 3.10706 0 0 0 1 960 960 
153 1.82313 2.55481 -0.0215277 -0.883789 0.467886 0 0.415903 -0 0 -1 -0.0215277 -0.467886 -0.883789 0 3.11092 0 0 0 1 960 960 
154 1.82313 2.55981 -0.0215277 -0.884409 0.466713 0 0.417696 -0 0 -1 -0.0215277 -0.466713 -0.884409 0 3.11479 0 0 0 1 960 960 
155 1.82313 2.56481 -0.0215277 -0.885024 0.465545 0 0.419479 -0 0 -1 -0.0215277 -0.465545 -0.885024 0 3.11866 0 0 0 1 960 960 
156 1.82313 2.56981 -0.0215277 -0.885635 0.464383 0 0.421252 -0 0 -1 -0.0215277 -0.464383 -0.885635 0 3.12254 0 0 0 1 960 960 
157 1.82313 2.57481 -0.0215277 -0.886241 0.463225 0 0.423016 -0 0 -1 -0.0215277 -0.463225 -0.886241 0 3.12642 0 0 0 1 960 960 
158 1.82313 2.57981 -0.0215277 -0.886842 0.462072 0 0.42477 -0 0 -1 -0.0215277 -0.462072 -0.886842 0 3.1303 0 0 0 1 960 960 
159 1.82313 2.58481 -0.0215277 -0.887439 0.460925 0 0.426514 -0 0 -1 -0.0215277 -0.460925 -0.887439 0 3.13418 0 0 0 1 960 960 
160 1.82313 2.58981 -0.0215277 -0.888032 0.459782 0 0.42825 -0 0 -1 -0.0215277 -0.459782 -0.888032 0 3.13807 0 0 0 1 960 960 
161 1.82313 2.59481 -0.0215277 -0.88862 0.458644 0 0.429976 -0 0 -1 -0.0215277 -0.458644 -0.88862 0 3.14196 0 0 0 1 960 960 
162 1.82313 2.59981 -0.0215277 -0.889204 0.457511 0 0.431693 -0 0 -1 -0.0215277 -0.457511 -0.889204 0 3.14586 0 0 0 1 960 960 
163 1.82313 2.60481 -0.0215277 -0.889784 0.456383 0 0.433401 -0 0 -1 -0.0215277 -0.456383 -0.889784 0 3.14976 0 0 0 1 960 960 
164 1.82313 2.60981 -0.0215277 -0.890359 0.455259 0 0.435099 -0 0 -1 -0.0215277 -0.455259 -0.890359 0 3.15366 0 0 0 1 960 960 
165 1.82183 2.61481 -0.0247745 -0.89122 0.453572 0 0.437648 -0 0 -1 -0.0247745 -0.453572 -0.89122 0 3.1567 0 0 0 1 960 960 
166 1.82183 2.61981 -0.0247745 -0.891785 0.452459 0 0.439327 -0 0 -1 -0.0247745 -0.452459 -0.891785 0 3.16061 0 0 0 1 960 960 
167 1.82183 2.62481 -0.0247745 -0.892347 0.45135 0 0.440996 -0 0 -1 -0.0247745 -0.45135 -0.892347 0 3.16452 0 0 0 1 960 960 
168 1.82053 2.62981 -0.0280212 -0.89319 0.449679 0 0.443511 -0 0 -1 -0.0280212 -0.449679 -0.89319 0 3.16757 0 0 0 1 960 960 
169 1.82053 2.63481 -0.0280212 -0.893742 0.448581 0 0.445161 -0 0 -1 -0.0280212 -0.448581 -0.893742 0 3.17149 0 0 0 1 960 960 
170 1.82053 2.63981 -0.0280212 -0.89429 0.447487 0 0.446803 -0 0 -1 -0.0280212 -0.447487 -0.89429 0 3.17542 0 0 0 1 960 960 
171 1.82053 2.64481 -0.0280212 -0.894834 0.446399 0 0.448436 -0 0 -1 -0.0280212 -0.446399 -0.894834 0 3.17935 0 0 0 1 960 960 
172 1.82053 2.64981 -0.0280212 -0.895374 0.445314 0 0.45006 -0 0 -1 -0.0280212 -0.445314 -0.895374 0 3.18328 0 0 0 1 960 960 
173 1.82053 2.65481 -0.0280212 -0.895911 0.444235 0 0.451676 -0 0 -1 -0.0280212 -0.444235 -0.895911 0 3.18721 0 0 0 1 960 960 
174 1.82053 2.65981 -0.0280212 -0.896443 0.44316 0 0.453283 -0 0 -1 -0.0280212 -0.44316 -0.896443 0 3.19115 0 0 0 1 960 960 
175 1.81923 2.66481 -0.031268 -0.897249 0.441526 0 0.455723 -0 0 -1 -0.031268 -0.441526 -0.897249 0 3.19423 0 0 0 1 960 960 
176 1.81923 2.66981 -0.031268 -0.897772 0.440461 0 0.457311 -0 0 -1 -0.031268 -0.440461 -0.897772 0 3.19818 0 0 0 1 960 960 
177 1.81793 2.67481 -0.0345147 -0.898566 0.438837 0 0.459729 -0 0 -1 -0.0345147 -0.438837 -0.898566 0 3.20127 0 0 0 1 960 960 
178 1.81793 2.67981 -0.0345147 -0.899081 0.437782 0 0.461299 -0 0 -1 -0.0345147 -0.437782 -0.899081 0 3.20522 0 0 0 1 960 960 
179 1.81793 2.68481 -0.0345147 -0.899592 0.436731 0 0.462862 -0 0 -1 -0.0345147 -0.436731 -0.899592 0 3.20918 0 0 0 1 960 960 
180 1.81793 2.68981 -0.0345147 -0.9001 0.435684 0 0.464416 -0 0 -1 -0.0345147 -0.435684 -0.9001 0 3.21314 0 0 0 1 960 960 
181 1.81793 2.69481 -0.0345147 -0.900603 0.434642 0 0.465962 -0 0 -1 -0.0345147 -0.434642 -0.900603 0 3.2171 0 0 0 1 960 960 
182 1.81663 2.69981 -0.0377615 -0.901372 0.433045 0 0.468328 -0 0 -1 -0.0377615 -0.433045 -0.901372 0 3.22021 0 0 0 1 960 960 
183 1.81663 2.70481 -0.0377615 -0.901868 0.432012 0 0.469856 -0 0 -1 -0.0377615 -0.432012 -0.901868 0 3.22419 0 0 0 1 960 960 
184 1.81534 2.70981 -0.0410082 -0.902626 0.430425 0 0.472201 -0 0 -1 -0.0410082 -0.430425 -0.902626 0 3.22731 0 0 0 1 960 960 
185 1.81534 2.71481 -0.0410082 -0.903114 0.429402 0 0.473712 -0 0 -1 -0.0410082 -0.429402 -0.903114 0 3.23129 0 0 0 1 960 960 
186 1.81534 2.71981 -0.0410082 -0.903597 0.428383 0 0.475214 -0 0 -1 -0.0410082 -0.428383 -0.903597 0 3.23527 0 0 0 1 960 960 
187 1.81534 2.72481 -0.0410082 -0.904078 0.427368 0 0.47671 -0 0 -1 -0.0410082 -0.427368 -0.904078 0 3.23925 0 0 0 1 960 960 
188 1.81534 2.72981 -0.0410082 -0.904555 0.426358 0 0.478197 -0 0 -1 -0.0410082 -0.426358 -0.904555 0 3.24324 0 0 0 1 960 960 
189 1.81534 2.73481 -0.0410082 -0.905028 0.425351 0 0.479677 -0 0 -1 -0.0410082 -0.425351 -0.905028 0 3.24723 0 0 0 1 960 960 
190 1.81534 2.73981 -0.0410082 -0.905499 0.424349 0 0.481149 -0 0 -1 -0.0410082 -0.424349 -0.905499 0 3.25123 0 0 0 1 960 960 
191 1.81404 2.74481 -0.044255 -0.906224 0.422798 0 0.483426 -0 0 -1 -0.044255 -0.422798 -0.906224 0 3.25438 0 0 0 1 960 960 
192 1.81404 2.74981 -0.044255 -0.906687 0.421805 0 0.484882 -0 0 -1 -0.044255 -0.421805 -0.906687 0 3.25838 0 0 0 1 960 960 
193 1.81274 2.75481 -0.0475018 -0.907402 0.420263 0 0.487139 -0 0 -1 -0.0475018 -0.420263 -0.907402 0 3.26154 0 0 0 1 960 960 
194 1.81274 2.75981 -0.0475018 -0.907857 0.419279 0 0.488578 -0 0 -1 -0.0475018 -0.419279 -0.907857 0 3.26555 0 0 0 1 960 960 
195 1.81274 2.76481 -0.0475018 -0.908309 0.4183 0 0.490009 -0 0 -1 -0.0475018 -0.4183 -0.908309 0 3.26957 0 0 0 1 960 960 
196 1.81274 2.76981 -0.0475018 -0.908758 0.417324 0 0.491434 -0 0 -1 -0.0475018 -0.417324 -0.908758 0 3.27358 0 0 0 1 960 960 
197 1.81274 2.77481 -0.0475018 -0.909203 0.416352 0 0.492851 -0 0 -1 -0.0475018 -0.416352 -0.909203 0 3.2776 0 0 0 1 960 960 
198 1.81274 2.77981 -0.0475018 -0.909646 0.415385 0 0.494261 -0 0 -1 -0.0475018 -0.415385 -0.909646 0 3.28162 0 0 0 1 960 960 
199 1.81274 2.78481 -0.0475018 -0.910085 0.414421 0 0.495664 -0 0 -1 -0.0475018 -0.414421 -0.910085 0 3.28565 0 0 0 1 960 960 
200 1.81274 2.78981 -0.0475018 -0.910522 0.413462 0 0.49706 -0 0 -1 -0.0475018 -0.413462 -0.910522 0 3.28968 0 0 0 1 960 960 
201 1.81274 2.79481 -0.0475018 -0.910955 0.412506 0 0.498449 -0 0 -1 -0.0475018 -0.412506 -0.910955 0 3.29371 0 0 0 1 960 960 
202 1.81274 2.79981 -0.0475018 -0.911385 0.411554 0 0.499831 -0 0 -1 -0.0475018 -0.411554 -0.911385 0 3.29774 0 0 0 1 960 960 
203 1.81274 2.80481 -0.0475018 -0.911813 0.410607 0 0.501206 -0 0 -1 -0.0475018 -0.410607 -0.911813 0 3.30178 0 0 0 1 960 960 
204 1.81274 2.80981 -0.0475018 -0.912237 0.409663 0 0.502574 -0 0 -1 -0.0475018 -0.409663 -0.912237 0 3.30582 0 0 0 1 960 960 
205 1.81274 2.81481 -0.0475018 -0.912659 0.408723 0 0.503936 -0 0 -1 -0.0475018 -0.408723 -0.912659 0 3.30986 0 0 0 1 960 960 
206 1.81274 2.81981 -0.0475018 -0.913077 0.407787 0 0.50529 -0 0 -1 -0.0475018 -0.407787 -0.913077 0 3.31391 0 0 0 1 960 960 
207 1.81274 2.82481 -0.0475018 -0.913493 0.406855 0 0.506638 -0 0 -1 -0.0475018 -0.406855 -0.913493 0 3.31796 0 0 0 1 960 960 
208 1.81274 2.82981 -0.0475018 -0.913906 0.405926 0 0.507979 -0 0 -1 -0.0475018 -0.405926 -0.913906 0 3.32201 0 0 0 1 960 960 
209 1.81274 2.83481 -0.0475018 -0.914316 0.405002 0 0.509314 -0 0 -1 -0.0475018 -0.405002 -0.914316 0 3.32607 0 0 0 1 960 960 
210 1.81274 2.83981 -0.0475018 -0.914723 0.404081 0 0.510642 -0 0 -1 -0.0475018 -0.404081 -0.914723 0 3.33013 0 0 0 1 960 960 
211 1.81274 2.84481 -0.0475018 -0.915128 0.403164 0 0.511964 -0 0 -1 -0.0475018 -0.403164 -0.915128 0 3.33419 0 0 0 1 960 960 
212 1.81274 2.84981 -0.0475018 -0.915529 0.402251 0 0.513279 -0 0 -1 -0.0475018 -0.402251 -0.915529 0 3.33826 0 0 0 1 960 960 
213 1.81274 2.85481 -0.0475018 -0.915929 0.401341 0 0.514587 -0 0 -1 -0.0475018 -0.401341 -0.915929 0 3.34233 0 0 0 1 960 960 
214 1.81274 2.85981 -0.0475018 -0.916325 0.400436 0 0.515889 -0 0 -1 -0.0475018 -0.400436 -0.916325 0 3.3464 0 0 0 1 960 960 
215 1.81404 2.86481 -0.044255 -0.916485 0.40007 0 0.516415 -0 0 -1 -0.044255 -0.40007 -0.916485 0 3.35129 0 0 0 1 960 960 
216 1.81534 2.86981 -0.0410082 -0.916643 0.399706 0 0.516938 -0 0 -1 -0.0410082 -0.399706 -0.916643 0 3.35619 0 0 0 1 960 960 
217 1.81534 2.87481 -0.0410082 -0.917034 0.39881 0 0.518224 -0 0 -1 -0.0410082 -0.39881 -0.917034 0 3.36027 0 0 0 1 960 960 
218 1.81534 2.87981 -0.0410082 -0.917421 0.397917 0 0.519504 -0 0 -1 -0.0410082 -0.397917 -0.917421 0 3.36435 0 0 0 1 960 960 
219 1.81534 2.88481 -0.0410082 -0.917807 0.397028 0 0.520779 -0 0 -1 -0.0410082 -0.397028 -0.917807 0 3.36843 0 0 0 1 960 960 
220 1.81663 2.88981 -0.0377615 -0.917959 0.396674 0 0.521285 -0 0 -1 -0.0377615 -0.396674 -0.917959 0 3.37334 0 0 0 1 960 960 
221 1.81663 2.89481 -0.0377615 -0.91834 0.395792 0 0.522549 -0 0 -1 -0.0377615 -0.395792 -0.91834 0 3.37743 0 0 0 1 960 960 
222 1.81663 2.89981 -0.0377615 -0.918719 0.394913 0 0.523806 -0 0 -1 -0.0377615 -0.394913 -0.918719 0 3.38152 0 0 0 1 960 960 
223 1.81793 2.90481 -0.0345147 -0.918867 0.394566 0 0.524301 -0 0 -1 -0.0345147 -0.394566 -0.918867 0 3.38643 0 0 0 1 960 960 
224 1.81923 2.90981 -0.031268 -0.919015 0.394222 0 0.524794 -0 0 -1 -0.031268 -0.394222 -0.919015 0 3.39134 0 0 0 1 960 960 
225 1.81923 2.91481 -0.031268 -0.919388 0.393352 0 0.526036 -0 0 -1 -0.031268 -0.393352 -0.919388 0 3.39544 0 0 0 1 960 960 
226 1.81923 2.91981 -0.031268 -0.919758 0.392485 0 0.527273 -0 0 -1 -0.031268 -0.392485 -0.919758 0 3.39954 0 0 0 1 960 960 
227 1.81923 2.92481 -0.031268 -0.920126 0.391622 0 0.528504 -0 0 -1 -0.031268 -0.391622 -0.920126 0 3.40364 0 0 0 1 960 960 
228 1.81923 2.92981 -0.031268 -0.920491 0.390763 0 0.529729 -0 0 -1 -0.031268 -0.390763 -0.920491 0 3.40775 0 0 0 1 960 960 
229 1.81923 2.93481 -0.031268 -0.920854 0.389907 0 0.530948 -0 0 -1 -0.031268 -0.389907 -0.920854 0 3.41186 0 0 0 1 960 960 
230 1.81923 2.93981 -0.031268 -0.921215 0.389054 0 0.532161 -0 0 -1 -0.031268 -0.389054 -0.921215 0 3.41597 0 0 0 1 960 960 
231 1.81923 2.94481 -0.031268 -0.921573 0.388204 0 0.533369 -0 0 -1 -0.031268 -0.388204 -0.921573 0 3.42009 0 0 0 1 960 960 
232 1.81923 2.94981 -0.031268 -0.921929 0.387359 0 0.534571 -0 0 -1 -0.031268 -0.387359 -0.921929 0 3.42421 0 0 0 1 960 960 
233 1.81793 2.95481 -0.0345147 -0.922501 0.385995 0 0.536507 -0 0 -1 -0.0345147 -0.385995 -0.922501 0 3.42752 0 0 0 1 960 960 
234 1.81793 2.95981 -0.0345147 -0.922851 0.385156 0 0.537695 -0 0 -1 -0.0345147 -0.385156 -0.922851 0 3.43165 0 0 0 1 960 960 
235 1.81793 2.96481 -0.0345147 -0.9232 0.384321 0 0.538879 -0 0 -1 -0.0345147 -0.384321 -0.9232 0 3.43578 0 0 0 1 960 960 
236 1.81793 2.96981 -0.0345147 -0.923545 0.383489 0 0.540057 -0 0 -1 -0.0345147 -0.383489 -0.923545 0 3.43991 0 0 0 1 960 960 
237 1.81793 2.97481 -0.0345147 -0.923889 0.38266 0 0.541229 -0 0 -1 -0.0345147 -0.38266 -0.923889 0 3.44404 0 0 0 1 960 960 
238 1.81793 2.97981 -0.0345147 -0.924231 0.381835 0 0.542396 -0 0 -1 -0.0345147 -0.381835 -0.924231 0 3.44818 0 0 0 1 960 960 
239 1.81793 2.98481 -0.0345147 -0.92457 0.381013 0 0.543557 -0 0 -1 -0.0345147 -0.381013 -0.92457 0 3.45232 0 0 0 1 960 960 
240 1.81793 2.98981 -0.0345147 -0.924907 0.380194 0 0.544713 -0 0 -1 -0.0345147 -0.380194 -0.924907 0 3.45646 0 0 0 1 960 960 
241 1.81793 2.99481 -0.0345147 -0.925242 0.379378 0 0.545863 -0 0 -1 -0.0345147 -0.379378 -0.925242 0 3.4606 0 0 0 1 960 960 
242 1.81793 2.99981 -0.0345147 -0.925574 0.378566 0 0.547009 -0 0 -1 -0.0345147 -0.378566 -0.925574 0 3.46475 0 0 0 1 960 960 
243 1.81793 3.00481 -0.0345147 -0.925905 0.377757 0 0.548148 -0 0 -1 -0.0345147 -0.377757 -0.925905 0 3.4689 0 0 0 1 960 960 
244 1.81793 3.00981 -0.0345147 -0.926233 0.37695 0 0.549283 -0 0 -1 -0.0345147 -0.37695 -0.926233 0 3.47305 0 0 0 1 960 960 
245 1.81793 3.01481 -0.0345147 -0.92656 0.376148 0 0.550412 -0 0 -1 -0.0345147 -0.376148 -0.92656 0 3.47721 0 0 0 1 960 960 
246 1.81793 3.01981 -0.0345147 -0.926884 0.375348 0 0.551536 -0 0 -1 -0.0345147 -0.375348 -0.926884 0 3.48137 0 0 0 1 960 960 
247 1.81793 3.02481 -0.0345147 -0.927206 0.374551 0 0.552655 -0 0 -1 -0.0345147 -0.374551 -0.927206 0 3.48553 0 0 0 1 960 960 
248 1.81793 3.02981 -0.0345147 -0.927527 0.373757 0 0.553769 -0 0 -1 -0.0345147 -0.373757 -0.927527 0 3.48969 0 0 0 1 960 960 
249 1.81793 3.03481 -0.0345147 -0.927845 0.372967 0 0.554878 -0 0 -1 -0.0345147 -0.372967 -0.927845 0 3.49386 0 0 0 1 960 960 
250 1.81793 3.03981 -0.0345147 -0.928161 0.372179 0 0.555981 -0 0 -1 -0.0345147 -0.372179 -0.928161 0 3.49803 0 0 0 1 960 960 
251 1.81793 3.04481 -0.0345147 -0.928475 0.371395 0 0.55708 -0 0 -1 -0.0345147 -0.371395 -0.928475 0 3.5022 0 0 0 1 960 960 
252 1.81793 3.04981 -0.0345147 -0.928787 0.370614 0 0.558174 -0 0 -1 -0.0345147 -0.370614 -0.928787 0 3.50637 0 0 0 1 960 960 
253 1.81793 3.05481 -0.0345147 -0.929097 0.369835 0 0.559262 -0 0 -1 -0.0345147 -0.369835 -0.929097 0 3.51055 0 0 0 1 960 960 
254 1.81793 3.05981 -0.0345147 -0.929406 0.36906 0 0.560346 -0 0 -1 -0.0345147 -0.36906 -0.929406 0 3.51473 0 0 0 1 960 960 
255 1.81793 3.06481 -0.0345147 -0.929712 0.368288 0 0.561424 -0 0 -1 -0.0345147 -0.368288 -0.929712 0 3.51891 0 0 0 1 960 960 
256 1.81793 3.06981 -0.0345147 -0.930016 0.367518 0 0.562498 -0 0 -1 -0.0345147 -0.367518 -0.930016 0 3.52309 0 0 0 1 960 960 
257 1.81793 3.07481 -0.0345147 -0.930319 0.366752 0 0.563567 -0 0 -1 -0.0345147 -0.366752 -0.930319 0 3.52728 0 0 0 1 960 960 
258 1.81793 3.07981 -0.0345147 -0.930619 0.365988 0 0.564631 -0 0 -1 -0.0345147 -0.365988 -0.930619 0 3.53147 0 0 0 1 960 960 
259 1.81793 3.08481 -0.0345147 -0.930918 0.365228 0 0.56569 -0 0 -1 -0.0345147 -0.365228 -0.930918 0 3.53566 0 0 0 1 960 960 
260 1.81793 3.08981 -0.0345147 -0.931215 0.36447 0 0.566745 -0 0 -1 -0.0345147 -0.36447 -0.931215 0 3.53986 0 0 0 1 960 960 
261 1.81793 3.09481 -0.0345147 -0.93151 0.363715 0 0.567795 -0 0 -1 -0.0345147 -0.363715 -0.93151 0 3.54405 0 0 0 1 960 960 
262 1.81793 3.09981 -0.0345147 -0.931803 0.362964 0 0.56884 -0 0 -1 -0.0345147 -0.362964 -0.931803 0 3.54825 0 0 0 1 960 960 
263 1.81923 3.10481 -0.031268 -0.9319 0.362714 0 0.569186 -0 0 -1 -0.031268 -0.362714 -0.9319 0 3.55323 0 0 0 1 960 960 
264 1.81923 3.10981 -0.031268 -0.932191 0.361967 0 0.570224 -0 0 -1 -0.031268 -0.361967 -0.932191 0 3.55744 0 0 0 1 960 960 
265 1.81923 3.11481 -0.031268 -0.932479 0.361223 0 0.571256 -0 0 -1 -0.031268 -0.361223 -0.932479 0 3.56164 0 0 0 1 960 960 
266 1.81793 3.11981 -0.0345147 -0.932958 0.359985 0 0.572974 -0 0 -1 -0.0345147 -0.359985 -0.932958 0 3.56508 0 0 0 1 960 960 
267 1.81793 3.12481 -0.0345147 -0.933242 0.359247 0 0.573995 -0 0 -1 -0.0345147 -0.359247 -0.933242 0 3.56929 0 0 0 1 960 960 
268 1.81793 3.12981 -0.0345147 -0.933525 0.358512 0 0.575013 -0 0 -1 -0.0345147 -0.358512 -0.933525 0 3.5735 0 0 0 1 960 960 
269 1.81793 3.13481 -0.0345147 -0.933806 0.35778 0 0.576026 -0 0 -1 -0.0345147 -0.35778 -0.933806 0 3.57772 0 0 0 1 960 960 
270 1.81663 3.13981 -0.0377615 -0.934274 0.356556 0 0.577718 -0 0 -1 -0.0377615 -0.356556 -0.934274 0 3.58117 0 0 0 1 960 960 
271 1.81663 3.14481 -0.0377615 -0.934551 0.35583 0 0.578721 -0 0 -1 -0.0377615 -0.35583 -0.934551 0 3.58539 0 0 0 1 960 960 
272 1.81663 3.14981 -0.0377615 -0.934826 0.355107 0 0.579719 -0 0 -1 -0.0377615 -0.355107 -0.934826 0 3.58962 0 0 0 1 960 960 
273 1.81663 3.15481 -0.0377615 -0.935099 0.354387 0 0.580712 -0 0 -1 -0.0377615 -0.354387 -0.935099 0 3.59385 0 0 0 1 960 960 
274 1.81663 3.15981 -0.0377615 -0.935371 0.353669 0 0.581702 -0 0 -1 -0.0377615 -0.353669 -0.935371 0 3.59808 0 0 0 1 960 960 
275 1.81534 3.16481 -0.0410082 -0.935826 0.352462 0 0.583364 -0 0 -1 -0.0410082 -0.352462 -0.935826 0 3.60155 0 0 0 1 960 960 
276 1.81534 3.16981 -0.0410082 -0.936094 0.351751 0 0.584343 -0 0 -1 -0.0410082 -0.351751 -0.936094 0 3.60578 0 0 0 1 960 960 
277 1.81534 3.17481 -0.0410082 -0.93636 0.351042 0 0.585318 -0 0 -1 -0.0410082 -0.351042 -0.93636 0 3.61002 0 0 0 1 960 960 
278 1.81534 3.17981 -0.0410082 -0.936624 0.350336 0 0.586289 -0 0 -1 -0.0410082 -0.350336 -0.936624 0 3.61426 0 0 0 1 960 960 
279 1.81404 3.18481 -0.044255 -0.937069 0.349143 0 0.587927 -0 0 -1 -0.044255 -0.349143 -0.937069 0 3.61774 0 0 0 1 960 960 
280 1.81404 3.18981 -0.044255 -0.93733 0.348443 0 0.588888 -0 0 -1 -0.044255 -0.348443 -0.93733 0 3.62199 0 0 0 1 960 960 
281 1.81404 3.19481 -0.044255 -0.937589 0.347745 0 0.589844 -0 0 -1 -0.044255 -0.347745 -0.937589 0 3.62624 0 0 0 1 960 960 
282 1.81404 3.19981 -0.044255 -0.937847 0.34705 0 0.590797 -0 0 -1 -0.044255 -0.34705 -0.937847 0 3.63049 0 0 0 1 960 960 
283 1.81404 3.20481 -0.044255 -0.938103 0.346357 0 0.591745 -0 0 -1 -0.044255 -0.346357 -0.938103 0 3.63474 0 0 0 1 960 960 
284 1.81274 3.20981 -0.0475018 -0.938536 0.345182 0 0.593354 -0 0 -1 -0.0475018 -0.345182 -0.938536 0 3.63824 0 0 0 1 960 960 
285 1.81274 3.21481 -0.0475018 -0.938788 0.344495 0 0.594293 -0 0 -1 -0.0475018 -0.344495 -0.938788 0 3.6425 0 0 0 1 960 960 
286 1.81274 3.21981 -0.0475018 -0.939039 0.343811 0 0.595228 -0 0 -1 -0.0475018 -0.343811 -0.939039 0 3.64676 0 0 0 1 960 960 
287 1.81404 3.22481 -0.044255 -0.939111 0.343613 0 0.595499 -0 0 -1 -0.044255 -0.343613 -0.939111 0 3.65178 0 0 0 1 960 960 
288 1.81404 3.22981 -0.044255 -0.93936 0.342933 0 0.596427 -0 0 -1 -0.044255 -0.342933 -0.93936 0 3.65604 0 0 0 1 960 960 
289 1.81404 3.23481 -0.044255 -0.939607 0.342256 0 0.597351 -0 0 -1 -0.044255 -0.342256 -0.939607 0 3.66031 0 0 0 1 960 960 
290 1.81404 3.23981 -0.044255 -0.939852 0.341581 0 0.598271 -0 0 -1 -0.044255 -0.341581 -0.939852 0 3.66458 0 0 0 1 960 960 
291 1.81404 3.24481 -0.044255 -0.940096 0.340909 0 0.599188 -0 0 -1 -0.044255 -0.340909 -0.940096 0 3.66885 0 0 0 1 960 960 
292 1.81404 3.24981 -0.044255 -0.940339 0.340239 0 0.6001 -0 0 -1 -0.044255 -0.340239 -0.940339 0 3.67313 0 0 0 1 960 960 
293 1.81404 3.25481 -0.044255 -0.94058 0.339571 0 0.601009 -0 0 -1 -0.044255 -0.339571 -0.94058 0 3.6774 0 0 0 1 960 960 
294 1.81274 3.25981 -0.0475018 -0.940992 0.338428 0 0.602565 -0 0 -1 -0.0475018 -0.338428 -0.940992 0 3.68093 0 0 0 1 960 960 
295 1.81274 3.26481 -0.0475018 -0.94123 0.337766 0 0.603464 -0 0 -1 -0.0475018 -0.337766 -0.94123 0 3.68521 0 0 0 1 960 960 
296 1.81144 3.26981 -0.0507485 -0.941637 0.336629 0 0.605009 -0 0 -1 -0.0507485 -0.336629 -0.941637 0 3.68875 0 0 0 1 960 960 
297 1.81144 3.27481 -0.0507485 -0.941872 0.335973 0 0.605899 -0 0 -1 -0.0507485 -0.335973 -0.941872 0 3.69304 0 0 0 1 960 960 
298 1.81144 3.27981 -0.0507485 -0.942105 0.335319 0 0.606786 -0 0 -1 -0.0507485 -0.335319 -0.942105 0 3.69733 0 0 0 1 960 960 
299 1.81144 3.28481 -0.0507485 -0.942336 0.334667 0 0.607669 -0 0 -1 -0.0507485 -0.334667 -0.942336 0 3.70162 0 0 0 1 960 960 
300 1.81014 3.28981 -0.0539953 -0.942735 0.333543 0 0.609192 -0 0 -1 -0.0539953 -0.333543 -0.942735 0 3.70517 0 0 0 1 960 960 
301 1.81014 3.29481 -0.0539953 -0.942963 0.332897 0 0.610067 -0 0 -1 -0.0539953 -0.332897 -0.942963 0 3.70947 0 0 0 1 960 960 
302 1.81014 3.29981 -0.0539953 -0.94319 0.332253 0 0.610937 -0 0 -1 -0.0539953 -0.332253 -0.94319 0 3.71377 0 0 0 1 960 960 
303 1.81014 3.30481 -0.0539953 -0.943416 0.331612 0 0.611805 -0 0 -1 -0.0539953 -0.331612 -0.943416 0 3.71807 0 0 0 1 960 960 
304 1.80884 3.30981 -0.057242 -0.943806 0.3305 0 0.613306 -0 0 -1 -0.057242 -0.3305 -0.943806 0 3.72164 0 0 0 1 960 960 
305 1.80884 3.31481 -0.057242 -0.944029 0.329864 0 0.614165 -0 0 -1 -0.057242 -0.329864 -0.944029 0 3.72594 0 0 0 1 960 960 
306 1.80884 3.31981 -0.057242 -0.94425 0.32923 0 0.61502 -0 0 -1 -0.057242 -0.32923 -0.94425 0 3.73025 0 0 0 1 960 960 
307 1.80884 3.32481 -0.057242 -0.94447 0.328598 0 0.615871 -0 0 -1 -0.057242 -0.328598 -0.94447 0 3.73456 0 0 0 1 960 960 
308 1.80884 3.32981 -0.057242 -0.944688 0.327969 0 0.616719 -0 0 -1 -0.057242 -0.327969 -0.944688 0 3.73887 0 0 0 1 960 960 
309 1.80754 3.33481 -0.0604888 -0.945068 0.326873 0 0.618196 -0 0 -1 -0.0604888 -0.326873 -0.945068 0 3.74246 0 0 0 1 960 960 
310 1.80754 3.33981 -0.0604888 -0.945284 0.326248 0 0.619036 -0 0 -1 -0.0604888 -0.326248 -0.945284 0 3.74677 0 0 0 1 960 960 
311 1.80754 3.34481 -0.0604888 -0.945498 0.325627 0 0.619872 -0 0 -1 -0.0604888 -0.325627 -0.945498 0 3.75109 0 0 0 1 960 960 
312 1.80754 3.34981 -0.0604888 -0.945712 0.325007 0 0.620705 -0 0 -1 -0.0604888 -0.325007 -0.945712 0 3.75541 0 0 0 1 960 960 
313 1.80754 3.35481 -0.0604888 -0.945924 0.32439 0 0.621534 -0 0 -1 -0.0604888 -0.32439 -0.945924 0 3.75974 0 0 0 1 960 960 
314 1.80754 3.35981 -0.0604888 -0.946134 0.323774 0 0.62236 -0 0 -1 -0.0604888 -0.323774 -0.946134 0 3.76406 0 0 0 1 960 960 
315 1.80754 3.36481 -0.0604888 -0.946344 0.323161 0 0.623182 -0 0 -1 -0.0604888 -0.323161 -0.946344 0 3.76839 0 0 0 1 960 960 
316 1.80754 3.36981 -0.0604888 -0.946552 0.322551 0 0.624002 -0 0 -1 -0.0604888 -0.322551 -0.946552 0 3.77272 0 0 0 1 960 960 
317 1.80754 3.37481 -0.0604888 -0.946759 0.321942 0 0.624817 -0 0 -1 -0.0604888 -0.321942 -0.946759 0 3.77705 0 0 0 1 960 960 
318 1.80754 3.37981 -0.0604888 -0.946965 0.321335 0 0.62563 -0 0 -1 -0.0604888 -0.321335 -0.946965 0 3.78139 0 0 0 1 960 960 
319 1.80754 3.38481 -0.0604888 -0.94717 0.320731 0 0.626439 -0 0 -1 -0.0604888 -0.320731 -0.94717 0 3.78572 0 0 0 1 960 960 
320 1.80754 3.38981 -0.0604888 -0.947374 0.320129 0 0.627245 -0 0 -1 -0.0604888 -0.320129 -0.947374 0 3.79006 0 0 0 1 960 960 
321 1.80754 3.39481 -0.0604888 -0.947577 0.319529 0 0.628048 -0 0 -1 -0.0604888 -0.319529 -0.947577 0 3.7944 0 0 0 1 960 960 
322 1.80754 3.39981 -0.0604888 -0.947778 0.318931 0 0.628847 -0 0 -1 -0.0604888 -0.318931 -0.947778 0 3.79874 0 0 0 1 960 960 
323 1.80754 3.40481 -0.0604888 -0.947978 0.318335 0 0.629643 -0 0 -1 -0.0604888 -0.318335 -0.947978 0 3.80309 0 0 0 1 960 960 
324 1.80754 3.40981 -0.0604888 -0.948177 0.317741 0 0.630436 -0 0 -1 -0.0604888 -0.317741 -0.948177 0 3.80743 0 0 0 1 960 960 
325 1.80754 3.41481 -0.0604888 -0.948376 0.31715 0 0.631226 -0 0 -1 -0.0604888 -0.31715 -0.948376 0 3.81178 0 0 0 1 960 960 
326 1.80754 3.41981 -0.0604888 -0.948573 0.31656 0 0.632012 -0 0 -1 -0.0604888 -0.31656 -0.948573 0 3.81613 0 0 0 1 960 960 
327 1.80754 3.42481 -0.0604888 -0.948768 0.315972 0 0.632796 -0 0 -1 -0.0604888 -0.315972 -0.948768 0 3.82048 0 0 0 1 960 960 
328 1.80754 3.42981 -0.0604888 -0.948963 0.315387 0 0.633576 -0 0 -1 -0.0604888 -0.315387 -0.948963 0 3.82484 0 0 0 1 960 960 
329 1.80754 3.43481 -0.0604888 -0.949157 0.314804 0 0.634353 -0 0 -1 -0.0604888 -0.314804 -0.949157 0 3.82919 0 0 0 1 960 960 
330 1.80754 3.43981 -0.0604888 -0.949349 0.314222 0 0.635127 -0 0 -1 -0.0604888 -0.314222 -0.949349 0 3.83355 0 0 0 1 960 960 
331 1.80754 3.44481 -0.0604888 -0.949541 0.313643 0 0.635898 -0 0 -1 -0.0604888 -0.313643 -0.949541 0 3.83791 0 0 0 1 960 960 
332 1.80884 3.44981 -0.057242 -0.949582 0.31352 0 0.636062 -0 0 -1 -0.057242 -0.31352 -0.949582 0 3.84298 0 0 0 1 960 960 
333 1.80884 3.45481 -0.057242 -0.949772 0.312944 0 0.636828 -0 0 -1 -0.057242 -0.312944 -0.949772 0 3.84734 0 0 0 1 960 960 
334 1.80884 3.45981 -0.057242 -0.949961 0.31237 0 0.637591 -0 0 -1 -0.057242 -0.31237 -0.949961 0 3.85171 0 0 0 1 960 960 
335 1.80884 3.46481 -0.057242 -0.950149 0.311798 0 0.638351 -0 0 -1 -0.057242 -0.311798 -0.950149 0 3.85607 0 0 0 1 960 960 
336 1.80884 3.46981 -0.057242 -0.950335 0.311228 0 0.639108 -0 0 -1 -0.057242 -0.311228 -0.950335 0 3.86044 0 0 0 1 960 960 
337 1.80884 3.47481 -0.057242 -0.950521 0.310659 0 0.639862 -0 0 -1 -0.057242 -0.310659 -0.950521 0 3.86481 0 0 0 1 960 960 
338 1.81014 3.47981 -0.0539953 -0.950559 0.310543 0 0.640016 -0 0 -1 -0.0539953 -0.310543 -0.950559 0 3.86989 0 0 0 1 960 960 
339 1.81014 3.48481 -0.0539953 -0.950744 0.309979 0 0.640765 -0 0 -1 -0.0539953 -0.309979 -0.950744 0 3.87426 0 0 0 1 960 960 
340 1.81144 3.48981 -0.0507485 -0.950781 0.309864 0 0.640917 -0 0 -1 -0.0507485 -0.309864 -0.950781 0 3.87934 0 0 0 1 960 960 
341 1.81274 3.49481 -0.0475018 -0.950818 0.30975 0 0.641068 -0 0 -1 -0.0475018 -0.30975 -0.950818 0 3.88442 0 0 0 1 960 960 
342 1.81274 3.49981 -0.0475018 -0.951 0.30919 0 0.64181 -0 0 -1 -0.0475018 -0.30919 -0.951 0 3.8888 0 0 0 1 960 960 
343 1.81274 3.50481 -0.0475018 -0.951182 0.308631 0 0.64255 -0 0 -1 -0.0475018 -0.308631 -0.951182 0 3.89318 0 0 0 1 960 960 
344 1.81274 3.50981 -0.0475018 -0.951362 0.308075 0 0.643287 -0 0 -1 -0.0475018 -0.308075 -0.951362 0 3.89756 0 0 0 1 960 960 
345 1.81274 3.51481 -0.0475018 -0.951541 0.307521 0 0.644021 -0 0 -1 -0.0475018 -0.307521 -0.951541 0 3.90194 0 0 0 1 960 960 
346 1.81274 3.51981 -0.0475018 -0.95172 0.306968 0 0.644752 -0 0 -1 -0.0475018 -0.306968 -0.95172 0 3.90632 0 0 0 1 960 960 
347 1.81274 3.52481 -0.0475018 -0.951897 0.306417 0 0.64548 -0 0 -1 -0.0475018 -0.306417 -0.951897 0 3.91071 0 0 0 1 960 960 
348 1.81404 3.52981 -0.044255 -0.951931 0.306311 0 0.64562 -0 0 -1 -0.044255 -0.306311 -0.951931 0 3.91579 0 0 0 1 960 960 
349 1.81404 3.53481 -0.044255 -0.952107 0.305763 0 0.646344 -0 0 -1 -0.044255 -0.305763 -0.952107 0 3.92018 0 0 0 1 960 960 
350 1.81534 3.53981 -0.0410082 -0.952141 0.305659 0 0.646482 -0 0 -1 -0.0410082 -0.305659 -0.952141 0 3.92527 0 0 0 1 960 960 
351 1.81534 3.54481 -0.0410082 -0.952316 0.305115 0 0.647201 -0 0 -1 -0.0410082 -0.305115 -0.952316 0 3.92966 0 0 0 1 960 960 
352 1.81534 3.54981 -0.0410082 -0.952489 0.304572 0 0.647918 -0 0 -1 -0.0410082 -0.304572 -0.952489 0 3.93405 0 0 0 1 960 960 
353 1.81663 3.55481 -0.0377615 -0.952522 0.30447 0 0.648052 -0 0 -1 -0.0377615 -0.30447 -0.952522 0 3.93914 0 0 0 1 960 960 
354 1.81663 3.55981 -0.0377615 -0.952694 0.30393 0 0.648764 -0 0 -1 -0.0377615 -0.30393 -0.952694 0 3.94354 0 0 0 1 960 960 
355 1.81663 3.56481 -0.0377615 -0.952866 0.303393 0 0.649473 -0 0 -1 -0.0377615 -0.303393 -0.952866 0 3.94793 0 0 0 1 960 960 
356 1.81663 3.56981 -0.0377615 -0.953036 0.302856 0 0.65018 -0 0 -1 -0.0377615 -0.302856 -0.953036 0 3.95233 0 0 0 1 960 960 
357 1.81793 3.57481 -0.0345147 -0.953067 0.302759 0 0.650308 -0 0 -1 -0.0345147 -0.302759 -0.953067 0 3.95743 0 0 0 1 960 960 
358 1.81793 3.57981 -0.0345147 -0.953236 0.302226 0 0.651011 -0 0 -1 -0.0345147 -0.302226 -0.953236 0 3.96183 0 0 0 1 960 960 
359 1.81793 3.58481 -0.0345147 -0.953405 0.301694 0 0.65171 -0 0 -1 -0.0345147 -0.301694 -0.953405 0 3.96623 0 0 0 1 960 960 
360 1.81793 3.58981 -0.0345147 -0.953572 0.301165 0 0.652407 -0 0 -1 -0.0345147 -0.301165 -0.953572 0 3.97064 0 0 0 1 960 960 
361 1.81793 3.59481 -0.0345147 -0.953739 0.300637 0 0.653102 -0 0 -1 -0.0345147 -0.300637 -0.953739 0 3.97504 0 0 0 1 960 960 
362 1.81793 3.59981 -0.0345147 -0.953904 0.300111 0 0.653793 -0 0 -1 -0.0345147 -0.300111 -0.953904 0 3.97945 0 0 0 1 960 960 
363 1.81793 3.60481 -0.0345147 -0.954069 0.299587 0 0.654482 -0 0 -1 -0.0345147 -0.299587 -0.954069 0 3.98386 0 0 0 1 960 960 
364 1.81793 3.60981 -0.0345147 -0.954233 0.299064 0 0.655169 -0 0 -1 -0.0345147 -0.299064 -0.954233 0 3.98827 0 0 0 1 960 960 
365 1.81793 3.61481 -0.0345147 -0.954396 0.298543 0 0.655853 -0 0 -1 -0.0345147 -0.298543 -0.954396 0 3.99269 0 0 0 1 960 960 
366 1.81793 3.61981 -0.0345147 -0.954558 0.298024 0 0.656534 -0 0 -1 -0.0345147 -0.298024 -0.954558 0 3.9971 0 0 0 1 960 960 
367 1.81793 3.62481 -0.0345147 -0.95472 0.297507 0 0.657213 -0 0 -1 -0.0345147 -0.297507 -0.95472 0 4.00152 0 0 0 1 960 960 
368 1.81793 3.62981 -0.0345147 -0.95488 0.296991 0 0.657889 -0 0 -1 -0.0345147 -0.296991 -0.95488 0 4.00594 0 0 0 1 960 960 
369 1.81793 3.63481 -0.0345147 -0.95504 0.296477 0 0.658563 -0 0 -1 -0.0345147 -0.296477 -0.95504 0 4.01036 0 0 0 1 960 960 
370 1.81793 3.63981 -0.0345147 -0.955199 0.295965 0 0.659234 -0 0 -1 -0.0345147 -0.295965 -0.955199 0 4.01478 0 0 0 1 960 960 
371 1.81793 3.64481 -0.0345147 -0.955357 0.295454 0 0.659903 -0 0 -1 -0.0345147 -0.295454 -0.955357 0 4.01921 0 0 0 1 960 960 
372 1.81793 3.64981 -0.0345147 -0.955514 0.294945 0 0.660569 -0 0 -1 -0.0345147 -0.294945 -0.955514 0 4.02363 0 0 0 1 960 960 
373 1.81663 3.65481 -0.0377615 -0.955802 0.294011 0 0.661792 -0 0 -1 -0.0377615 -0.294011 -0.955802 0 4.02738 0 0 0 1 960 960 
374 1.81663 3.65981 -0.0377615 -0.955957 0.293506 0 0.662452 -0 0 -1 -0.0377615 -0.293506 -0.955957 0 4.03181 0 0 0 1 960 960 
375 1.81534 3.66481 -0.0410082 -0.956242 0.292576 0 0.663666 -0 0 -1 -0.0410082 -0.292576 -0.956242 0 4.03557 0 0 0 1 960 960 
376 1.81534 3.66981 -0.0410082 -0.956395 0.292075 0 0.66432 -0 0 -1 -0.0410082 -0.292075 -0.956395 0 4.04 0 0 0 1 960 960 
377 1.81534 3.67481 -0.0410082 -0.956548 0.291575 0 0.664972 -0 0 -1 -0.0410082 -0.291575 -0.956548 0 4.04444 0 0 0 1 960 960 
378 1.81534 3.67981 -0.0410082 -0.956699 0.291078 0 0.665622 -0 0 -1 -0.0410082 -0.291078 -0.956699 0 4.04887 0 0 0 1 960 960 
379 1.81404 3.68481 -0.044255 -0.956979 0.290157 0 0.666821 -0 0 -1 -0.044255 -0.290157 -0.956979 0 4.05264 0 0 0 1 960 960 
380 1.81404 3.68981 -0.044255 -0.957129 0.289663 0 0.667465 -0 0 -1 -0.044255 -0.289663 -0.957129 0 4.05708 0 0 0 1 960 960 
381 1.81404 3.69481 -0.044255 -0.957277 0.289171 0 0.668107 -0 0 -1 -0.044255 -0.289171 -0.957277 0 4.06152 0 0 0 1 960 960 
382 1.81404 3.69981 -0.044255 -0.957426 0.28868 0 0.668746 -0 0 -1 -0.044255 -0.28868 -0.957426 0 4.06597 0 0 0 1 960 960 
383 1.81274 3.70481 -0.0475018 -0.9577 0.287769 0 0.669931 -0 0 -1 -0.0475018 -0.287769 -0.9577 0 4.06974 0 0 0 1 960 960 
384 1.81274 3.70981 -0.0475018 -0.957846 0.287282 0 0.670564 -0 0 -1 -0.0475018 -0.287282 -0.957846 0 4.07419 0 0 0 1 960 960 
385 1.81274 3.71481 -0.0475018 -0.957992 0.286796 0 0.671195 -0 0 -1 -0.0475018 -0.286796 -0.957992 0 4.07864 0 0 0 1 960 960 
386 1.81274 3.71981 -0.0475018 -0.958136 0.286312 0 0.671824 -0 0 -1 -0.0475018 -0.286312 -0.958136 0 4.08309 0 0 0 1 960 960 
387 1.81144 3.72481 -0.0507485 -0.958405 0.285411 0 0.672995 -0 0 -1 -0.0507485 -0.285411 -0.958405 0 4.08688 0 0 0 1 960 960 
388 1.81144 3.72981 -0.0507485 -0.958548 0.28493 0 0.673618 -0 0 -1 -0.0507485 -0.28493 -0.958548 0 4.09133 0 0 0 1 960 960 
389 1.81144 3.73481 -0.0507485 -0.95869 0.284451 0 0.674239 -0 0 -1 -0.0507485 -0.284451 -0.95869 0 4.09579 0 0 0 1 960 960 
390 1.81144 3.73981 -0.0507485 -0.958832 0.283974 0 0.674858 -0 0 -1 -0.0507485 -0.283974 -0.958832 0 4.10025 0 0 0 1 960 960 
391 1.80884 3.74481 -0.057242 -0.959219 0.282664 0 0.676555 -0 0 -1 -0.057242 -0.282664 -0.959219 0 4.10338 0 0 0 1 960 960 
392 1.80884 3.74981 -0.057242 -0.959358 0.282191 0 0.677168 -0 0 -1 -0.057242 -0.282191 -0.959358 0 4.10785 0 0 0 1 960 960 
393 1.80884 3.75481 -0.057242 -0.959497 0.281719 0 0.677778 -0 0 -1 -0.057242 -0.281719 -0.959497 0 4.11231 0 0 0 1 960 960 
394 1.80884 3.75981 -0.057242 -0.959635 0.281249 0 0.678385 -0 0 -1 -0.057242 -0.281249 -0.959635 0 4.11678 0 0 0 1 960 960 
395 1.80884 3.76481 -0.057242 -0.959772 0.280781 0 0.678991 -0 0 -1 -0.057242 -0.280781 -0.959772 0 4.12124 0 0 0 1 960 960 
396 1.80884 3.76981 -0.057242 -0.959908 0.280314 0 0.679595 -0 0 -1 -0.057242 -0.280314 -0.959908 0 4.12571 0 0 0 1 960 960 
397 1.80884 3.77481 -0.057242 -0.960044 0.279848 0 0.680196 -0 0 -1 -0.057242 -0.279848 -0.960044 0 4.13018 0 0 0 1 960 960 
398 1.80754 3.77981 -0.0604888 -0.9603 0.278971 0 0.681329 -0 0 -1 -0.0604888 -0.278971 -0.9603 0 4.134 0 0 0 1 960 960 
399 1.80754 3.78481 -0.0604888 -0.960434 0.278509 0 0.681925 -0 0 -1 -0.0604888 -0.278509 -0.960434 0 4.13847 0 0 0 1 960 960 
400 1.80754 3.78981 -0.0604888 -0.960567 0.278048 0 0.682519 -0 0 -1 -0.0604888 -0.278048 -0.960567 0 4.14295 0 0 0 1 960 960 
401 1.80884 3.79481 -0.057242 -0.960581 0.278001 0 0.68258 -0 0 -1 -0.057242 -0.278001 -0.960581 0 4.14808 0 0 0 1 960 960 
402 1.80884 3.79981 -0.057242 -0.960713 0.277543 0 0.683171 -0 0 -1 -0.057242 -0.277543 -0.960713 0 4.15256 0 0 0 1 960 960 
403 1.80884 3.80481 -0.057242 -0.960845 0.277086 0 0.683759 -0 0 -1 -0.057242 -0.277086 -0.960845 0 4.15703 0 0 0 1 960 960 
404 1.80884 3.80981 -0.057242 -0.960976 0.276631 0 0.684346 -0 0 -1 -0.057242 -0.276631 -0.960976 0 4.16151 0 0 0 1 960 960 
405 1.80884 3.81481 -0.057242 -0.961107 0.276177 0 0.68493 -0 0 -1 -0.057242 -0.276177 -0.961107 0 4.166 0 0 0 1 960 960 
406 1.81014 3.81981 -0.0539953 -0.961119 0.276133 0 0.684986 -0 0 -1 -0.0539953 -0.276133 -0.961119 0 4.17113 0 0 0 1 960 960 
407 1.81014 3.82481 -0.0539953 -0.961249 0.275682 0 0.685567 -0 0 -1 -0.0539953 -0.275682 -0.961249 0 4.17561 0 0 0 1 960 960 
408 1.81014 3.82981 -0.0539953 -0.961378 0.275232 0 0.686146 -0 0 -1 -0.0539953 -0.275232 -0.961378 0 4.1801 0 0 0 1 960 960 
409 1.81014 3.83481 -0.0539953 -0.961506 0.274783 0 0.686724 -0 0 -1 -0.0539953 -0.274783 -0.961506 0 4.18459 0 0 0 1 960 960 
410 1.81014 3.83981 -0.0539953 -0.961634 0.274335 0 0.687299 -0 0 -1 -0.0539953 -0.274335 -0.961634 0 4.18907 0 0 0 1 960 960 
411 1.81014 3.84481 -0.0539953 -0.961761 0.273889 0 0.687872 -0 0 -1 -0.0539953 -0.273889 -0.961761 0 4.19356 0 0 0 1 960 960 
412 1.81014 3.84981 -0.0539953 -0.961888 0.273445 0 0.688443 -0 0 -1 -0.0539953 -0.273445 -0.961888 0 4.19805 0 0 0 1 960 960 
413 1.81014 3.85481 -0.0539953 -0.962014 0.273002 0 0.689012 -0 0 -1 -0.0539953 -0.273002 -0.962014 0 4.20255 0 0 0 1 960 960 
414 1.81014 3.85981 -0.0539953 -0.962139 0.27256 0 0.689579 -0 0 -1 -0.0539953 -0.27256 -0.962139 0 4.20704 0 0 0 1 960 960 
415 1.81144 3.86481 -0.0507485 -0.962149 0.272523 0 0.689626 -0 0 -1 -0.0507485 -0.272523 -0.962149 0 4.21218 0 0 0 1 960 960 
416 1.81144 3.86981 -0.0507485 -0.962274 0.272084 0 0.69019 -0 0 -1 -0.0507485 -0.272084 -0.962274 0 4.21668 0 0 0 1 960 960 
417 1.81144 3.87481 -0.0507485 -0.962397 0.271645 0 0.690752 -0 0 -1 -0.0507485 -0.271645 -0.962397 0 4.22117 0 0 0 1 960 960 
418 1.81144 3.87981 -0.0507485 -0.962521 0.271208 0 0.691312 -0 0 -1 -0.0507485 -0.271208 -0.962521 0 4.22567 0 0 0 1 960 960 
419 1.81144 3.88481 -0.0507485 -0.962643 0.270773 0 0.69187 -0 0 -1 -0.0507485 -0.270773 -0.962643 0 4.23017 0 0 0 1 960 960 
420 1.81144 3.88981 -0.0507485 -0.962765 0.270339 0 0.692427 -0 0 -1 -0.0507485 -0.270339 -0.962765 0 4.23467 0 0 0 1 960 960 
421 1.81144 3.89481 -0.0507485 -0.962887 0.269906 0 0.692981 -0 0 -1 -0.0507485 -0.269906 -0.962887 0 4.23917 0 0 0 1 960 960 
422 1.81144 3.89981 -0.0507485 -0.963008 0.269474 0 0.693533 -0 0 -1 -0.0507485 -0.269474 -0.963008 0 4.24368 0 0 0 1 960 960 
423 1.81144 3.90481 -0.0507485 -0.963128 0.269044 0 0.694084 -0 0 -1 -0.0507485 -0.269044 -0.963128 0 4.24818 0 0 0 1 960 960 
424 1.81144 3.90981 -0.0507485 -0.963248 0.268615 0 0.694633 -0 0 -1 -0.0507485 -0.268615 -0.963248 0 4.25269 0 0 0 1 960 960 
425 1.81144 3.91481 -0.0507485 -0.963367 0.268187 0 0.695179 -0 0 -1 -0.0507485 -0.268187 -0.963367 0 4.2572 0 0 0 1 960 960 
426 1.81144 3.91981 -0.0507485 -0.963485 0.267761 0 0.695724 -0 0 -1 -0.0507485 -0.267761 -0.963485 0 4.26171 0 0 0 1 960 960 
427 1.81144 3.92481 -0.0507485 -0.963603 0.267336 0 0.696267 -0 0 -1 -0.0507485 -0.267336 -0.963603 0 4.26622 0 0 0 1 960 960 
428 1.81144 3.92981 -0.0507485 -0.963721 0.266912 0 0.696808 -0 0 -1 -0.0507485 -0.266912 -0.963721 0 4.27073 0 0 0 1 960 960 
429 1.81144 3.93481 -0.0507485 -0.963838 0.26649 0 0.697348 -0 0 -1 -0.0507485 -0.26649 -0.963838 0 4.27525 0 0 0 1 960 960 
430 1.81144 3.93981 -0.0507485 -0.963954 0.266069 0 0.697885 -0 0 -1 -0.0507485 -0.266069 -0.963954 0 4.27976 0 0 0 1 960 960 
431 1.81144 3.94481 -0.0507485 -0.96407 0.265649 0 0.698421 -0 0 -1 -0.0507485 -0.265649 -0.96407 0 4.28428 0 0 0 1 960 960 
432 1.81144 3.94981 -0.0507485 -0.964185 0.26523 0 0.698955 -0 0 -1 -0.0507485 -0.26523 -0.964185 0 4.28879 0 0 0 1 960 960 
433 1.81014 3.95481 -0.0539953 -0.964408 0.264419 0 0.699989 -0 0 -1 -0.0539953 -0.264419 -0.964408 0 4.29268 0 0 0 1 960 960 
434 1.80884 3.95981 -0.057242 -0.964629 0.26361 0 0.70102 -0 0 -1 -0.057242 -0.26361 -0.964629 0 4.29657 0 0 0 1 960 960 
435 1.80754 3.96481 -0.0604888 -0.96485 0.262802 0 0.702047 -0 0 -1 -0.0604888 -0.262802 -0.96485 0 4.30047 0 0 0 1 960 960 
436 1.80754 3.96981 -0.0604888 -0.964962 0.26239 0 0.702571 -0 0 -1 -0.0604888 -0.26239 -0.964962 0 4.30499 0 0 0 1 960 960 
437 1.80754 3.97481 -0.0604888 -0.965073 0.26198 0 0.703094 -0 0 -1 -0.0604888 -0.26198 -0.965073 0 4.30952 0 0 0 1 960 960 
438 1.80754 3.97981 -0.0604888 -0.965184 0.26157 0 0.703614 -0 0 -1 -0.0604888 -0.26157 -0.965184 0 4.31405 0 0 0 1 960 960 
439 1.80754 3.98481 -0.0604888 -0.965295 0.261162 0 0.704133 -0 0 -1 -0.0604888 -0.261162 -0.965295 0 4.31857 0 0 0 1 960 960 
440 1.80754 3.98981 -0.0604888 -0.965405 0.260755 0 0.70465 -0 0 -1 -0.0604888 -0.260755 -0.965405 0 4.3231 0 0 0 1 960 960 
441 1.80754 3.99481 -0.0604888 -0.965515 0.260349 0 0.705165 -0 0 -1 -0.0604888 -0.260349 -0.965515 0 4.32764 0 0 0 1 960 960 
442 1.80754 3.99981 -0.0604888 -0.965624 0.259945 0 0.705679 -0 0 -1 -0.0604888 -0.259945 -0.965624 0 4.33217 0 0 0 1 960 960 
443 1.80754 4.00481 -0.0604888 -0.965732 0.259541 0 0.706191 -0 0 -1 -0.0604888 -0.259541 -0.965732 0 4.3367 0 0 0 1 960 960 
444 1.80754 4.00981 -0.0604888 -0.96584 0.259139 0 0.706701 -0 0 -1 -0.0604888 -0.259139 -0.96584 0 4.34124 0 0 0 1 960 960 
445 1.80754 4.01481 -0.0604888 -0.965948 0.258738 0 0.70721 -0 0 -1 -0.0604888 -0.258738 -0.965948 0 4.34577 0 0 0 1 960 960 
446 1.80754 4.01981 -0.0604888 -0.966055 0.258338 0 0.707716 -0 0 -1 -0.0604888 -0.258338 -0.966055 0 4.35031 0 0 0 1 960 960 
447 1.80625 4.02481 -0.0637355 -0.966264 0.257552 0 0.708712 -0 0 -1 -0.0637355 -0.257552 -0.966264 0 4.35423 0 0 0 1 960 960 
448 1.80625 4.02981 -0.0637355 -0.96637 0.257155 0 0.709215 -0 0 -1 -0.0637355 -0.257155 -0.96637 0 4.35877 0 0 0 1 960 960 
449 1.80495 4.03481 -0.0669823 -0.966578 0.256373 0 0.710205 -0 0 -1 -0.0669823 -0.256373 -0.966578 0 4.36269 0 0 0 1 960 960 
