-2.48342632294 -4.14732217789 -0.182874423265 -1.48342632294 -4.14732217789 -0.182874423265
-2.47342632294 -4.14732217789 -0.182874423265 -1.47342632294 -4.14732217789 -0.182874423265
-2.46342632294 -4.14732217789 -0.182874423265 -1.46342632294 -4.14732217789 -0.182874423265
-2.45342632294 -4.14699750256 -0.182225072616 -1.45342632294 -4.14699750256 -0.182225072616
-2.44342632294 -4.14699750256 -0.182225072616 -1.44342632294 -4.14699750256 -0.182225072616
-2.43342632294 -4.14667282724 -0.181575721967 -1.43342632294 -4.14667282724 -0.181575721967
-2.42342632294 -4.14634815191 -0.180926371317 -1.42342632294 -4.14634815191 -0.180926371317
-2.41342632294 -4.14602347659 -0.180277020668 -1.41342632294 -4.14602347659 -0.180277020668
-2.40342632294 -4.14602347659 -0.180277020668 -1.40342632294 -4.14602347659 -0.180277020668
-2.39342632294 -4.14569880126 -0.179627670019 -1.39342632294 -4.14569880126 -0.179627670019
-2.38342632294 -4.14537412594 -0.178978319369 -1.38342632294 -4.14537412594 -0.178978319369
-2.37342632294 -4.14504945061 -0.17832896872 -1.37342632294 -4.14504945061 -0.17832896872
-2.36342632294 -4.14407542464 -0.176380916772 -1.36342632294 -4.14407542464 -0.176380916772
-2.35342632294 -4.14375074932 -0.175731566123 -1.35342632294 -4.14375074932 -0.175731566123
-2.34342632294 -4.14342607399 -0.175082215473 -1.34342632294 -4.14342607399 -0.175082215473
-2.33342632294 -4.14342607399 -0.175082215473 -1.33342632294 -4.14342607399 -0.175082215473
-2.32342632294 -4.14310139867 -0.174432864824 -1.32342632294 -4.14310139867 -0.174432864824
-2.31342632294 -4.14245204802 -0.173134163525 -1.31342632294 -4.14245204802 -0.173134163525
-2.30342632294 -4.14212737269 -0.172484812876 -1.30342632294 -4.14212737269 -0.172484812876
-2.29342632294 -4.14212737269 -0.172484812876 -1.29342632294 -4.14212737269 -0.172484812876
-2.28342632294 -4.14180269737 -0.171835462226 -1.28342632294 -4.14180269737 -0.171835462226
-2.27342632294 -4.14180269737 -0.171835462226 -1.27342632294 -4.14180269737 -0.171835462226
-2.26342632294 -4.14180269737 -0.171835462226 -1.26342632294 -4.14180269737 -0.171835462226
-2.25342632294 -4.14180269737 -0.171835462226 -1.25342632294 -4.14180269737 -0.171835462226
-2.24342632294 -4.14147802204 -0.171186111577 -1.24342632294 -4.14147802204 -0.171186111577
-2.23342632294 -4.14147802204 -0.171186111577 -1.23342632294 -4.14147802204 -0.171186111577
-2.22342632294 -4.14147802204 -0.171186111577 -1.22342632294 -4.14147802204 -0.171186111577
-2.21342632294 -4.14147802204 -0.171186111577 -1.21342632294 -4.14147802204 -0.171186111577
-2.20342632294 -4.14082867139 -0.169887410278 -1.20342632294 -4.14082867139 -0.169887410278
-2.19342632294 -4.14082867139 -0.169887410278 -1.19342632294 -4.14082867139 -0.169887410278
-2.18342632294 -4.14050399607 -0.169238059629 -1.18342632294 -4.14050399607 -0.169238059629
-2.17342632294 -4.14050399607 -0.169238059629 -1.17342632294 -4.14050399607 -0.169238059629
-2.16342632294 -4.14050399607 -0.169238059629 -1.16342632294 -4.14050399607 -0.169238059629
-2.15342632294 -4.14017932074 -0.16858870898 -1.15342632294 -4.14017932074 -0.16858870898
-2.14342632294 -4.14017932074 -0.16858870898 -1.14342632294 -4.14017932074 -0.16858870898
-2.13342632294 -4.14017932074 -0.16858870898 -1.13342632294 -4.14017932074 -0.16858870898
-2.12342632294 -4.14017932074 -0.16858870898 -1.12342632294 -4.14017932074 -0.16858870898
-2.11342632294 -4.13985464542 -0.16793935833 -1.11342632294 -4.13985464542 -0.16793935833
-2.10342632294 -4.13985464542 -0.16793935833 -1.10342632294 -4.13985464542 -0.16793935833
-2.09342632294 -4.13920529477 -0.166640657032 -1.09342632294 -4.13920529477 -0.166640657032
-2.08342632294 -4.13920529477 -0.166640657032 -1.08342632294 -4.13920529477 -0.166640657032
-2.07342632294 -4.13888061945 -0.165991306382 -1.07342632294 -4.13888061945 -0.165991306382
-2.06342632294 -4.13888061945 -0.165991306382 -1.06342632294 -4.13888061945 -0.165991306382
-2.05342632294 -4.13888061945 -0.165991306382 -1.05342632294 -4.13888061945 -0.165991306382
-2.04342632294 -4.13888061945 -0.165991306382 -1.04342632294 -4.13888061945 -0.165991306382
-2.03342632294 -4.13855594412 -0.165341955733 -1.03342632294 -4.13855594412 -0.165341955733
-2.02342632294 -4.13855594412 -0.165341955733 -1.02342632294 -4.13855594412 -0.165341955733
-2.01342632294 -4.13855594412 -0.165341955733 -1.01342632294 -4.13855594412 -0.165341955733
-2.00342632294 -4.13855594412 -0.165341955733 -1.00342632294 -4.13855594412 -0.165341955733
-1.99342632294 -4.13855594412 -0.165341955733 -0.993426322937 -4.13855594412 -0.165341955733
-1.98342632294 -4.13855594412 -0.165341955733 -0.983426322937 -4.13855594412 -0.165341955733
-1.97342632294 -4.13855594412 -0.165341955733 -0.973426322937 -4.13855594412 -0.165341955733
-1.96342632294 -4.13855594412 -0.165341955733 -0.963426322937 -4.13855594412 -0.165341955733
-1.95342632294 -4.13855594412 -0.165341955733 -0.953426322937 -4.13855594412 -0.165341955733
-1.94342632294 -4.13888061945 -0.165991306382 -0.943426322937 -4.13888061945 -0.165991306382
-1.93342632294 -4.13920529477 -0.166640657032 -0.933426322937 -4.13920529477 -0.166640657032
-1.92342632294 -4.13985464542 -0.16793935833 -0.923426322937 -4.13985464542 -0.16793935833
-1.91342632294 -4.14017932074 -0.16858870898 -0.913426322937 -4.14017932074 -0.16858870898
-1.90342632294 -4.14017932074 -0.16858870898 -0.903426322937 -4.14017932074 -0.16858870898
-1.89342632294 -4.14050399607 -0.169238059629 -0.893426322937 -4.14050399607 -0.169238059629
-1.88342632294 -4.14050399607 -0.169238059629 -0.883426322937 -4.14050399607 -0.169238059629
-1.87342632294 -4.14082867139 -0.169887410278 -0.873426322937 -4.14082867139 -0.169887410278
-1.86342632294 -4.14115334672 -0.170536760928 -0.863426322937 -4.14115334672 -0.170536760928
-1.85342632294 -4.14180269737 -0.171835462226 -0.853426322937 -4.14180269737 -0.171835462226
-1.84342632294 -4.14212737269 -0.172484812876 -0.843426322937 -4.14212737269 -0.172484812876
-1.83342632294 -4.14245204802 -0.173134163525 -0.833426322937 -4.14245204802 -0.173134163525
-1.82342632294 -4.14245204802 -0.173134163525 -0.823426322937 -4.14245204802 -0.173134163525
-1.81342632294 -4.14277672334 -0.173783514175 -0.813426322937 -4.14277672334 -0.173783514175
-1.80342632294 -4.14277672334 -0.173783514175 -0.803426322937 -4.14277672334 -0.173783514175
-1.79342632294 -4.14310139867 -0.174432864824 -0.793426322937 -4.14310139867 -0.174432864824
-1.78342632294 -4.14342607399 -0.175082215473 -0.783426322937 -4.14342607399 -0.175082215473
-1.77342632294 -4.14342607399 -0.175082215473 -0.773426322937 -4.14342607399 -0.175082215473
-1.76342632294 -4.14342607399 -0.175082215473 -0.763426322937 -4.14342607399 -0.175082215473
-1.75342632294 -4.14342607399 -0.175082215473 -0.753426322937 -4.14342607399 -0.175082215473
-1.74342632294 -4.14407542464 -0.176380916772 -0.743426322937 -4.14407542464 -0.176380916772
-1.73342632294 -4.14440009996 -0.177030267421 -0.733426322937 -4.14440009996 -0.177030267421
-1.72342632294 -4.14440009996 -0.177030267421 -0.723426322937 -4.14440009996 -0.177030267421
-1.71342632294 -4.14440009996 -0.177030267421 -0.713426322937 -4.14440009996 -0.177030267421
-1.70342632294 -4.14440009996 -0.177030267421 -0.703426322937 -4.14440009996 -0.177030267421
-1.69342632294 -4.14440009996 -0.177030267421 -0.693426322937 -4.14440009996 -0.177030267421
-1.68342632294 -4.14440009996 -0.177030267421 -0.683426322937 -4.14440009996 -0.177030267421
-1.67342632294 -4.14440009996 -0.177030267421 -0.673426322937 -4.14440009996 -0.177030267421
-1.66342632294 -4.14472477529 -0.177679618071 -0.663426322937 -4.14472477529 -0.177679618071
-1.65342632294 -4.14504945061 -0.17832896872 -0.653426322937 -4.14504945061 -0.17832896872
-1.64342632294 -4.14504945061 -0.17832896872 -0.643426322937 -4.14504945061 -0.17832896872
-1.63342632294 -4.14504945061 -0.17832896872 -0.633426322937 -4.14504945061 -0.17832896872
-1.62342632294 -4.14537412594 -0.178978319369 -0.623426322937 -4.14537412594 -0.178978319369
-1.61342632294 -4.14569880126 -0.179627670019 -0.613426322937 -4.14569880126 -0.179627670019
-1.60342632294 -4.14569880126 -0.179627670019 -0.603426322937 -4.14569880126 -0.179627670019
-1.59342632294 -4.14602347659 -0.180277020668 -0.593426322937 -4.14602347659 -0.180277020668
-1.58342632294 -4.14602347659 -0.180277020668 -0.583426322937 -4.14602347659 -0.180277020668
-1.57342632294 -4.14602347659 -0.180277020668 -0.573426322937 -4.14602347659 -0.180277020668
-1.56342632294 -4.14602347659 -0.180277020668 -0.563426322937 -4.14602347659 -0.180277020668
-1.55342632294 -4.14602347659 -0.180277020668 -0.553426322937 -4.14602347659 -0.180277020668
-1.54342632294 -4.14602347659 -0.180277020668 -0.543426322937 -4.14602347659 -0.180277020668
-1.53342632294 -4.14602347659 -0.180277020668 -0.533426322937 -4.14602347659 -0.180277020668
-1.52342632294 -4.14602347659 -0.180277020668 -0.523426322937 -4.14602347659 -0.180277020668
-1.51342632294 -4.14602347659 -0.180277020668 -0.513426322937 -4.14602347659 -0.180277020668
-1.50342632294 -4.14602347659 -0.180277020668 -0.503426322937 -4.14602347659 -0.180277020668
-1.49342632294 -4.14569880126 -0.179627670019 -0.493426322937 -4.14569880126 -0.179627670019
-1.48342632294 -4.14569880126 -0.179627670019 -0.483426322937 -4.14569880126 -0.179627670019
-1.47342632294 -4.14569880126 -0.179627670019 -0.473426322937 -4.14569880126 -0.179627670019
-1.46342632294 -4.14569880126 -0.179627670019 -0.463426322937 -4.14569880126 -0.179627670019
-1.45342632294 -4.14569880126 -0.179627670019 -0.453426322937 -4.14569880126 -0.179627670019
-1.44342632294 -4.14537412594 -0.178978319369 -0.443426322937 -4.14537412594 -0.178978319369
-1.43342632294 -4.14537412594 -0.178978319369 -0.433426322937 -4.14537412594 -0.178978319369
-1.42342632294 -4.14537412594 -0.178978319369 -0.423426322937 -4.14537412594 -0.178978319369
-1.41342632294 -4.14504945061 -0.17832896872 -0.413426322937 -4.14504945061 -0.17832896872
-1.40342632294 -4.14504945061 -0.17832896872 -0.403426322937 -4.14504945061 -0.17832896872
-1.39342632294 -4.14472477529 -0.177679618071 -0.393426322937 -4.14472477529 -0.177679618071
-1.38342632294 -4.14407542464 -0.176380916772 -0.383426322937 -4.14407542464 -0.176380916772
-1.37342632294 -4.14375074932 -0.175731566123 -0.373426322937 -4.14375074932 -0.175731566123
-1.36342632294 -4.14342607399 -0.175082215473 -0.363426322937 -4.14342607399 -0.175082215473
-1.35342632294 -4.14277672334 -0.173783514175 -0.353426322937 -4.14277672334 -0.173783514175
-1.34342632294 -4.14277672334 -0.173783514175 -0.343426322937 -4.14277672334 -0.173783514175
-1.33342632294 -4.14277672334 -0.173783514175 -0.333426322937 -4.14277672334 -0.173783514175
-1.32342632294 -4.14245204802 -0.173134163525 -0.323426322937 -4.14245204802 -0.173134163525
-1.31342632294 -4.14245204802 -0.173134163525 -0.313426322937 -4.14245204802 -0.173134163525
-1.30342632294 -4.14245204802 -0.173134163525 -0.303426322937 -4.14245204802 -0.173134163525
-1.29342632294 -4.14245204802 -0.173134163525 -0.293426322937 -4.14245204802 -0.173134163525
-1.28342632294 -4.14245204802 -0.173134163525 -0.283426322937 -4.14245204802 -0.173134163525
-1.27342632294 -4.14245204802 -0.173134163525 -0.273426322937 -4.14245204802 -0.173134163525
-1.26342632294 -4.14245204802 -0.173134163525 -0.263426322937 -4.14245204802 -0.173134163525
-1.25342632294 -4.14245204802 -0.173134163525 -0.253426322937 -4.14245204802 -0.173134163525
-1.24342632294 -4.14245204802 -0.173134163525 -0.243426322937 -4.14245204802 -0.173134163525
-1.23342632294 -4.14245204802 -0.173134163525 -0.233426322937 -4.14245204802 -0.173134163525
-1.22342632294 -4.14245204802 -0.173134163525 -0.223426322937 -4.14245204802 -0.173134163525
-1.21342632294 -4.14245204802 -0.173134163525 -0.213426322937 -4.14245204802 -0.173134163525
-1.20342632294 -4.14245204802 -0.173134163525 -0.203426322937 -4.14245204802 -0.173134163525
-1.19342632294 -4.14212737269 -0.172484812876 -0.193426322937 -4.14212737269 -0.172484812876
-1.18342632294 -4.14212737269 -0.172484812876 -0.183426322937 -4.14212737269 -0.172484812876
-1.17342632294 -4.14212737269 -0.172484812876 -0.173426322937 -4.14212737269 -0.172484812876
-1.16342632294 -4.14147802204 -0.171186111577 -0.163426322937 -4.14147802204 -0.171186111577
-1.15342632294 -4.14147802204 -0.171186111577 -0.153426322937 -4.14147802204 -0.171186111577
-1.14342632294 -4.14147802204 -0.171186111577 -0.143426322937 -4.14147802204 -0.171186111577
-1.13342632294 -4.14147802204 -0.171186111577 -0.133426322937 -4.14147802204 -0.171186111577
-1.12342632294 -4.14147802204 -0.171186111577 -0.123426322937 -4.14147802204 -0.171186111577
-1.11342632294 -4.14180269737 -0.171835462226 -0.113426322937 -4.14180269737 -0.171835462226
-1.10342632294 -4.14212737269 -0.172484812876 -0.103426322937 -4.14212737269 -0.172484812876
-1.09342632294 -4.14277672334 -0.173783514175 -0.093426322937 -4.14277672334 -0.173783514175
-1.08342632294 -4.14310139867 -0.174432864824 -0.083426322937 -4.14310139867 -0.174432864824
-1.07342632294 -4.14310139867 -0.174432864824 -0.073426322937 -4.14310139867 -0.174432864824
-1.06342632294 -4.14342607399 -0.175082215473 -0.063426322937 -4.14342607399 -0.175082215473
-1.05342632294 -4.14375074932 -0.175731566123 -0.053426322937 -4.14375074932 -0.175731566123
-1.04342632294 -4.14440009996 -0.177030267421 -0.043426322937 -4.14440009996 -0.177030267421
-1.03342632294 -4.14440009996 -0.177030267421 -0.033426322937 -4.14440009996 -0.177030267421
-1.02342632294 -4.14440009996 -0.177030267421 -0.023426322937 -4.14440009996 -0.177030267421
-1.01342632294 -4.14440009996 -0.177030267421 -0.013426322937 -4.14440009996 -0.177030267421
-1.00342632294 -4.14440009996 -0.177030267421 -0.00342632293702 -4.14440009996 -0.177030267421
-0.993426322937 -4.14440009996 -0.177030267421 0.00657367706298 -4.14440009996 -0.177030267421
-0.983426322937 -4.14440009996 -0.177030267421 0.016573677063 -4.14440009996 -0.177030267421
-0.973426322937 -4.14440009996 -0.177030267421 0.026573677063 -4.14440009996 -0.177030267421
-0.963426322937 -4.14440009996 -0.177030267421 0.036573677063 -4.14440009996 -0.177030267421
-0.953426322937 -4.14440009996 -0.177030267421 0.046573677063 -4.14440009996 -0.177030267421
-0.943426322937 -4.14440009996 -0.177030267421 0.056573677063 -4.14440009996 -0.177030267421
-0.933426322937 -4.14440009996 -0.177030267421 0.066573677063 -4.14440009996 -0.177030267421
-0.923426322937 -4.14472477529 -0.177679618071 0.076573677063 -4.14472477529 -0.177679618071
-0.913426322937 -4.14472477529 -0.177679618071 0.086573677063 -4.14472477529 -0.177679618071
-0.903426322937 -4.14472477529 -0.177679618071 0.096573677063 -4.14472477529 -0.177679618071
-0.893426322937 -4.14472477529 -0.177679618071 0.106573677063 -4.14472477529 -0.177679618071
-0.883426322937 -4.14504945061 -0.17832896872 0.116573677063 -4.14504945061 -0.17832896872
-0.873426322937 -4.14504945061 -0.17832896872 0.126573677063 -4.14504945061 -0.17832896872
-0.863426322937 -4.14504945061 -0.17832896872 0.136573677063 -4.14504945061 -0.17832896872
-0.853426322937 -4.14537412594 -0.178978319369 0.146573677063 -4.14537412594 -0.178978319369
-0.843426322937 -4.14537412594 -0.178978319369 0.156573677063 -4.14537412594 -0.178978319369
-0.833426322937 -4.14569880126 -0.179627670019 0.166573677063 -4.14569880126 -0.179627670019
-0.823426322937 -4.14569880126 -0.179627670019 0.176573677063 -4.14569880126 -0.179627670019
-0.813426322937 -4.14569880126 -0.179627670019 0.186573677063 -4.14569880126 -0.179627670019
-0.803426322937 -4.14569880126 -0.179627670019 0.196573677063 -4.14569880126 -0.179627670019
-0.793426322937 -4.14569880126 -0.179627670019 0.206573677063 -4.14569880126 -0.179627670019
-0.783426322937 -4.14569880126 -0.179627670019 0.216573677063 -4.14569880126 -0.179627670019
-0.773426322937 -4.14569880126 -0.179627670019 0.226573677063 -4.14569880126 -0.179627670019
-0.763426322937 -4.14569880126 -0.179627670019 0.236573677063 -4.14569880126 -0.179627670019
-0.753426322937 -4.14569880126 -0.179627670019 0.246573677063 -4.14569880126 -0.179627670019
-0.743426322937 -4.14569880126 -0.179627670019 0.256573677063 -4.14569880126 -0.179627670019
-0.733426322937 -4.14569880126 -0.179627670019 0.266573677063 -4.14569880126 -0.179627670019
-0.723426322937 -4.14569880126 -0.179627670019 0.276573677063 -4.14569880126 -0.179627670019
-0.713426322937 -4.14569880126 -0.179627670019 0.286573677063 -4.14569880126 -0.179627670019
-0.703426322937 -4.14569880126 -0.179627670019 0.296573677063 -4.14569880126 -0.179627670019
-0.693426322937 -4.14569880126 -0.179627670019 0.306573677063 -4.14569880126 -0.179627670019
-0.683426322937 -4.14569880126 -0.179627670019 0.316573677063 -4.14569880126 -0.179627670019
-0.673426322937 -4.14569880126 -0.179627670019 0.326573677063 -4.14569880126 -0.179627670019
-0.663426322937 -4.14569880126 -0.179627670019 0.336573677063 -4.14569880126 -0.179627670019
-0.653426322937 -4.14569880126 -0.179627670019 0.346573677063 -4.14569880126 -0.179627670019
-0.643426322937 -4.14569880126 -0.179627670019 0.356573677063 -4.14569880126 -0.179627670019
-0.633426322937 -4.14569880126 -0.179627670019 0.366573677063 -4.14569880126 -0.179627670019
-0.623426322937 -4.14569880126 -0.179627670019 0.376573677063 -4.14569880126 -0.179627670019
-0.613426322937 -4.14537412594 -0.178978319369 0.386573677063 -4.14537412594 -0.178978319369
-0.603426322937 -4.14472477529 -0.177679618071 0.396573677063 -4.14472477529 -0.177679618071
-0.593426322937 -4.14472477529 -0.177679618071 0.406573677063 -4.14472477529 -0.177679618071
-0.583426322937 -4.14472477529 -0.177679618071 0.416573677063 -4.14472477529 -0.177679618071
-0.573426322937 -4.14440009996 -0.177030267421 0.426573677063 -4.14440009996 -0.177030267421
-0.563426322937 -4.14440009996 -0.177030267421 0.436573677063 -4.14440009996 -0.177030267421
-0.553426322937 -4.14440009996 -0.177030267421 0.446573677063 -4.14440009996 -0.177030267421
-0.543426322937 -4.14375074932 -0.175731566123 0.456573677063 -4.14375074932 -0.175731566123
-0.533426322937 -4.14375074932 -0.175731566123 0.466573677063 -4.14375074932 -0.175731566123
-0.523426322937 -4.14342607399 -0.175082215473 0.476573677063 -4.14342607399 -0.175082215473
-0.513426322937 -4.14277672334 -0.173783514175 0.486573677063 -4.14277672334 -0.173783514175
-0.503426322937 -4.14245204802 -0.173134163525 0.496573677063 -4.14245204802 -0.173134163525
-0.493426322937 -4.14245204802 -0.173134163525 0.506573677063 -4.14245204802 -0.173134163525
-0.483426322937 -4.14245204802 -0.173134163525 0.516573677063 -4.14245204802 -0.173134163525
-0.473426322937 -4.14212737269 -0.172484812876 0.526573677063 -4.14212737269 -0.172484812876
-0.463426322937 -4.14212737269 -0.172484812876 0.536573677063 -4.14212737269 -0.172484812876
-0.453426322937 -4.14212737269 -0.172484812876 0.546573677063 -4.14212737269 -0.172484812876
-0.443426322937 -4.14212737269 -0.172484812876 0.556573677063 -4.14212737269 -0.172484812876
-0.433426322937 -4.14212737269 -0.172484812876 0.566573677063 -4.14212737269 -0.172484812876
-0.423426322937 -4.14212737269 -0.172484812876 0.576573677063 -4.14212737269 -0.172484812876
-0.413426322937 -4.14212737269 -0.172484812876 0.586573677063 -4.14212737269 -0.172484812876
-0.403426322937 -4.14212737269 -0.172484812876 0.596573677063 -4.14212737269 -0.172484812876
-0.393426322937 -4.14147802204 -0.171186111577 0.606573677063 -4.14147802204 -0.171186111577
-0.383426322937 -4.14147802204 -0.171186111577 0.616573677063 -4.14147802204 -0.171186111577
-0.373426322937 -4.14147802204 -0.171186111577 0.626573677063 -4.14147802204 -0.171186111577
-0.363426322937 -4.14147802204 -0.171186111577 0.636573677063 -4.14147802204 -0.171186111577
-0.353426322937 -4.14147802204 -0.171186111577 0.646573677063 -4.14147802204 -0.171186111577
-0.343426322937 -4.14115334672 -0.170536760928 0.656573677063 -4.14115334672 -0.170536760928
-0.333426322937 -4.14115334672 -0.170536760928 0.666573677063 -4.14115334672 -0.170536760928
-0.323426322937 -4.14115334672 -0.170536760928 0.676573677063 -4.14115334672 -0.170536760928
-0.313426322937 -4.14115334672 -0.170536760928 0.686573677063 -4.14115334672 -0.170536760928
-0.303426322937 -4.14115334672 -0.170536760928 0.696573677063 -4.14115334672 -0.170536760928
-0.293426322937 -4.14115334672 -0.170536760928 0.706573677063 -4.14115334672 -0.170536760928
-0.283426322937 -4.14115334672 -0.170536760928 0.716573677063 -4.14115334672 -0.170536760928
-0.273426322937 -4.14115334672 -0.170536760928 0.726573677063 -4.14115334672 -0.170536760928
-0.263426322937 -4.14115334672 -0.170536760928 0.736573677063 -4.14115334672 -0.170536760928
-0.253426322937 -4.14147802204 -0.171186111577 0.746573677063 -4.14147802204 -0.171186111577
-0.243426322937 -4.14147802204 -0.171186111577 0.756573677063 -4.14147802204 -0.171186111577
-0.233426322937 -4.14147802204 -0.171186111577 0.766573677063 -4.14147802204 -0.171186111577
-0.223426322937 -4.14147802204 -0.171186111577 0.776573677063 -4.14147802204 -0.171186111577
-0.213426322937 -4.14147802204 -0.171186111577 0.786573677063 -4.14147802204 -0.171186111577
-0.203426322937 -4.14147802204 -0.171186111577 0.796573677063 -4.14147802204 -0.171186111577
-0.193426322937 -4.14180269737 -0.171835462226 0.806573677063 -4.14180269737 -0.171835462226
-0.183426322937 -4.14180269737 -0.171835462226 0.816573677063 -4.14180269737 -0.171835462226
-0.173426322937 -4.14212737269 -0.172484812876 0.826573677063 -4.14212737269 -0.172484812876
-0.163426322937 -4.14212737269 -0.172484812876 0.836573677063 -4.14212737269 -0.172484812876
-0.153426322937 -4.14212737269 -0.172484812876 0.846573677063 -4.14212737269 -0.172484812876
-0.143426322937 -4.14277672334 -0.173783514175 0.856573677063 -4.14277672334 -0.173783514175
-0.133426322937 -4.14277672334 -0.173783514175 0.866573677063 -4.14277672334 -0.173783514175
-0.123426322937 -4.14310139867 -0.174432864824 0.876573677063 -4.14310139867 -0.174432864824
-0.113426322937 -4.14310139867 -0.174432864824 0.886573677063 -4.14310139867 -0.174432864824
-0.103426322937 -4.14310139867 -0.174432864824 0.896573677063 -4.14310139867 -0.174432864824
-0.093426322937 -4.14342607399 -0.175082215473 0.906573677063 -4.14342607399 -0.175082215473
-0.083426322937 -4.14342607399 -0.175082215473 0.916573677063 -4.14342607399 -0.175082215473
-0.073426322937 -4.14375074932 -0.175731566123 0.926573677063 -4.14375074932 -0.175731566123
-0.063426322937 -4.14375074932 -0.175731566123 0.936573677063 -4.14375074932 -0.175731566123
-0.053426322937 -4.14375074932 -0.175731566123 0.946573677063 -4.14375074932 -0.175731566123
-0.043426322937 -4.14375074932 -0.175731566123 0.956573677063 -4.14375074932 -0.175731566123
-0.033426322937 -4.14407542464 -0.176380916772 0.966573677063 -4.14407542464 -0.176380916772
-0.023426322937 -4.14407542464 -0.176380916772 0.976573677063 -4.14407542464 -0.176380916772
-0.013426322937 -4.14440009996 -0.177030267421 0.986573677063 -4.14440009996 -0.177030267421
-0.00342632293702 -4.14440009996 -0.177030267421 0.996573677063 -4.14440009996 -0.177030267421
0.00657367706298 -4.14472477529 -0.177679618071 1.00657367706 -4.14472477529 -0.177679618071
0.016573677063 -4.14472477529 -0.177679618071 1.01657367706 -4.14472477529 -0.177679618071
0.026573677063 -4.14504945061 -0.17832896872 1.02657367706 -4.14504945061 -0.17832896872
0.036573677063 -4.14504945061 -0.17832896872 1.03657367706 -4.14504945061 -0.17832896872
0.046573677063 -4.14504945061 -0.17832896872 1.04657367706 -4.14504945061 -0.17832896872
0.056573677063 -4.14537412594 -0.178978319369 1.05657367706 -4.14537412594 -0.178978319369
0.066573677063 -4.14537412594 -0.178978319369 1.06657367706 -4.14537412594 -0.178978319369
0.076573677063 -4.14537412594 -0.178978319369 1.07657367706 -4.14537412594 -0.178978319369
0.086573677063 -4.14537412594 -0.178978319369 1.08657367706 -4.14537412594 -0.178978319369
0.096573677063 -4.14537412594 -0.178978319369 1.09657367706 -4.14537412594 -0.178978319369
0.106573677063 -4.14537412594 -0.178978319369 1.10657367706 -4.14537412594 -0.178978319369
0.116573677063 -4.14537412594 -0.178978319369 1.11657367706 -4.14537412594 -0.178978319369
0.126573677063 -4.14537412594 -0.178978319369 1.12657367706 -4.14537412594 -0.178978319369
0.136573677063 -4.14537412594 -0.178978319369 1.13657367706 -4.14537412594 -0.178978319369
0.146573677063 -4.14537412594 -0.178978319369 1.14657367706 -4.14537412594 -0.178978319369
0.156573677063 -4.14537412594 -0.178978319369 1.15657367706 -4.14537412594 -0.178978319369
0.166573677063 -4.14537412594 -0.178978319369 1.16657367706 -4.14537412594 -0.178978319369
0.176573677063 -4.14537412594 -0.178978319369 1.17657367706 -4.14537412594 -0.178978319369
0.186573677063 -4.14537412594 -0.178978319369 1.18657367706 -4.14537412594 -0.178978319369
0.196573677063 -4.14537412594 -0.178978319369 1.19657367706 -4.14537412594 -0.178978319369
0.206573677063 -4.14537412594 -0.178978319369 1.20657367706 -4.14537412594 -0.178978319369
0.216573677063 -4.14537412594 -0.178978319369 1.21657367706 -4.14537412594 -0.178978319369
0.226573677063 -4.14504945061 -0.17832896872 1.22657367706 -4.14504945061 -0.17832896872
0.236573677063 -4.14504945061 -0.17832896872 1.23657367706 -4.14504945061 -0.17832896872
0.246573677063 -4.14504945061 -0.17832896872 1.24657367706 -4.14504945061 -0.17832896872
0.256573677063 -4.14504945061 -0.17832896872 1.25657367706 -4.14504945061 -0.17832896872
0.266573677063 -4.14504945061 -0.17832896872 1.26657367706 -4.14504945061 -0.17832896872
0.276573677063 -4.14504945061 -0.17832896872 1.27657367706 -4.14504945061 -0.17832896872
0.286573677063 -4.14504945061 -0.17832896872 1.28657367706 -4.14504945061 -0.17832896872
0.296573677063 -4.14504945061 -0.17832896872 1.29657367706 -4.14504945061 -0.17832896872
0.306573677063 -4.14440009996 -0.177030267421 1.30657367706 -4.14440009996 -0.177030267421
0.316573677063 -4.14407542464 -0.176380916772 1.31657367706 -4.14407542464 -0.176380916772
0.326573677063 -4.14375074932 -0.175731566123 1.32657367706 -4.14375074932 -0.175731566123
0.336573677063 -4.14375074932 -0.175731566123 1.33657367706 -4.14375074932 -0.175731566123
0.346573677063 -4.14375074932 -0.175731566123 1.34657367706 -4.14375074932 -0.175731566123
0.356573677063 -4.14375074932 -0.175731566123 1.35657367706 -4.14375074932 -0.175731566123
0.366573677063 -4.14375074932 -0.175731566123 1.36657367706 -4.14375074932 -0.175731566123
0.376573677063 -4.14375074932 -0.175731566123 1.37657367706 -4.14375074932 -0.175731566123
0.386573677063 -4.14375074932 -0.175731566123 1.38657367706 -4.14375074932 -0.175731566123
0.396573677063 -4.14375074932 -0.175731566123 1.39657367706 -4.14375074932 -0.175731566123
0.406573677063 -4.14375074932 -0.175731566123 1.40657367706 -4.14375074932 -0.175731566123
0.416573677063 -4.14375074932 -0.175731566123 1.41657367706 -4.14375074932 -0.175731566123
0.426573677063 -4.14375074932 -0.175731566123 1.42657367706 -4.14375074932 -0.175731566123
0.436573677063 -4.14375074932 -0.175731566123 1.43657367706 -4.14375074932 -0.175731566123
0.446573677063 -4.14375074932 -0.175731566123 1.44657367706 -4.14375074932 -0.175731566123
0.456573677063 -4.14375074932 -0.175731566123 1.45657367706 -4.14375074932 -0.175731566123
0.466573677063 -4.14375074932 -0.175731566123 1.46657367706 -4.14375074932 -0.175731566123
0.476573677063 -4.14375074932 -0.175731566123 1.47657367706 -4.14375074932 -0.175731566123
0.486573677063 -4.14342607399 -0.175082215473 1.48657367706 -4.14342607399 -0.175082215473
0.496573677063 -4.14342607399 -0.175082215473 1.49657367706 -4.14342607399 -0.175082215473
0.506573677063 -4.14342607399 -0.175082215473 1.50657367706 -4.14342607399 -0.175082215473
0.516573677063 -4.14342607399 -0.175082215473 1.51657367706 -4.14342607399 -0.175082215473
0.526573677063 -4.14342607399 -0.175082215473 1.52657367706 -4.14342607399 -0.175082215473
0.536573677063 -4.14310139867 -0.174432864824 1.53657367706 -4.14310139867 -0.174432864824
0.546573677063 -4.14277672334 -0.173783514175 1.54657367706 -4.14277672334 -0.173783514175
0.556573677063 -4.14277672334 -0.173783514175 1.55657367706 -4.14277672334 -0.173783514175
0.566573677063 -4.14277672334 -0.173783514175 1.56657367706 -4.14277672334 -0.173783514175
0.576573677063 -4.14277672334 -0.173783514175 1.57657367706 -4.14277672334 -0.173783514175
0.586573677063 -4.14277672334 -0.173783514175 1.58657367706 -4.14277672334 -0.173783514175
0.596573677063 -4.14277672334 -0.173783514175 1.59657367706 -4.14277672334 -0.173783514175
0.606573677063 -4.14277672334 -0.173783514175 1.60657367706 -4.14277672334 -0.173783514175
0.616573677063 -4.14277672334 -0.173783514175 1.61657367706 -4.14277672334 -0.173783514175
0.626573677063 -4.14277672334 -0.173783514175 1.62657367706 -4.14277672334 -0.173783514175
0.636573677063 -4.14277672334 -0.173783514175 1.63657367706 -4.14277672334 -0.173783514175
0.646573677063 -4.14277672334 -0.173783514175 1.64657367706 -4.14277672334 -0.173783514175
0.656573677063 -4.14277672334 -0.173783514175 1.65657367706 -4.14277672334 -0.173783514175
0.666573677063 -4.14277672334 -0.173783514175 1.66657367706 -4.14277672334 -0.173783514175
0.676573677063 -4.14277672334 -0.173783514175 1.67657367706 -4.14277672334 -0.173783514175
0.686573677063 -4.14310139867 -0.174432864824 1.68657367706 -4.14310139867 -0.174432864824
0.696573677063 -4.14310139867 -0.174432864824 1.69657367706 -4.14310139867 -0.174432864824
0.706573677063 -4.14310139867 -0.174432864824 1.70657367706 -4.14310139867 -0.174432864824
0.716573677063 -4.14310139867 -0.174432864824 1.71657367706 -4.14310139867 -0.174432864824
0.726573677063 -4.14310139867 -0.174432864824 1.72657367706 -4.14310139867 -0.174432864824
0.736573677063 -4.14342607399 -0.175082215473 1.73657367706 -4.14342607399 -0.175082215473
0.746573677063 -4.14342607399 -0.175082215473 1.74657367706 -4.14342607399 -0.175082215473
0.756573677063 -4.14342607399 -0.175082215473 1.75657367706 -4.14342607399 -0.175082215473
0.766573677063 -4.14342607399 -0.175082215473 1.76657367706 -4.14342607399 -0.175082215473
0.776573677063 -4.14375074932 -0.175731566123 1.77657367706 -4.14375074932 -0.175731566123
0.786573677063 -4.14375074932 -0.175731566123 1.78657367706 -4.14375074932 -0.175731566123
0.796573677063 -4.14375074932 -0.175731566123 1.79657367706 -4.14375074932 -0.175731566123
0.806573677063 -4.14407542464 -0.176380916772 1.80657367706 -4.14407542464 -0.176380916772
0.816573677063 -4.14407542464 -0.176380916772 1.81657367706 -4.14407542464 -0.176380916772
0.826573677063 -4.14407542464 -0.176380916772 1.82657367706 -4.14407542464 -0.176380916772
0.836573677063 -4.14407542464 -0.176380916772 1.83657367706 -4.14407542464 -0.176380916772
0.846573677063 -4.14407542464 -0.176380916772 1.84657367706 -4.14407542464 -0.176380916772
0.856573677063 -4.14407542464 -0.176380916772 1.85657367706 -4.14407542464 -0.176380916772
0.866573677063 -4.14407542464 -0.176380916772 1.86657367706 -4.14407542464 -0.176380916772
0.876573677063 -4.14407542464 -0.176380916772 1.87657367706 -4.14407542464 -0.176380916772
0.886573677063 -4.14440009996 -0.177030267421 1.88657367706 -4.14440009996 -0.177030267421
0.896573677063 -4.14440009996 -0.177030267421 1.89657367706 -4.14440009996 -0.177030267421
0.906573677063 -4.14440009996 -0.177030267421 1.90657367706 -4.14440009996 -0.177030267421
0.916573677063 -4.14440009996 -0.177030267421 1.91657367706 -4.14440009996 -0.177030267421
0.926573677063 -4.14472477529 -0.177679618071 1.92657367706 -4.14472477529 -0.177679618071
0.936573677063 -4.14472477529 -0.177679618071 1.93657367706 -4.14472477529 -0.177679618071
0.946573677063 -4.14472477529 -0.177679618071 1.94657367706 -4.14472477529 -0.177679618071
0.956573677063 -4.14472477529 -0.177679618071 1.95657367706 -4.14472477529 -0.177679618071
0.966573677063 -4.14472477529 -0.177679618071 1.96657367706 -4.14472477529 -0.177679618071
0.976573677063 -4.14472477529 -0.177679618071 1.97657367706 -4.14472477529 -0.177679618071
0.986573677063 -4.14472477529 -0.177679618071 1.98657367706 -4.14472477529 -0.177679618071
0.996573677063 -4.14472477529 -0.177679618071 1.99657367706 -4.14472477529 -0.177679618071
1.00657367706 -4.14472477529 -0.177679618071 2.00657367706 -4.14472477529 -0.177679618071
1.01657367706 -4.14472477529 -0.177679618071 2.01657367706 -4.14472477529 -0.177679618071
1.02657367706 -4.14472477529 -0.177679618071 2.02657367706 -4.14472477529 -0.177679618071
1.03657367706 -4.14472477529 -0.177679618071 2.03657367706 -4.14472477529 -0.177679618071
1.04657367706 -4.14472477529 -0.177679618071 2.04657367706 -4.14472477529 -0.177679618071
1.05657367706 -4.14472477529 -0.177679618071 2.05657367706 -4.14472477529 -0.177679618071
1.06657367706 -4.14472477529 -0.177679618071 2.06657367706 -4.14472477529 -0.177679618071
1.07657367706 -4.14472477529 -0.177679618071 2.07657367706 -4.14472477529 -0.177679618071
1.08657367706 -4.14472477529 -0.177679618071 2.08657367706 -4.14472477529 -0.177679618071
1.09657367706 -4.14472477529 -0.177679618071 2.09657367706 -4.14472477529 -0.177679618071
1.10657367706 -4.14472477529 -0.177679618071 2.10657367706 -4.14472477529 -0.177679618071
1.11657367706 -4.14472477529 -0.177679618071 2.11657367706 -4.14472477529 -0.177679618071
1.12657367706 -4.14472477529 -0.177679618071 2.12657367706 -4.14472477529 -0.177679618071
1.13657367706 -4.14472477529 -0.177679618071 2.13657367706 -4.14472477529 -0.177679618071
1.14657367706 -4.14472477529 -0.177679618071 2.14657367706 -4.14472477529 -0.177679618071
1.15657367706 -4.14472477529 -0.177679618071 2.15657367706 -4.14472477529 -0.177679618071
1.16657367706 -4.14472477529 -0.177679618071 2.16657367706 -4.14472477529 -0.177679618071
1.17657367706 -4.14472477529 -0.177679618071 2.17657367706 -4.14472477529 -0.177679618071
1.18657367706 -4.14472477529 -0.177679618071 2.18657367706 -4.14472477529 -0.177679618071
1.19657367706 -4.14472477529 -0.177679618071 2.19657367706 -4.14472477529 -0.177679618071
1.20657367706 -4.14472477529 -0.177679618071 2.20657367706 -4.14472477529 -0.177679618071
1.21657367706 -4.14472477529 -0.177679618071 2.21657367706 -4.14472477529 -0.177679618071
1.22657367706 -4.14472477529 -0.177679618071 2.22657367706 -4.14472477529 -0.177679618071
1.23657367706 -4.14472477529 -0.177679618071 2.23657367706 -4.14472477529 -0.177679618071
1.24657367706 -4.14472477529 -0.177679618071 2.24657367706 -4.14472477529 -0.177679618071
1.25657367706 -4.14472477529 -0.177679618071 2.25657367706 -4.14472477529 -0.177679618071
1.26657367706 -4.14440009996 -0.177030267421 2.26657367706 -4.14440009996 -0.177030267421
1.27657367706 -4.14440009996 -0.177030267421 2.27657367706 -4.14440009996 -0.177030267421
1.28657367706 -4.14440009996 -0.177030267421 2.28657367706 -4.14440009996 -0.177030267421
1.29657367706 -4.14440009996 -0.177030267421 2.29657367706 -4.14440009996 -0.177030267421
1.30657367706 -4.14407542464 -0.176380916772 2.30657367706 -4.14407542464 -0.176380916772
1.31657367706 -4.14407542464 -0.176380916772 2.31657367706 -4.14407542464 -0.176380916772
1.32657367706 -4.14407542464 -0.176380916772 2.32657367706 -4.14407542464 -0.176380916772
1.33657367706 -4.14407542464 -0.176380916772 2.33657367706 -4.14407542464 -0.176380916772
1.34657367706 -4.14342607399 -0.175082215473 2.34657367706 -4.14342607399 -0.175082215473
1.35657367706 -4.14310139867 -0.174432864824 2.35657367706 -4.14310139867 -0.174432864824
1.36657367706 -4.14310139867 -0.174432864824 2.36657367706 -4.14310139867 -0.174432864824
1.37657367706 -4.14277672334 -0.173783514175 2.37657367706 -4.14277672334 -0.173783514175
1.38657367706 -4.14277672334 -0.173783514175 2.38657367706 -4.14277672334 -0.173783514175
1.39657367706 -4.14245204802 -0.173134163525 2.39657367706 -4.14245204802 -0.173134163525
1.40657367706 -4.14245204802 -0.173134163525 2.40657367706 -4.14245204802 -0.173134163525
1.41657367706 -4.14245204802 -0.173134163525 2.41657367706 -4.14245204802 -0.173134163525
1.42657367706 -4.14245204802 -0.173134163525 2.42657367706 -4.14245204802 -0.173134163525
1.43657367706 -4.14245204802 -0.173134163525 2.43657367706 -4.14245204802 -0.173134163525
1.44657367706 -4.14245204802 -0.173134163525 2.44657367706 -4.14245204802 -0.173134163525
1.45657367706 -4.14180269737 -0.171835462226 2.45657367706 -4.14180269737 -0.171835462226
1.46657367706 -4.14180269737 -0.171835462226 2.46657367706 -4.14180269737 -0.171835462226
1.47657367706 -4.14180269737 -0.171835462226 2.47657367706 -4.14180269737 -0.171835462226
1.48657367706 -4.14180269737 -0.171835462226 2.48657367706 -4.14180269737 -0.171835462226
1.49657367706 -4.14180269737 -0.171835462226 2.49657367706 -4.14180269737 -0.171835462226
1.50657367706 -4.14180269737 -0.171835462226 2.50657367706 -4.14180269737 -0.171835462226
1.51657367706 -4.14180269737 -0.171835462226 2.51657367706 -4.14180269737 -0.171835462226
1.52657367706 -4.14180269737 -0.171835462226 2.52657367706 -4.14180269737 -0.171835462226
1.53657367706 -4.14180269737 -0.171835462226 2.53657367706 -4.14180269737 -0.171835462226
1.54657367706 -4.14180269737 -0.171835462226 2.54657367706 -4.14180269737 -0.171835462226
1.55657367706 -4.14180269737 -0.171835462226 2.55657367706 -4.14180269737 -0.171835462226
1.56657367706 -4.14180269737 -0.171835462226 2.56657367706 -4.14180269737 -0.171835462226
1.57657367706 -4.14180269737 -0.171835462226 2.57657367706 -4.14180269737 -0.171835462226
1.58657367706 -4.14180269737 -0.171835462226 2.58657367706 -4.14180269737 -0.171835462226
1.59657367706 -4.14180269737 -0.171835462226 2.59657367706 -4.14180269737 -0.171835462226
1.60657367706 -4.14180269737 -0.171835462226 2.60657367706 -4.14180269737 -0.171835462226
1.61657367706 -4.14180269737 -0.171835462226 2.61657367706 -4.14180269737 -0.171835462226
1.62657367706 -4.14180269737 -0.171835462226 2.62657367706 -4.14180269737 -0.171835462226
1.63657367706 -4.14180269737 -0.171835462226 2.63657367706 -4.14180269737 -0.171835462226
1.64657367706 -4.14180269737 -0.171835462226 2.64657367706 -4.14180269737 -0.171835462226
1.65657367706 -4.14212737269 -0.172484812876 2.65657367706 -4.14212737269 -0.172484812876
1.66657367706 -4.14212737269 -0.172484812876 2.66657367706 -4.14212737269 -0.172484812876
1.67657367706 -4.14212737269 -0.172484812876 2.67657367706 -4.14212737269 -0.172484812876
1.68657367706 -4.14212737269 -0.172484812876 2.68657367706 -4.14212737269 -0.172484812876
1.69657367706 -4.14212737269 -0.172484812876 2.69657367706 -4.14212737269 -0.172484812876
1.70657367706 -4.14212737269 -0.172484812876 2.70657367706 -4.14212737269 -0.172484812876
1.71657367706 -4.14212737269 -0.172484812876 2.71657367706 -4.14212737269 -0.172484812876
1.72657367706 -4.14212737269 -0.172484812876 2.72657367706 -4.14212737269 -0.172484812876
1.73657367706 -4.14212737269 -0.172484812876 2.73657367706 -4.14212737269 -0.172484812876
1.74657367706 -4.14212737269 -0.172484812876 2.74657367706 -4.14212737269 -0.172484812876
1.75657367706 -4.14212737269 -0.172484812876 2.75657367706 -4.14212737269 -0.172484812876
1.76657367706 -4.14212737269 -0.172484812876 2.76657367706 -4.14212737269 -0.172484812876
1.77657367706 -4.14212737269 -0.172484812876 2.77657367706 -4.14212737269 -0.172484812876
1.78657367706 -4.14212737269 -0.172484812876 2.78657367706 -4.14212737269 -0.172484812876
1.79657367706 -4.14245204802 -0.173134163525 2.79657367706 -4.14245204802 -0.173134163525
1.80657367706 -4.14245204802 -0.173134163525 2.80657367706 -4.14245204802 -0.173134163525
1.81657367706 -4.14245204802 -0.173134163525 2.81657367706 -4.14245204802 -0.173134163525
1.82657367706 -4.14245204802 -0.173134163525 2.82657367706 -4.14245204802 -0.173134163525
1.83657367706 -4.14245204802 -0.173134163525 2.83657367706 -4.14245204802 -0.173134163525
1.84657367706 -4.14245204802 -0.173134163525 2.84657367706 -4.14245204802 -0.173134163525
1.85657367706 -4.14245204802 -0.173134163525 2.85657367706 -4.14245204802 -0.173134163525
1.86657367706 -4.14245204802 -0.173134163525 2.86657367706 -4.14245204802 -0.173134163525
1.87657367706 -4.14245204802 -0.173134163525 2.87657367706 -4.14245204802 -0.173134163525
1.88657367706 -4.14245204802 -0.173134163525 2.88657367706 -4.14245204802 -0.173134163525
1.89657367706 -4.14310139867 -0.174432864824 2.89657367706 -4.14310139867 -0.174432864824
1.90657367706 -4.14310139867 -0.174432864824 2.90657367706 -4.14310139867 -0.174432864824
1.91657367706 -4.14310139867 -0.174432864824 2.91657367706 -4.14310139867 -0.174432864824
1.92657367706 -4.14310139867 -0.174432864824 2.92657367706 -4.14310139867 -0.174432864824
1.93657367706 -4.14310139867 -0.174432864824 2.93657367706 -4.14310139867 -0.174432864824
1.94657367706 -4.14310139867 -0.174432864824 2.94657367706 -4.14310139867 -0.174432864824
1.95657367706 -4.14342607399 -0.175082215473 2.95657367706 -4.14342607399 -0.175082215473
1.96657367706 -4.14342607399 -0.175082215473 2.96657367706 -4.14342607399 -0.175082215473
1.97657367706 -4.14375074932 -0.175731566123 2.97657367706 -4.14375074932 -0.175731566123
1.98657367706 -4.14407542464 -0.176380916772 2.98657367706 -4.14407542464 -0.176380916772
1.99657367706 -4.14407542464 -0.176380916772 2.99657367706 -4.14407542464 -0.176380916772
2.00657367706 -4.14440009996 -0.177030267421 3.00657367706 -4.14440009996 -0.177030267421
