1.825335989 1.78480601311 -0.041008245945 1 1 -0.041008245945 0 0 0
1.835335989 1.78480601311 -0.041008245945 1 1 -0.041008245945 0 0 0
1.845335989 1.78480601311 -0.041008245945 1 1 -0.041008245945 0 0 0
1.855335989 1.78480601311 -0.041008245945 1 1 -0.041008245945 0 0 0
1.865335989 1.78480601311 -0.041008245945 1 1 -0.041008245945 0 0 0
1.875335989 1.78480601311 -0.041008245945 1 1 -0.041008245945 0 0 0
1.885335989 1.78480601311 -0.041008245945 1 1 -0.041008245945 0 0 0
1.895335989 1.78480601311 -0.041008245945 1 1 -0.041008245945 0 0 0
1.905335989 1.78480601311 -0.041008245945 1 1 -0.041008245945 0 0 0
1.915335989 1.78480601311 -0.041008245945 1 1 -0.041008245945 0 0 0
1.925335989 1.78480601311 -0.041008245945 1 1 -0.041008245945 0 0 0
1.935335989 1.78480601311 -0.041008245945 1 1 -0.041008245945 0 0 0
1.945335989 1.78480601311 -0.041008245945 1 1 -0.041008245945 0 0 0
1.955335989 1.78480601311 -0.041008245945 1 1 -0.041008245945 0 0 0
1.965335989 1.78480601311 -0.041008245945 1 1 -0.041008245945 0 0 0
1.975335989 1.78480601311 -0.041008245945 1 1 -0.041008245945 0 0 0
1.985335989 1.78480601311 -0.041008245945 1 1 -0.041008245945 0 0 0
1.995335989 1.78480601311 -0.041008245945 1 1 -0.041008245945 0 0 0
2.005335989 1.78480601311 -0.041008245945 1 1 -0.041008245945 0 0 0
2.015335989 1.78480601311 -0.041008245945 1 1 -0.041008245945 0 0 0
2.025335989 1.78480601311 -0.041008245945 1 1 -0.041008245945 0 0 0
2.035335989 1.78480601311 -0.041008245945 1 1 -0.041008245945 0 0 0
2.045335989 1.78480601311 -0.041008245945 1 1 -0.041008245945 0 0 0
2.055335989 1.78480601311 -0.041008245945 1 1 -0.041008245945 0 0 0
2.065335989 1.78480601311 -0.041008245945 1 1 -0.041008245945 0 0 0
2.075335989 1.78480601311 -0.041008245945 1 1 -0.041008245945 0 0 0
2.085335989 1.78480601311 -0.041008245945 1 1 -0.041008245945 0 0 0
2.095335989 1.78480601311 -0.041008245945 1 1 -0.041008245945 0 0 0
2.105335989 1.78480601311 -0.041008245945 1 1 -0.041008245945 0 0 0
2.115335989 1.78480601311 -0.041008245945 1 1 -0.041008245945 0 0 0
2.125335989 1.78480601311 -0.041008245945 1 1 -0.041008245945 0 0 0
2.135335989 1.78480601311 -0.041008245945 1 1 -0.041008245945 0 0 0
2.145335989 1.78480601311 -0.041008245945 1 1 -0.041008245945 0 0 0
2.155335989 1.78480601311 -0.041008245945 1 1 -0.041008245945 0 0 0
2.165335989 1.78480601311 -0.041008245945 1 1 -0.041008245945 0 0 0
2.175335989 1.78480601311 -0.041008245945 1 1 -0.041008245945 0 0 0
2.185335989 1.78480601311 -0.041008245945 1 1 -0.041008245945 0 0 0
2.195335989 1.78480601311 -0.041008245945 1 1 -0.041008245945 0 0 0
2.205335989 1.78480601311 -0.041008245945 1 1 -0.041008245945 0 0 0
2.215335989 1.78480601311 -0.041008245945 1 1 -0.041008245945 0 0 0
2.225335989 1.78480601311 -0.041008245945 1 1 -0.041008245945 0 0 0
2.235335989 1.78480601311 -0.041008245945 1 1 -0.041008245945 0 0 0
2.245335989 1.78480601311 -0.041008245945 1 1 -0.041008245945 0 0 0
2.255335989 1.78480601311 -0.041008245945 1 1 -0.041008245945 0 0 0
2.265335989 1.78480601311 -0.041008245945 1 1 -0.041008245945 0 0 0
2.275335989 1.78480601311 -0.041008245945 1 1 -0.041008245945 0 0 0
2.285335989 1.78480601311 -0.041008245945 1 1 -0.041008245945 0 0 0
2.295335989 1.78480601311 -0.041008245945 1 1 -0.041008245945 0 0 0
2.305335989 1.78480601311 -0.041008245945 1 1 -0.041008245945 0 0 0
2.315335989 1.78480601311 -0.041008245945 1 1 -0.041008245945 0 0 0
2.325335989 1.78480601311 -0.041008245945 1 1 -0.041008245945 0 0 0
2.335335989 1.78480601311 -0.041008245945 1 1 -0.041008245945 0 0 0
2.345335989 1.78480601311 -0.041008245945 1 1 -0.041008245945 0 0 0
2.355335989 1.78480601311 -0.041008245945 1 1 -0.041008245945 0 0 0
2.365335989 1.78480601311 -0.041008245945 1 1 -0.041008245945 0 0 0
2.375335989 1.78480601311 -0.041008245945 1 1 -0.041008245945 0 0 0
2.385335989 1.78480601311 -0.041008245945 1 1 -0.041008245945 0 0 0
2.395335989 1.78480601311 -0.041008245945 1 1 -0.041008245945 0 0 0
2.405335989 1.78480601311 -0.041008245945 1 1 -0.041008245945 0 0 0
2.415335989 1.78480601311 -0.041008245945 1 1 -0.041008245945 0 0 0
2.425335989 1.78480601311 -0.041008245945 1 1 -0.041008245945 0 0 0
2.435335989 1.78480601311 -0.041008245945 1 1 -0.041008245945 0 0 0
2.445335989 1.78480601311 -0.041008245945 1 1 -0.041008245945 0 0 0
2.455335989 1.78480601311 -0.041008245945 1 1 -0.041008245945 0 0 0
2.465335989 1.78480601311 -0.041008245945 1 1 -0.041008245945 0 0 0
2.475335989 1.78480601311 -0.041008245945 1 1 -0.041008245945 0 0 0
2.485335989 1.78480601311 -0.041008245945 1 1 -0.041008245945 0 0 0
2.495335989 1.78480601311 -0.041008245945 1 1 -0.041008245945 0 0 0
2.505335989 1.78480601311 -0.041008245945 1 1 -0.041008245945 0 0 0
2.515335989 1.78480601311 -0.041008245945 1 1 -0.041008245945 0 0 0
2.525335989 1.78480601311 -0.041008245945 1 1 -0.041008245945 0 0 0
2.535335989 1.78480601311 -0.041008245945 1 1 -0.041008245945 0 0 0
2.545335989 1.78480601311 -0.041008245945 1 1 -0.041008245945 0 0 0
2.555335989 1.78480601311 -0.041008245945 1 1 -0.041008245945 0 0 0
2.565335989 1.78480601311 -0.041008245945 1 1 -0.041008245945 0 0 0
2.575335989 1.78480601311 -0.041008245945 1 1 -0.041008245945 0 0 0
2.585335989 1.78480601311 -0.041008245945 1 1 -0.041008245945 0 0 0
2.595335989 1.78480601311 -0.041008245945 1 1 -0.041008245945 0 0 0
2.605335989 1.78480601311 -0.041008245945 1 1 -0.041008245945 0 0 0
2.615335989 1.78480601311 -0.041008245945 1 1 -0.041008245945 0 0 0
2.625335989 1.78480601311 -0.041008245945 1 1 -0.041008245945 0 0 0
2.635335989 1.78480601311 -0.041008245945 1 1 -0.041008245945 0 0 0
2.645335989 1.78480601311 -0.041008245945 1 1 -0.041008245945 0 0 0
2.655335989 1.78480601311 -0.041008245945 1 1 -0.041008245945 0 0 0
2.665335989 1.78480601311 -0.041008245945 1 1 -0.041008245945 0 0 0
2.675335989 1.78480601311 -0.041008245945 1 1 -0.041008245945 0 0 0
2.685335989 1.78480601311 -0.041008245945 1 1 -0.041008245945 0 0 0
2.695335989 1.78480601311 -0.041008245945 1 1 -0.041008245945 0 0 0
2.705335989 1.78480601311 -0.041008245945 1 1 -0.041008245945 0 0 0
2.715335989 1.78480601311 -0.041008245945 1 1 -0.041008245945 0 0 0
2.725335989 1.78480601311 -0.041008245945 1 1 -0.041008245945 0 0 0
2.735335989 1.78480601311 -0.041008245945 1 1 -0.041008245945 0 0 0
2.745335989 1.78480601311 -0.041008245945 1 1 -0.041008245945 0 0 0
2.755335989 1.78480601311 -0.041008245945 1 1 -0.041008245945 0 0 0
2.765335989 1.78480601311 -0.041008245945 1 1 -0.041008245945 0 0 0
2.775335989 1.78480601311 -0.041008245945 1 1 -0.041008245945 0 0 0
2.785335989 1.78480601311 -0.041008245945 1 1 -0.041008245945 0 0 0
2.795335989 1.78480601311 -0.041008245945 1 1 -0.041008245945 0 0 0
2.805335989 1.78480601311 -0.041008245945 1 1 -0.041008245945 0 0 0
2.815335989 1.78480601311 -0.041008245945 1 1 -0.041008245945 0 0 0
2.825335989 1.78480601311 -0.041008245945 1 1 -0.041008245945 0 0 0
2.835335989 1.78480601311 -0.041008245945 1 1 -0.041008245945 0 0 0
2.845335989 1.78480601311 -0.041008245945 1 1 -0.041008245945 0 0 0
2.855335989 1.78480601311 -0.041008245945 1 1 -0.041008245945 0 0 0
2.865335989 1.78480601311 -0.041008245945 1 1 -0.041008245945 0 0 0
2.875335989 1.78480601311 -0.041008245945 1 1 -0.041008245945 0 0 0
2.885335989 1.78480601311 -0.041008245945 1 1 -0.041008245945 0 0 0
2.895335989 1.78480601311 -0.041008245945 1 1 -0.041008245945 0 0 0
2.905335989 1.78480601311 -0.041008245945 1 1 -0.041008245945 0 0 0
2.915335989 1.78480601311 -0.041008245945 1 1 -0.041008245945 0 0 0
2.925335989 1.78480601311 -0.041008245945 1 1 -0.041008245945 0 0 0
2.935335989 1.78480601311 -0.041008245945 1 1 -0.041008245945 0 0 0
2.945335989 1.78480601311 -0.041008245945 1 1 -0.041008245945 0 0 0
2.955335989 1.78480601311 -0.041008245945 1 1 -0.041008245945 0 0 0
2.965335989 1.78480601311 -0.041008245945 1 1 -0.041008245945 0 0 0
2.975335989 1.78480601311 -0.041008245945 1 1 -0.041008245945 0 0 0
2.985335989 1.78480601311 -0.041008245945 1 1 -0.041008245945 0 0 0
2.995335989 1.78480601311 -0.041008245945 1 1 -0.041008245945 0 0 0
3.005335989 1.78480601311 -0.041008245945 1 1 -0.041008245945 0 0 0
3.015335989 1.78480601311 -0.041008245945 1 1 -0.041008245945 0 0 0
3.025335989 1.78480601311 -0.041008245945 1 1 -0.041008245945 0 0 0
3.035335989 1.78480601311 -0.041008245945 1 1 -0.041008245945 0 0 0
3.045335989 1.78480601311 -0.041008245945 1 1 -0.041008245945 0 0 0
3.055335989 1.78480601311 -0.041008245945 1 1 -0.041008245945 0 0 0
3.065335989 1.78480601311 -0.041008245945 1 1 -0.041008245945 0 0 0
3.075335989 1.78480601311 -0.041008245945 1 1 -0.041008245945 0 0 0
3.085335989 1.78480601311 -0.041008245945 1 1 -0.041008245945 0 0 0
3.095335989 1.78480601311 -0.041008245945 1 1 -0.041008245945 0 0 0
3.105335989 1.78480601311 -0.041008245945 1 1 -0.041008245945 0 0 0
3.115335989 1.78480601311 -0.041008245945 1 1 -0.041008245945 0 0 0
3.125335989 1.78480601311 -0.041008245945 1 1 -0.041008245945 0 0 0
3.135335989 1.78480601311 -0.041008245945 1 1 -0.041008245945 0 0 0
3.145335989 1.78480601311 -0.041008245945 1 1 -0.041008245945 0 0 0
3.155335989 1.78480601311 -0.041008245945 1 1 -0.041008245945 0 0 0
3.165335989 1.78480601311 -0.041008245945 1 1 -0.041008245945 0 0 0
3.175335989 1.78480601311 -0.041008245945 1 1 -0.041008245945 0 0 0
3.185335989 1.78480601311 -0.041008245945 1 1 -0.041008245945 0 0 0
3.195335989 1.78480601311 -0.041008245945 1 1 -0.041008245945 0 0 0
3.205335989 1.78480601311 -0.041008245945 1 1 -0.041008245945 0 0 0
3.215335989 1.78480601311 -0.041008245945 1 1 -0.041008245945 0 0 0
3.225335989 1.78480601311 -0.041008245945 1 1 -0.041008245945 0 0 0
3.235335989 1.78480601311 -0.041008245945 1 1 -0.041008245945 0 0 0
3.245335989 1.78480601311 -0.041008245945 1 1 -0.041008245945 0 0 0
3.255335989 1.78480601311 -0.041008245945 1 1 -0.041008245945 0 0 0
3.265335989 1.78480601311 -0.041008245945 1 1 -0.041008245945 0 0 0
3.275335989 1.78480601311 -0.041008245945 1 1 -0.041008245945 0 0 0
3.285335989 1.78480601311 -0.041008245945 1 1 -0.041008245945 0 0 0
3.295335989 1.78480601311 -0.041008245945 1 1 -0.041008245945 0 0 0
3.305335989 1.78480601311 -0.041008245945 1 1 -0.041008245945 0 0 0
3.315335989 1.78480601311 -0.041008245945 1 1 -0.041008245945 0 0 0
3.325335989 1.78480601311 -0.041008245945 1 1 -0.041008245945 0 0 0
3.335335989 1.78480601311 -0.041008245945 1 1 -0.041008245945 0 0 0
3.345335989 1.78480601311 -0.041008245945 1 1 -0.041008245945 0 0 0
3.355335989 1.78480601311 -0.041008245945 1 1 -0.041008245945 0 0 0
3.365335989 1.78480601311 -0.041008245945 1 1 -0.041008245945 0 0 0
3.375335989 1.78480601311 -0.041008245945 1 1 -0.041008245945 0 0 0
3.385335989 1.78480601311 -0.041008245945 1 1 -0.041008245945 0 0 0
3.395335989 1.78480601311 -0.041008245945 1 1 -0.041008245945 0 0 0
3.405335989 1.78480601311 -0.041008245945 1 1 -0.041008245945 0 0 0
3.415335989 1.78480601311 -0.041008245945 1 1 -0.041008245945 0 0 0
3.425335989 1.78480601311 -0.041008245945 1 1 -0.041008245945 0 0 0
3.435335989 1.78480601311 -0.041008245945 1 1 -0.041008245945 0 0 0
3.445335989 1.78480601311 -0.041008245945 1 1 -0.041008245945 0 0 0
3.455335989 1.78480601311 -0.041008245945 1 1 -0.041008245945 0 0 0
3.465335989 1.78480601311 -0.041008245945 1 1 -0.041008245945 0 0 0
3.475335989 1.78480601311 -0.041008245945 1 1 -0.041008245945 0 0 0
3.485335989 1.78480601311 -0.041008245945 1 1 -0.041008245945 0 0 0
3.495335989 1.78480601311 -0.041008245945 1 1 -0.041008245945 0 0 0
3.505335989 1.78480601311 -0.041008245945 1 1 -0.041008245945 0 0 0
3.515335989 1.78480601311 -0.041008245945 1 1 -0.041008245945 0 0 0
3.525335989 1.78480601311 -0.041008245945 1 1 -0.041008245945 0 0 0
3.535335989 1.78480601311 -0.041008245945 1 1 -0.041008245945 0 0 0
3.545335989 1.78480601311 -0.041008245945 1 1 -0.041008245945 0 0 0
3.555335989 1.78480601311 -0.041008245945 1 1 -0.041008245945 0 0 0
3.565335989 1.78480601311 -0.041008245945 1 1 -0.041008245945 0 0 0
3.575335989 1.78480601311 -0.041008245945 1 1 -0.041008245945 0 0 0
3.585335989 1.78480601311 -0.041008245945 1 1 -0.041008245945 0 0 0
3.595335989 1.78480601311 -0.041008245945 1 1 -0.041008245945 0 0 0
3.605335989 1.78480601311 -0.041008245945 1 1 -0.041008245945 0 0 0
3.615335989 1.78480601311 -0.041008245945 1 1 -0.041008245945 0 0 0
3.625335989 1.78480601311 -0.041008245945 1 1 -0.041008245945 0 0 0
3.635335989 1.78480601311 -0.041008245945 1 1 -0.041008245945 0 0 0
3.645335989 1.78480601311 -0.041008245945 1 1 -0.041008245945 0 0 0
3.655335989 1.78480601311 -0.041008245945 1 1 -0.041008245945 0 0 0
3.665335989 1.78480601311 -0.041008245945 1 1 -0.041008245945 0 0 0
3.675335989 1.78480601311 -0.041008245945 1 1 -0.041008245945 0 0 0
3.685335989 1.78480601311 -0.041008245945 1 1 -0.041008245945 0 0 0
3.695335989 1.78480601311 -0.041008245945 1 1 -0.041008245945 0 0 0
3.705335989 1.78480601311 -0.041008245945 1 1 -0.041008245945 0 0 0
3.715335989 1.78480601311 -0.041008245945 1 1 -0.041008245945 0 0 0
3.725335989 1.78480601311 -0.041008245945 1 1 -0.041008245945 0 0 0
3.735335989 1.78480601311 -0.041008245945 1 1 -0.041008245945 0 0 0
3.745335989 1.78480601311 -0.041008245945 1 1 -0.041008245945 0 0 0
3.755335989 1.78480601311 -0.041008245945 1 1 -0.041008245945 0 0 0
3.765335989 1.78480601311 -0.041008245945 1 1 -0.041008245945 0 0 0
3.775335989 1.78480601311 -0.041008245945 1 1 -0.041008245945 0 0 0
3.785335989 1.78480601311 -0.041008245945 1 1 -0.041008245945 0 0 0
3.795335989 1.78480601311 -0.041008245945 1 1 -0.041008245945 0 0 0
3.805335989 1.78480601311 -0.041008245945 1 1 -0.041008245945 0 0 0
3.815335989 1.78480601311 -0.041008245945 1 1 -0.041008245945 0 0 0
3.825335989 1.78480601311 -0.041008245945 1 1 -0.041008245945 0 0 0
3.835335989 1.78480601311 -0.041008245945 1 1 -0.041008245945 0 0 0
3.845335989 1.78480601311 -0.041008245945 1 1 -0.041008245945 0 0 0
3.855335989 1.78480601311 -0.041008245945 1 1 -0.041008245945 0 0 0
3.865335989 1.78480601311 -0.041008245945 1 1 -0.041008245945 0 0 0
3.875335989 1.78480601311 -0.041008245945 1 1 -0.041008245945 0 0 0
3.885335989 1.78480601311 -0.041008245945 1 1 -0.041008245945 0 0 0
3.895335989 1.78480601311 -0.041008245945 1 1 -0.041008245945 0 0 0
3.905335989 1.78480601311 -0.041008245945 1 1 -0.041008245945 0 0 0
3.915335989 1.78480601311 -0.041008245945 1 1 -0.041008245945 0 0 0
3.925335989 1.78480601311 -0.041008245945 1 1 -0.041008245945 0 0 0
3.935335989 1.78480601311 -0.041008245945 1 1 -0.041008245945 0 0 0
3.945335989 1.78480601311 -0.041008245945 1 1 -0.041008245945 0 0 0
3.955335989 1.78480601311 -0.041008245945 1 1 -0.041008245945 0 0 0
3.965335989 1.78480601311 -0.041008245945 1 1 -0.041008245945 0 0 0
3.975335989 1.78480601311 -0.041008245945 1 1 -0.041008245945 0 0 0
3.985335989 1.78480601311 -0.041008245945 1 1 -0.041008245945 0 0 0
3.995335989 1.78480601311 -0.041008245945 1 1 -0.041008245945 0 0 0
4.005335989 1.78480601311 -0.041008245945 1 1 -0.041008245945 0 0 0
4.015335989 1.78480601311 -0.041008245945 1 1 -0.041008245945 0 0 0
4.025335989 1.78480601311 -0.041008245945 1 1 -0.041008245945 0 0 0
4.035335989 1.78480601311 -0.041008245945 1 1 -0.041008245945 0 0 0
4.045335989 1.78480601311 -0.041008245945 1 1 -0.041008245945 0 0 0
4.055335989 1.78480601311 -0.041008245945 1 1 -0.041008245945 0 0 0
4.065335989 1.78480601311 -0.041008245945 1 1 -0.041008245945 0 0 0
4.075335989 1.78480601311 -0.041008245945 1 1 -0.041008245945 0 0 0
4.085335989 1.78480601311 -0.041008245945 1 1 -0.041008245945 0 0 0
4.095335989 1.78480601311 -0.041008245945 1 1 -0.041008245945 0 0 0
4.105335989 1.78480601311 -0.041008245945 1 1 -0.041008245945 0 0 0
4.115335989 1.78480601311 -0.041008245945 1 1 -0.041008245945 0 0 0
4.125335989 1.78480601311 -0.041008245945 1 1 -0.041008245945 0 0 0
4.135335989 1.78480601311 -0.041008245945 1 1 -0.041008245945 0 0 0
4.145335989 1.78480601311 -0.041008245945 1 1 -0.041008245945 0 0 0
4.155335989 1.78480601311 -0.041008245945 1 1 -0.041008245945 0 0 0
4.165335989 1.78480601311 -0.041008245945 1 1 -0.041008245945 0 0 0
4.175335989 1.78480601311 -0.041008245945 1 1 -0.041008245945 0 0 0
4.185335989 1.78480601311 -0.041008245945 1 1 -0.041008245945 0 0 0
4.195335989 1.78480601311 -0.041008245945 1 1 -0.041008245945 0 0 0
4.205335989 1.78480601311 -0.041008245945 1 1 -0.041008245945 0 0 0
4.215335989 1.78480601311 -0.041008245945 1 1 -0.041008245945 0 0 0
4.225335989 1.78480601311 -0.041008245945 1 1 -0.041008245945 0 0 0
4.235335989 1.78480601311 -0.041008245945 1 1 -0.041008245945 0 0 0
4.245335989 1.78480601311 -0.041008245945 1 1 -0.041008245945 0 0 0
4.255335989 1.78480601311 -0.041008245945 1 1 -0.041008245945 0 0 0
4.265335989 1.78480601311 -0.041008245945 1 1 -0.041008245945 0 0 0
4.275335989 1.78480601311 -0.041008245945 1 1 -0.041008245945 0 0 0
4.285335989 1.78480601311 -0.041008245945 1 1 -0.041008245945 0 0 0
4.295335989 1.78480601311 -0.041008245945 1 1 -0.041008245945 0 0 0
4.305335989 1.78480601311 -0.041008245945 1 1 -0.041008245945 0 0 0
4.315335989 1.78480601311 -0.041008245945 1 1 -0.041008245945 0 0 0
4.325335989 1.78480601311 -0.041008245945 1 1 -0.041008245945 0 0 0
4.335335989 1.78480601311 -0.041008245945 1 1 -0.041008245945 0 0 0
4.345335989 1.78480601311 -0.041008245945 1 1 -0.041008245945 0 0 0
4.355335989 1.78480601311 -0.041008245945 1 1 -0.041008245945 0 0 0
4.365335989 1.78480601311 -0.041008245945 1 1 -0.041008245945 0 0 0
4.375335989 1.78480601311 -0.041008245945 1 1 -0.041008245945 0 0 0
4.385335989 1.78480601311 -0.041008245945 1 1 -0.041008245945 0 0 0
4.395335989 1.78480601311 -0.041008245945 1 1 -0.041008245945 0 0 0
4.405335989 1.78480601311 -0.041008245945 1 1 -0.041008245945 0 0 0
4.415335989 1.78480601311 -0.041008245945 1 1 -0.041008245945 0 0 0
4.425335989 1.78480601311 -0.041008245945 1 1 -0.041008245945 0 0 0
4.435335989 1.78480601311 -0.041008245945 1 1 -0.041008245945 0 0 0
4.445335989 1.78480601311 -0.041008245945 1 1 -0.041008245945 0 0 0
4.455335989 1.78480601311 -0.041008245945 1 1 -0.041008245945 0 0 0
4.465335989 1.78480601311 -0.041008245945 1 1 -0.041008245945 0 0 0
4.475335989 1.78480601311 -0.041008245945 1 1 -0.041008245945 0 0 0
4.485335989 1.78480601311 -0.041008245945 1 1 -0.041008245945 0 0 0
4.495335989 1.78480601311 -0.041008245945 1 1 -0.041008245945 0 0 0
4.505335989 1.78480601311 -0.041008245945 1 1 -0.041008245945 0 0 0
4.515335989 1.78480601311 -0.041008245945 1 1 -0.041008245945 0 0 0
4.525335989 1.78480601311 -0.041008245945 1 1 -0.041008245945 0 0 0
4.535335989 1.78480601311 -0.041008245945 1 1 -0.041008245945 0 0 0
4.545335989 1.78480601311 -0.041008245945 1 1 -0.041008245945 0 0 0
4.555335989 1.78480601311 -0.041008245945 1 1 -0.041008245945 0 0 0
4.565335989 1.78480601311 -0.041008245945 1 1 -0.041008245945 0 0 0
4.575335989 1.78480601311 -0.041008245945 1 1 -0.041008245945 0 0 0
4.585335989 1.78480601311 -0.041008245945 1 1 -0.041008245945 0 0 0
4.595335989 1.78480601311 -0.041008245945 1 1 -0.041008245945 0 0 0
4.605335989 1.78480601311 -0.041008245945 1 1 -0.041008245945 0 0 0
4.615335989 1.78480601311 -0.041008245945 1 1 -0.041008245945 0 0 0
4.625335989 1.78480601311 -0.041008245945 1 1 -0.041008245945 0 0 0
4.635335989 1.78480601311 -0.041008245945 1 1 -0.041008245945 0 0 0
4.645335989 1.78480601311 -0.041008245945 1 1 -0.041008245945 0 0 0
4.655335989 1.78480601311 -0.041008245945 1 1 -0.041008245945 0 0 0
4.665335989 1.78480601311 -0.041008245945 1 1 -0.041008245945 0 0 0
4.675335989 1.78480601311 -0.041008245945 1 1 -0.041008245945 0 0 0
4.685335989 1.78480601311 -0.041008245945 1 1 -0.041008245945 0 0 0
4.695335989 1.78480601311 -0.041008245945 1 1 -0.041008245945 0 0 0
4.705335989 1.78480601311 -0.041008245945 1 1 -0.041008245945 0 0 0
4.715335989 1.78480601311 -0.041008245945 1 1 -0.041008245945 0 0 0
4.725335989 1.78480601311 -0.041008245945 1 1 -0.041008245945 0 0 0
4.735335989 1.78480601311 -0.041008245945 1 1 -0.041008245945 0 0 0
4.745335989 1.78480601311 -0.041008245945 1 1 -0.041008245945 0 0 0
4.755335989 1.78480601311 -0.041008245945 1 1 -0.041008245945 0 0 0
4.765335989 1.78480601311 -0.041008245945 1 1 -0.041008245945 0 0 0
4.775335989 1.78480601311 -0.041008245945 1 1 -0.041008245945 0 0 0
4.785335989 1.78480601311 -0.041008245945 1 1 -0.041008245945 0 0 0
4.795335989 1.78480601311 -0.041008245945 1 1 -0.041008245945 0 0 0
4.805335989 1.78480601311 -0.041008245945 1 1 -0.041008245945 0 0 0
4.815335989 1.78480601311 -0.041008245945 1 1 -0.041008245945 0 0 0
4.825335989 1.78480601311 -0.041008245945 1 1 -0.041008245945 0 0 0
4.835335989 1.78480601311 -0.041008245945 1 1 -0.041008245945 0 0 0
4.845335989 1.78480601311 -0.041008245945 1 1 -0.041008245945 0 0 0
4.855335989 1.78480601311 -0.041008245945 1 1 -0.041008245945 0 0 0
4.865335989 1.78480601311 -0.041008245945 1 1 -0.041008245945 0 0 0
4.875335989 1.78480601311 -0.041008245945 1 1 -0.041008245945 0 0 0
4.885335989 1.78480601311 -0.041008245945 1 1 -0.041008245945 0 0 0
4.895335989 1.78480601311 -0.041008245945 1 1 -0.041008245945 0 0 0
4.905335989 1.78480601311 -0.041008245945 1 1 -0.041008245945 0 0 0
4.915335989 1.78480601311 -0.041008245945 1 1 -0.041008245945 0 0 0
4.925335989 1.78480601311 -0.041008245945 1 1 -0.041008245945 0 0 0
4.935335989 1.78480601311 -0.041008245945 1 1 -0.041008245945 0 0 0
4.945335989 1.78480601311 -0.041008245945 1 1 -0.041008245945 0 0 0
4.955335989 1.78480601311 -0.041008245945 1 1 -0.041008245945 0 0 0
4.965335989 1.78480601311 -0.041008245945 1 1 -0.041008245945 0 0 0
4.975335989 1.78480601311 -0.041008245945 1 1 -0.041008245945 0 0 0
4.985335989 1.78480601311 -0.041008245945 1 1 -0.041008245945 0 0 0
4.995335989 1.78480601311 -0.041008245945 1 1 -0.041008245945 0 0 0
5.005335989 1.78480601311 -0.041008245945 1 1 -0.041008245945 0 0 0
5.015335989 1.78480601311 -0.041008245945 1 1 -0.041008245945 0 0 0
5.025335989 1.78480601311 -0.041008245945 1 1 -0.041008245945 0 0 0
5.035335989 1.78480601311 -0.041008245945 1 1 -0.041008245945 0 0 0
5.045335989 1.78480601311 -0.041008245945 1 1 -0.041008245945 0 0 0
5.055335989 1.78480601311 -0.041008245945 1 1 -0.041008245945 0 0 0
5.065335989 1.78480601311 -0.041008245945 1 1 -0.041008245945 0 0 0
5.075335989 1.78480601311 -0.041008245945 1 1 -0.041008245945 0 0 0
5.085335989 1.78480601311 -0.041008245945 1 1 -0.041008245945 0 0 0
5.095335989 1.78480601311 -0.041008245945 1 1 -0.041008245945 0 0 0
5.105335989 1.78480601311 -0.041008245945 1 1 -0.041008245945 0 0 0
5.115335989 1.78480601311 -0.041008245945 1 1 -0.041008245945 0 0 0
5.125335989 1.78480601311 -0.041008245945 1 1 -0.041008245945 0 0 0
5.135335989 1.78480601311 -0.041008245945 1 1 -0.041008245945 0 0 0
5.145335989 1.78480601311 -0.041008245945 1 1 -0.041008245945 0 0 0
5.155335989 1.78480601311 -0.041008245945 1 1 -0.041008245945 0 0 0
5.165335989 1.78480601311 -0.041008245945 1 1 -0.041008245945 0 0 0
5.175335989 1.78480601311 -0.041008245945 1 1 -0.041008245945 0 0 0
5.185335989 1.78480601311 -0.041008245945 1 1 -0.041008245945 0 0 0
5.195335989 1.78480601311 -0.041008245945 1 1 -0.041008245945 0 0 0
5.205335989 1.78480601311 -0.041008245945 1 1 -0.041008245945 0 0 0
5.215335989 1.78480601311 -0.041008245945 1 1 -0.041008245945 0 0 0
5.225335989 1.78480601311 -0.041008245945 1 1 -0.041008245945 0 0 0
5.235335989 1.78480601311 -0.041008245945 1 1 -0.041008245945 0 0 0
5.245335989 1.78480601311 -0.041008245945 1 1 -0.041008245945 0 0 0
5.255335989 1.78480601311 -0.041008245945 1 1 -0.041008245945 0 0 0
5.265335989 1.78480601311 -0.041008245945 1 1 -0.041008245945 0 0 0
5.275335989 1.78480601311 -0.041008245945 1 1 -0.041008245945 0 0 0
5.285335989 1.78480601311 -0.041008245945 1 1 -0.041008245945 0 0 0
5.295335989 1.78480601311 -0.041008245945 1 1 -0.041008245945 0 0 0
5.305335989 1.78480601311 -0.041008245945 1 1 -0.041008245945 0 0 0
5.315335989 1.78480601311 -0.041008245945 1 1 -0.041008245945 0 0 0
5.325335989 1.78480601311 -0.041008245945 1 1 -0.041008245945 0 0 0
5.335335989 1.78480601311 -0.041008245945 1 1 -0.041008245945 0 0 0
5.345335989 1.78480601311 -0.041008245945 1 1 -0.041008245945 0 0 0
5.355335989 1.78480601311 -0.041008245945 1 1 -0.041008245945 0 0 0
5.365335989 1.78480601311 -0.041008245945 1 1 -0.041008245945 0 0 0
5.375335989 1.78480601311 -0.041008245945 1 1 -0.041008245945 0 0 0
5.385335989 1.78480601311 -0.041008245945 1 1 -0.041008245945 0 0 0
5.395335989 1.78480601311 -0.041008245945 1 1 -0.041008245945 0 0 0
5.405335989 1.78480601311 -0.041008245945 1 1 -0.041008245945 0 0 0
5.415335989 1.78480601311 -0.041008245945 1 1 -0.041008245945 0 0 0
5.425335989 1.78480601311 -0.041008245945 1 1 -0.041008245945 0 0 0
5.435335989 1.78480601311 -0.041008245945 1 1 -0.041008245945 0 0 0
5.445335989 1.78480601311 -0.041008245945 1 1 -0.041008245945 0 0 0
5.455335989 1.78480601311 -0.041008245945 1 1 -0.041008245945 0 0 0
5.465335989 1.78480601311 -0.041008245945 1 1 -0.041008245945 0 0 0
5.475335989 1.78480601311 -0.041008245945 1 1 -0.041008245945 0 0 0
5.485335989 1.78480601311 -0.041008245945 1 1 -0.041008245945 0 0 0
5.495335989 1.78480601311 -0.041008245945 1 1 -0.041008245945 0 0 0
5.505335989 1.78480601311 -0.041008245945 1 1 -0.041008245945 0 0 0
5.515335989 1.78480601311 -0.041008245945 1 1 -0.041008245945 0 0 0
5.525335989 1.78480601311 -0.041008245945 1 1 -0.041008245945 0 0 0
5.535335989 1.78480601311 -0.041008245945 1 1 -0.041008245945 0 0 0
5.545335989 1.78480601311 -0.041008245945 1 1 -0.041008245945 0 0 0
5.555335989 1.78480601311 -0.041008245945 1 1 -0.041008245945 0 0 0
5.565335989 1.78480601311 -0.041008245945 1 1 -0.041008245945 0 0 0
5.575335989 1.78480601311 -0.041008245945 1 1 -0.041008245945 0 0 0
5.585335989 1.78480601311 -0.041008245945 1 1 -0.041008245945 0 0 0
5.595335989 1.78480601311 -0.041008245945 1 1 -0.041008245945 0 0 0
5.605335989 1.78480601311 -0.041008245945 1 1 -0.041008245945 0 0 0
5.615335989 1.78480601311 -0.041008245945 1 1 -0.041008245945 0 0 0
5.625335989 1.78480601311 -0.041008245945 1 1 -0.041008245945 0 0 0
5.635335989 1.78480601311 -0.041008245945 1 1 -0.041008245945 0 0 0
5.645335989 1.78480601311 -0.041008245945 1 1 -0.041008245945 0 0 0
5.655335989 1.78480601311 -0.041008245945 1 1 -0.041008245945 0 0 0
5.665335989 1.78480601311 -0.041008245945 1 1 -0.041008245945 0 0 0
5.675335989 1.78480601311 -0.041008245945 1 1 -0.041008245945 0 0 0
5.685335989 1.78480601311 -0.041008245945 1 1 -0.041008245945 0 0 0
5.695335989 1.78480601311 -0.041008245945 1 1 -0.041008245945 0 0 0
5.705335989 1.78480601311 -0.041008245945 1 1 -0.041008245945 0 0 0
5.715335989 1.78480601311 -0.041008245945 1 1 -0.041008245945 0 0 0
5.725335989 1.78480601311 -0.041008245945 1 1 -0.041008245945 0 0 0
5.735335989 1.78480601311 -0.041008245945 1 1 -0.041008245945 0 0 0
5.745335989 1.78480601311 -0.041008245945 1 1 -0.041008245945 0 0 0
5.755335989 1.78480601311 -0.041008245945 1 1 -0.041008245945 0 0 0
5.765335989 1.78480601311 -0.041008245945 1 1 -0.041008245945 0 0 0
5.775335989 1.78480601311 -0.041008245945 1 1 -0.041008245945 0 0 0
5.785335989 1.78480601311 -0.041008245945 1 1 -0.041008245945 0 0 0
5.795335989 1.78480601311 -0.041008245945 1 1 -0.041008245945 0 0 0
5.805335989 1.78480601311 -0.041008245945 1 1 -0.041008245945 0 0 0
5.815335989 1.78480601311 -0.041008245945 1 1 -0.041008245945 0 0 0
5.825335989 1.78480601311 -0.041008245945 1 1 -0.041008245945 0 0 0
5.835335989 1.78480601311 -0.041008245945 1 1 -0.041008245945 0 0 0
5.845335989 1.78480601311 -0.041008245945 1 1 -0.041008245945 0 0 0
5.855335989 1.78480601311 -0.041008245945 1 1 -0.041008245945 0 0 0
5.865335989 1.78480601311 -0.041008245945 1 1 -0.041008245945 0 0 0
5.875335989 1.78480601311 -0.041008245945 1 1 -0.041008245945 0 0 0
5.885335989 1.78480601311 -0.041008245945 1 1 -0.041008245945 0 0 0
5.895335989 1.78480601311 -0.041008245945 1 1 -0.041008245945 0 0 0
5.905335989 1.78480601311 -0.041008245945 1 1 -0.041008245945 0 0 0
5.915335989 1.78480601311 -0.041008245945 1 1 -0.041008245945 0 0 0
5.925335989 1.78480601311 -0.041008245945 1 1 -0.041008245945 0 0 0
5.935335989 1.78480601311 -0.041008245945 1 1 -0.041008245945 0 0 0
5.945335989 1.78480601311 -0.041008245945 1 1 -0.041008245945 0 0 0
5.955335989 1.78480601311 -0.041008245945 1 1 -0.041008245945 0 0 0
5.965335989 1.78480601311 -0.041008245945 1 1 -0.041008245945 0 0 0
5.975335989 1.78480601311 -0.041008245945 1 1 -0.041008245945 0 0 0
5.985335989 1.78480601311 -0.041008245945 1 1 -0.041008245945 0 0 0
5.995335989 1.78480601311 -0.041008245945 1 1 -0.041008245945 0 0 0
6.005335989 1.78480601311 -0.041008245945 1 1 -0.041008245945 0 0 0
6.015335989 1.78480601311 -0.041008245945 1 1 -0.041008245945 0 0 0
6.025335989 1.78480601311 -0.041008245945 1 1 -0.041008245945 0 0 0
6.035335989 1.78480601311 -0.041008245945 1 1 -0.041008245945 0 0 0
6.045335989 1.78480601311 -0.041008245945 1 1 -0.041008245945 0 0 0
6.055335989 1.78480601311 -0.041008245945 1 1 -0.041008245945 0 0 0
6.065335989 1.78480601311 -0.041008245945 1 1 -0.041008245945 0 0 0
6.075335989 1.78480601311 -0.041008245945 1 1 -0.041008245945 0 0 0
6.085335989 1.78480601311 -0.041008245945 1 1 -0.041008245945 0 0 0
6.095335989 1.78480601311 -0.041008245945 1 1 -0.041008245945 0 0 0
6.105335989 1.78480601311 -0.041008245945 1 1 -0.041008245945 0 0 0
6.115335989 1.78480601311 -0.041008245945 1 1 -0.041008245945 0 0 0
6.125335989 1.78480601311 -0.041008245945 1 1 -0.041008245945 0 0 0
6.135335989 1.78480601311 -0.041008245945 1 1 -0.041008245945 0 0 0
6.145335989 1.78480601311 -0.041008245945 1 1 -0.041008245945 0 0 0
6.155335989 1.78480601311 -0.041008245945 1 1 -0.041008245945 0 0 0
6.165335989 1.78480601311 -0.041008245945 1 1 -0.041008245945 0 0 0
6.175335989 1.78480601311 -0.041008245945 1 1 -0.041008245945 0 0 0
6.185335989 1.78480601311 -0.041008245945 1 1 -0.041008245945 0 0 0
6.195335989 1.78480601311 -0.041008245945 1 1 -0.041008245945 0 0 0
6.205335989 1.78480601311 -0.041008245945 1 1 -0.041008245945 0 0 0
6.215335989 1.78480601311 -0.041008245945 1 1 -0.041008245945 0 0 0
6.225335989 1.78480601311 -0.041008245945 1 1 -0.041008245945 0 0 0
6.235335989 1.78480601311 -0.041008245945 1 1 -0.041008245945 0 0 0
6.245335989 1.78480601311 -0.041008245945 1 1 -0.041008245945 0 0 0
6.255335989 1.78480601311 -0.041008245945 1 1 -0.041008245945 0 0 0
6.265335989 1.78480601311 -0.041008245945 1 1 -0.041008245945 0 0 0
6.275335989 1.78480601311 -0.041008245945 1 1 -0.041008245945 0 0 0
6.285335989 1.78480601311 -0.041008245945 1 1 -0.041008245945 0 0 0
6.295335989 1.78480601311 -0.041008245945 1 1 -0.041008245945 0 0 0
6.305335989 1.78480601311 -0.041008245945 1 1 -0.041008245945 0 0 0
6.315335989 1.78480601311 -0.041008245945 1 1 -0.041008245945 0 0 0
