1.815335989 1.28980601311 0.158991754055 1 1 0.158991754055 0.0 0.0 0.0
1.81460005826 1.29480601311 0.165485260549 1 1 0.165485260549 0.00463821892393 0.00463821892393 0.00927643784787
1.81126672493 1.29980601311 0.165485260549 1 1 0.165485260549 0.00463821892393 0.00463821892393 0.00927643784787
1.8079333916 1.30480601311 0.165485260549 1 1 0.165485260549 0.00927643784787 0.00463821892393 0.00927643784787
1.80589875956 1.30980601311 0.168732013795 1 1 0.168732013795 0.00927643784787 0.00463821892393 0.0139146567718
1.80256542623 1.31480601311 0.168732013795 1 1 0.168732013795 0.0139146567718 0.00463821892393 0.0139146567718
1.79923209289 1.31980601311 0.168732013795 1 1 0.168732013795 0.0139146567718 0.00927643784787 0.0139146567718
1.79589875956 1.32480601311 0.168732013795 1 1 0.168732013795 0.0139146567718 0.0139146567718 0.0139146567718
1.79256542623 1.32980601311 0.168732013795 1 1 0.168732013795 0.0139146567718 0.0139146567718 0.0139146567718
1.78923209289 1.33480601311 0.168732013795 1 1 0.168732013795 0.0139146567718 0.0139146567718 0.0139146567718
1.78589875956 1.33980601311 0.168732013795 1 1 0.168732013795 0.0139146567718 0.0185528756957 0.0139146567718
1.78256542623 1.34480601311 0.168732013795 1 1 0.168732013795 0.0139146567718 0.0185528756957 0.0139146567718
1.77923209289 1.34980601311 0.168732013795 1 1 0.168732013795 0.0139146567718 0.0231910946197 0.0139146567718
1.77589875956 1.35480601311 0.168732013795 1 1 0.168732013795 0.0139146567718 0.0231910946197 0.0139146567718
1.77256542623 1.35980601311 0.168732013795 1 1 0.168732013795 0.00927643784787 0.0231910946197 0.0139146567718
1.76923209289 1.36480601311 0.168732013795 1 1 0.168732013795 0.00463821892393 0.0231910946197 0.0139146567718
1.76719746086 1.36980601311 0.171978767042 1 1 0.171978767042 0.0 0.0231910946197 0.0185528756957
1.76386412753 1.37480601311 0.171978767042 1 1 0.171978767042 0.0 0.0231910946197 0.0185528756957
1.76053079419 1.37980601311 0.171978767042 1 1 0.171978767042 0.0 0.0278293135436 0.0185528756957
1.75849616216 1.38480601311 0.175225520289 1 1 0.175225520289 -0.00463821892393 0.0278293135436 0.0231910946197
1.75646153012 1.38980601311 0.178472273536 1 1 0.178472273536 -0.00463821892393 0.0278293135436 0.0278293135436
1.75312819679 1.39480601311 0.178472273536 1 1 0.178472273536 -0.00463821892393 0.0278293135436 0.0278293135436
1.74979486346 1.39980601311 0.178472273536 1 1 0.178472273536 -0.00463821892393 0.0278293135436 0.0278293135436
1.74646153012 1.40480601311 0.178472273536 1 1 0.178472273536 -0.00927643784787 0.0324675324675 0.0278293135436
1.74312819679 1.40980601311 0.178472273536 1 1 0.178472273536 -0.00927643784787 0.0324675324675 0.0278293135436
1.73979486346 1.41480601311 0.178472273536 1 1 0.178472273536 -0.00927643784787 0.0371057513915 0.0278293135436
1.73646153012 1.41980601311 0.178472273536 1 1 0.178472273536 -0.00927643784787 0.0371057513915 0.0278293135436
1.73182949549 1.42480601311 0.175225520289 1 1 0.175225520289 -0.00927643784787 0.0371057513915 0.0231910946197
1.72719746086 1.42980601311 0.171978767042 1 1 0.171978767042 -0.00927643784787 0.0371057513915 0.0185528756957
1.72386412753 1.43480601311 0.171978767042 1 1 0.171978767042 -0.00927643784787 0.0371057513915 0.0185528756957
1.71923209289 1.43980601311 0.168732013795 1 1 0.168732013795 -0.00927643784787 0.0371057513915 0.0139146567718
1.71589875956 1.44480601311 0.168732013795 1 1 0.168732013795 -0.00927643784787 0.0371057513915 0.0139146567718
1.71126672493 1.44980601311 0.165485260549 1 1 0.165485260549 -0.00927643784787 0.0371057513915 0.00927643784787
1.7066346903 1.45480601311 0.162238507302 1 1 0.162238507302 -0.00927643784787 0.0371057513915 0.00463821892393
1.70330135696 1.45980601311 0.162238507302 1 1 0.162238507302 -0.00927643784787 0.0371057513915 0.00463821892393
1.69996802363 1.46480601311 0.162238507302 1 1 0.162238507302 -0.00927643784787 0.0371057513915 0.00463821892393
1.695335989 1.46980601311 0.158991754055 1 1 0.158991754055 -0.00927643784787 0.0371057513915 0.0
1.69070395437 1.47480601311 0.155745000808 1 1 0.155745000808 -0.00927643784787 0.0371057513915 -0.00463821892393
1.68737062103 1.47980601311 0.155745000808 1 1 0.155745000808 -0.00927643784787 0.0417439703154 -0.00463821892393
1.6827385864 1.48480601311 0.152498247562 1 1 0.152498247562 -0.00927643784787 0.0417439703154 -0.00927643784787
1.67940525307 1.48980601311 0.152498247562 1 1 0.152498247562 -0.00927643784787 0.0417439703154 -0.00927643784787
1.67477321844 1.49480601311 0.149251494315 1 1 0.149251494315 -0.00927643784787 0.0463821892393 -0.0139146567718
1.6714398851 1.49980601311 0.149251494315 1 1 0.149251494315 -0.00927643784787 0.0463821892393 -0.0139146567718
1.66810655177 1.50480601311 0.149251494315 1 1 0.149251494315 -0.00927643784787 0.0510204081633 -0.0139146567718
1.66347451714 1.50980601311 0.146004741068 1 1 0.146004741068 -0.00927643784787 0.0556586270872 -0.0185528756957
1.6601411838 1.51480601311 0.146004741068 1 1 0.146004741068 -0.00463821892393 0.0556586270872 -0.0185528756957
1.65680785047 1.51980601311 0.146004741068 1 1 0.146004741068 -0.00463821892393 0.0602968460111 -0.0185528756957
1.65217581584 1.52480601311 0.142757987821 1 1 0.142757987821 0.0 0.0602968460111 -0.0231910946197
1.6488424825 1.52980601311 0.142757987821 1 1 0.142757987821 -0.00463821892393 0.0602968460111 -0.0231910946197
1.64550914917 1.53480601311 0.142757987821 1 1 0.142757987821 -0.00463821892393 0.0602968460111 -0.0231910946197
1.64217581584 1.53980601311 0.142757987821 1 1 0.142757987821 -0.00927643784787 0.0602968460111 -0.0231910946197
1.63754378121 1.54480601311 0.139511234575 1 1 0.139511234575 -0.00927643784787 0.0602968460111 -0.0278293135436
1.63421044787 1.54980601311 0.139511234575 1 1 0.139511234575 -0.00927643784787 0.0602968460111 -0.0278293135436
1.63087711454 1.55480601311 0.139511234575 1 1 0.139511234575 -0.0139146567718 0.0602968460111 -0.0278293135436
1.62754378121 1.55980601311 0.139511234575 1 1 0.139511234575 -0.0139146567718 0.0602968460111 -0.0278293135436
1.62421044787 1.56480601311 0.139511234575 1 1 0.139511234575 -0.0139146567718 0.0556586270872 -0.0278293135436
1.62087711454 1.56980601311 0.139511234575 1 1 0.139511234575 -0.0185528756957 0.0510204081633 -0.0278293135436
1.61754378121 1.57480601311 0.139511234575 1 1 0.139511234575 -0.0231910946197 0.0510204081633 -0.0278293135436
1.61421044787 1.57980601311 0.139511234575 1 1 0.139511234575 -0.0278293135436 0.0510204081633 -0.0278293135436
1.61087711454 1.58480601311 0.139511234575 1 1 0.139511234575 -0.0278293135436 0.0463821892393 -0.0278293135436
1.60754378121 1.58980601311 0.139511234575 1 1 0.139511234575 -0.0324675324675 0.0417439703154 -0.0278293135436
1.60421044787 1.59480601311 0.139511234575 1 1 0.139511234575 -0.0324675324675 0.0417439703154 -0.0278293135436
1.60087711454 1.59980601311 0.139511234575 1 1 0.139511234575 -0.0371057513915 0.0417439703154 -0.0278293135436
1.59754378121 1.60480601311 0.139511234575 1 1 0.139511234575 -0.0371057513915 0.0371057513915 -0.0278293135436
1.59421044787 1.60980601311 0.139511234575 1 1 0.139511234575 -0.0417439703154 0.0371057513915 -0.0278293135436
1.59087711454 1.61480601311 0.139511234575 1 1 0.139511234575 -0.0417439703154 0.0278293135436 -0.0278293135436
1.58754378121 1.61980601311 0.139511234575 1 1 0.139511234575 -0.0417439703154 0.0278293135436 -0.0278293135436
1.58421044787 1.62480601311 0.139511234575 1 1 0.139511234575 -0.0417439703154 0.0231910946197 -0.0278293135436
1.57957841324 1.62980601311 0.136264481328 1 1 0.136264481328 -0.0417439703154 0.0231910946197 -0.0324675324675
1.57494637861 1.63480601311 0.133017728081 1 1 0.133017728081 -0.0417439703154 0.0185528756957 -0.0371057513915
1.57161304528 1.63980601311 0.133017728081 1 1 0.133017728081 -0.0417439703154 0.0139146567718 -0.0371057513915
1.56827971194 1.64480601311 0.133017728081 1 1 0.133017728081 -0.0417439703154 0.0139146567718 -0.0371057513915
1.56494637861 1.64980601311 0.133017728081 1 1 0.133017728081 -0.0371057513915 0.00927643784787 -0.0371057513915
1.56161304528 1.65480601311 0.133017728081 1 1 0.133017728081 -0.0324675324675 0.00463821892393 -0.0371057513915
1.55827971194 1.65980601311 0.133017728081 1 1 0.133017728081 -0.0324675324675 0.00463821892393 -0.0371057513915
1.55494637861 1.66480601311 0.133017728081 1 1 0.133017728081 -0.0324675324675 0.00463821892393 -0.0371057513915
1.55161304528 1.66980601311 0.133017728081 1 1 0.133017728081 -0.0324675324675 -0.00463821892393 -0.0371057513915
1.54827971194 1.67480601311 0.133017728081 1 1 0.133017728081 -0.0324675324675 -0.00927643784787 -0.0371057513915
1.54494637861 1.67980601311 0.133017728081 1 1 0.133017728081 -0.00463821892393 -0.00927643784787 -0.0371057513915
1.54161304528 1.68480601311 0.133017728081 1 1 0.133017728081 0.0 -0.00927643784787 -0.0371057513915
1.53698101064 1.68980601311 0.129770974834 1 1 0.129770974834 0.0 -0.00927643784787 -0.0417439703154
1.53364767731 1.69480601311 0.129770974834 1 1 0.129770974834 0.0 -0.0139146567718 -0.0417439703154
1.53031434398 1.69980601311 0.129770974834 1 1 0.129770974834 0.0 -0.0139146567718 -0.0417439703154
1.52438360805 1.70480601311 0.123277468341 1 1 0.123277468341 0.0 -0.0139146567718 -0.0510204081633
1.52105027471 1.70980601311 0.123277468341 1 1 0.123277468341 0.0 -0.0139146567718 -0.0510204081633
1.51771694138 1.71480601311 0.123277468341 1 1 0.123277468341 0.0 -0.0139146567718 -0.0510204081633
1.51438360805 1.71980601311 0.123277468341 1 1 0.123277468341 0.0 -0.0139146567718 -0.0510204081633
1.51105027471 1.72480601311 0.123277468341 1 1 0.123277468341 0.00463821892393 -0.0139146567718 -0.0510204081633
1.50771694138 1.72980601311 0.123277468341 1 1 0.123277468341 0.00463821892393 -0.0139146567718 -0.0510204081633
1.50438360805 1.73480601311 0.123277468341 1 1 0.123277468341 0.00463821892393 -0.0139146567718 -0.0510204081633
1.50105027471 1.73980601311 0.123277468341 1 1 0.123277468341 0.00463821892393 -0.0139146567718 -0.0510204081633
1.49771694138 1.74480601311 0.123277468341 1 1 0.123277468341 0.0139146567718 -0.0139146567718 -0.0510204081633
1.49308490675 1.74980601311 0.120030715094 1 1 0.120030715094 0.0185528756957 -0.0139146567718 -0.0556586270872
1.48975157341 1.75480601311 0.120030715094 1 1 0.120030715094 0.0185528756957 -0.0139146567718 -0.0556586270872
1.48641824008 1.75980601311 0.120030715094 1 1 0.120030715094 0.0185528756957 -0.0139146567718 -0.0556586270872
1.48308490675 1.76480601311 0.120030715094 1 1 0.120030715094 0.0185528756957 -0.0139146567718 -0.0556586270872
1.47975157341 1.76980601311 0.120030715094 1 1 0.120030715094 0.0185528756957 -0.0139146567718 -0.0556586270872
1.47641824008 1.77480601311 0.120030715094 1 1 0.120030715094 0.0185528756957 -0.0139146567718 -0.0556586270872
1.47438360805 1.77980601311 0.123277468341 1 1 0.123277468341 0.0231910946197 -0.0139146567718 -0.0510204081633
1.47105027471 1.78480601311 0.123277468341 1 1 0.123277468341 0.0231910946197 -0.0139146567718 -0.0510204081633
1.46771694138 1.78980601311 0.123277468341 1 1 0.123277468341 0.0278293135436 -0.0139146567718 -0.0510204081633
1.46568230934 1.79480601311 0.126524221587 1 1 0.126524221587 0.0324675324675 -0.0139146567718 -0.0463821892393
1.46234897601 1.79980601311 0.126524221587 1 1 0.126524221587 0.0324675324675 -0.0139146567718 -0.0463821892393
1.45901564268 1.80480601311 0.126524221587 1 1 0.126524221587 0.0324675324675 -0.00927643784787 -0.0463821892393
1.45568230934 1.80980601311 0.126524221587 1 1 0.126524221587 0.0324675324675 -0.00927643784787 -0.0463821892393
1.45234897601 1.81480601311 0.126524221587 1 1 0.126524221587 0.0324675324675 -0.00927643784787 -0.0463821892393
1.44901564268 1.81980601311 0.126524221587 1 1 0.126524221587 0.0324675324675 -0.00927643784787 -0.0463821892393
1.44568230934 1.82480601311 0.126524221587 1 1 0.126524221587 0.0324675324675 -0.00927643784787 -0.0463821892393
1.44234897601 1.82980601311 0.126524221587 1 1 0.126524221587 0.0324675324675 -0.00927643784787 -0.0463821892393
1.43901564268 1.83480601311 0.126524221587 1 1 0.126524221587 0.0324675324675 -0.00927643784787 -0.0463821892393
1.43698101064 1.83980601311 0.129770974834 1 1 0.129770974834 0.0324675324675 -0.00927643784787 -0.0417439703154
1.43364767731 1.84480601311 0.129770974834 1 1 0.129770974834 0.0324675324675 -0.00927643784787 -0.0417439703154
1.43291174657 1.84980601311 0.136264481328 1 1 0.136264481328 0.0324675324675 -0.00927643784787 -0.0324675324675
1.42957841324 1.85480601311 0.136264481328 1 1 0.136264481328 0.0371057513915 -0.00463821892393 -0.0324675324675
1.42754378121 1.85980601311 0.139511234575 1 1 0.139511234575 0.0371057513915 -0.00463821892393 -0.0278293135436
1.42421044787 1.86480601311 0.139511234575 1 1 0.139511234575 0.0371057513915 -0.00463821892393 -0.0278293135436
1.42087711454 1.86980601311 0.139511234575 1 1 0.139511234575 0.0371057513915 -0.00463821892393 -0.0278293135436
1.41754378121 1.87480601311 0.139511234575 1 1 0.139511234575 0.0371057513915 -0.00463821892393 -0.0278293135436
1.41421044787 1.87980601311 0.139511234575 1 1 0.139511234575 0.0371057513915 -0.00463821892393 -0.0278293135436
1.41217581584 1.88480601311 0.142757987821 1 1 0.142757987821 0.0371057513915 -0.00463821892393 -0.0231910946197
1.4088424825 1.88980601311 0.142757987821 1 1 0.142757987821 0.0371057513915 -0.00463821892393 -0.0231910946197
1.40550914917 1.89480601311 0.142757987821 1 1 0.142757987821 0.0371057513915 0.0 -0.0231910946197
1.40217581584 1.89980601311 0.142757987821 1 1 0.142757987821 0.0371057513915 0.0 -0.0231910946197
1.4001411838 1.90480601311 0.146004741068 1 1 0.146004741068 0.0371057513915 0.0 -0.0185528756957
1.39680785047 1.90980601311 0.146004741068 1 1 0.146004741068 0.0324675324675 0.0 -0.0185528756957
1.39347451714 1.91480601311 0.146004741068 1 1 0.146004741068 0.0324675324675 0.0 -0.0185528756957
1.3901411838 1.91980601311 0.146004741068 1 1 0.146004741068 0.0278293135436 0.0 -0.0185528756957
1.38680785047 1.92480601311 0.146004741068 1 1 0.146004741068 0.0231910946197 0.00463821892393 -0.0185528756957
1.38347451714 1.92980601311 0.146004741068 1 1 0.146004741068 0.0185528756957 0.00463821892393 -0.0185528756957
1.3801411838 1.93480601311 0.146004741068 1 1 0.146004741068 0.0185528756957 0.00463821892393 -0.0185528756957
1.37680785047 1.93980601311 0.146004741068 1 1 0.146004741068 0.0139146567718 0.00463821892393 -0.0185528756957
1.37477321844 1.94480601311 0.149251494315 1 1 0.149251494315 0.00927643784787 0.00463821892393 -0.0139146567718
1.3714398851 1.94980601311 0.149251494315 1 1 0.149251494315 0.00927643784787 0.00927643784787 -0.0139146567718
1.37070395437 1.95480601311 0.155745000808 1 1 0.155745000808 0.00927643784787 0.00927643784787 -0.00463821892393
1.36737062103 1.95980601311 0.155745000808 1 1 0.155745000808 0.00927643784787 0.0139146567718 -0.00463821892393
1.3640372877 1.96480601311 0.155745000808 1 1 0.155745000808 0.00927643784787 0.0139146567718 -0.00463821892393
1.36200265567 1.96980601311 0.158991754055 1 1 0.158991754055 0.00927643784787 0.0185528756957 0.0
1.35866932233 1.97480601311 0.158991754055 1 1 0.158991754055 0.00927643784787 0.0185528756957 0.0
1.355335989 1.97980601311 0.158991754055 1 1 0.158991754055 0.00927643784787 0.0185528756957 0.0
1.35200265567 1.98480601311 0.158991754055 1 1 0.158991754055 0.00927643784787 0.0185528756957 0.0
1.34866932233 1.98980601311 0.158991754055 1 1 0.158991754055 0.00927643784787 0.0185528756957 0.0
1.345335989 1.99480601311 0.158991754055 1 1 0.158991754055 0.00927643784787 0.0185528756957 0.0
1.34200265567 1.99980601311 0.158991754055 1 1 0.158991754055 0.00463821892393 0.0185528756957 0.0
1.33866932233 2.00480601311 0.158991754055 1 1 0.158991754055 0.00463821892393 0.0231910946197 0.0
1.335335989 2.00980601311 0.158991754055 1 1 0.158991754055 0.00463821892393 0.0231910946197 0.0
1.33330135696 2.01480601311 0.162238507302 1 1 0.162238507302 0.00463821892393 0.0231910946197 0.00463821892393
1.33126672493 2.01980601311 0.165485260549 1 1 0.165485260549 0.00463821892393 0.0231910946197 0.00927643784787
1.32923209289 2.02480601311 0.168732013795 1 1 0.168732013795 0.00463821892393 0.0278293135436 0.0139146567718
1.32589875956 2.02980601311 0.168732013795 1 1 0.168732013795 0.00463821892393 0.0278293135436 0.0139146567718
1.32386412753 2.03480601311 0.171978767042 1 1 0.171978767042 0.00927643784787 0.0278293135436 0.0185528756957
1.32182949549 2.03980601311 0.175225520289 1 1 0.175225520289 0.00927643784787 0.0278293135436 0.0231910946197
1.31849616216 2.04480601311 0.175225520289 1 1 0.175225520289 0.00927643784787 0.0278293135436 0.0231910946197
1.31646153012 2.04980601311 0.178472273536 1 1 0.178472273536 0.00927643784787 0.0278293135436 0.0278293135436
1.31312819679 2.05480601311 0.178472273536 1 1 0.178472273536 0.00927643784787 0.0278293135436 0.0278293135436
1.30979486346 2.05980601311 0.178472273536 1 1 0.178472273536 0.0139146567718 0.0278293135436 0.0278293135436
1.30646153012 2.06480601311 0.178472273536 1 1 0.178472273536 0.0139146567718 0.0278293135436 0.0278293135436
1.30312819679 2.06980601311 0.178472273536 1 1 0.178472273536 0.0185528756957 0.0278293135436 0.0278293135436
1.29979486346 2.07480601311 0.178472273536 1 1 0.178472273536 0.0185528756957 0.0278293135436 0.0278293135436
1.29646153012 2.07980601311 0.178472273536 1 1 0.178472273536 0.0185528756957 0.0278293135436 0.0278293135436
1.29312819679 2.08480601311 0.178472273536 1 1 0.178472273536 0.0185528756957 0.0278293135436 0.0278293135436
1.28979486346 2.08980601311 0.178472273536 1 1 0.178472273536 0.0185528756957 0.0278293135436 0.0278293135436
1.28646153012 2.09480601311 0.178472273536 1 1 0.178472273536 0.0231910946197 0.0278293135436 0.0278293135436
1.28312819679 2.09980601311 0.178472273536 1 1 0.178472273536 0.0231910946197 0.0324675324675 0.0278293135436
1.27979486346 2.10480601311 0.178472273536 1 1 0.178472273536 0.0231910946197 0.0371057513915 0.0278293135436
1.27646153012 2.10980601311 0.178472273536 1 1 0.178472273536 0.0231910946197 0.0371057513915 0.0278293135436
1.27182949549 2.11480601311 0.175225520289 1 1 0.175225520289 0.0231910946197 0.0324675324675 0.0231910946197
1.26849616216 2.11980601311 0.175225520289 1 1 0.175225520289 0.0231910946197 0.0324675324675 0.0231910946197
1.26516282883 2.12480601311 0.175225520289 1 1 0.175225520289 0.0231910946197 0.0324675324675 0.0231910946197
1.26053079419 2.12980601311 0.171978767042 1 1 0.171978767042 0.0231910946197 0.0324675324675 0.0185528756957
1.25719746086 2.13480601311 0.171978767042 1 1 0.171978767042 0.0231910946197 0.0371057513915 0.0185528756957
1.25386412753 2.13980601311 0.171978767042 1 1 0.171978767042 0.0231910946197 0.0371057513915 0.0185528756957
1.25053079419 2.14480601311 0.171978767042 1 1 0.171978767042 0.0231910946197 0.0371057513915 0.0185528756957
1.24719746086 2.14980601311 0.171978767042 1 1 0.171978767042 0.0231910946197 0.0371057513915 0.0185528756957
1.24386412753 2.15480601311 0.171978767042 1 1 0.171978767042 0.0231910946197 0.0371057513915 0.0185528756957
1.24053079419 2.15980601311 0.171978767042 1 1 0.171978767042 0.0185528756957 0.0371057513915 0.0185528756957
1.23589875956 2.16480601311 0.168732013795 1 1 0.168732013795 0.0185528756957 0.0324675324675 0.0139146567718
1.23256542623 2.16980601311 0.168732013795 1 1 0.168732013795 0.0139146567718 0.0324675324675 0.0139146567718
1.2279333916 2.17480601311 0.165485260549 1 1 0.165485260549 0.0139146567718 0.0324675324675 0.00927643784787
1.22460005826 2.17980601311 0.165485260549 1 1 0.165485260549 0.0139146567718 0.0278293135436 0.00927643784787
1.22126672493 2.18480601311 0.165485260549 1 1 0.165485260549 0.0139146567718 0.0278293135436 0.00927643784787
1.2179333916 2.18980601311 0.165485260549 1 1 0.165485260549 0.0139146567718 0.0231910946197 0.00927643784787
1.21460005826 2.19480601311 0.165485260549 1 1 0.165485260549 0.0139146567718 0.0185528756957 0.00927643784787
1.20996802363 2.19980601311 0.162238507302 1 1 0.162238507302 0.0139146567718 0.0185528756957 0.00463821892393
1.2066346903 2.20480601311 0.162238507302 1 1 0.162238507302 0.0139146567718 0.0185528756957 0.00463821892393
1.20200265567 2.20980601311 0.158991754055 1 1 0.158991754055 0.0139146567718 0.0139146567718 0.0
1.19866932233 2.21480601311 0.158991754055 1 1 0.158991754055 0.0139146567718 0.0139146567718 0.0
1.195335989 2.21980601311 0.158991754055 1 1 0.158991754055 0.0139146567718 0.0139146567718 0.0
1.19200265567 2.22480601311 0.158991754055 1 1 0.158991754055 0.0139146567718 0.0139146567718 0.0
1.18866932233 2.22980601311 0.158991754055 1 1 0.158991754055 0.0139146567718 0.0139146567718 0.0
1.185335989 2.23480601311 0.158991754055 1 1 0.158991754055 0.0139146567718 0.00927643784787 0.0
1.18200265567 2.23980601311 0.158991754055 1 1 0.158991754055 0.0139146567718 0.00927643784787 0.0
1.17737062103 2.24480601311 0.155745000808 1 1 0.155745000808 0.0139146567718 0.00927643784787 -0.00463821892393
1.1740372877 2.24980601311 0.155745000808 1 1 0.155745000808 0.00927643784787 0.00927643784787 -0.00463821892393
1.16940525307 2.25480601311 0.152498247562 1 1 0.152498247562 0.00463821892393 0.00927643784787 -0.00927643784787
1.16607191973 2.25980601311 0.152498247562 1 1 0.152498247562 0.00463821892393 0.00927643784787 -0.00927643784787
1.1627385864 2.26480601311 0.152498247562 1 1 0.152498247562 0.0 0.00927643784787 -0.00927643784787
1.15940525307 2.26980601311 0.152498247562 1 1 0.152498247562 0.0 0.00927643784787 -0.00927643784787
1.15607191973 2.27480601311 0.152498247562 1 1 0.152498247562 -0.00463821892393 0.00927643784787 -0.00927643784787
1.1527385864 2.27980601311 0.152498247562 1 1 0.152498247562 -0.00463821892393 0.0139146567718 -0.00927643784787
1.14940525307 2.28480601311 0.152498247562 1 1 0.152498247562 -0.00463821892393 0.0139146567718 -0.00927643784787
1.14607191973 2.28980601311 0.152498247562 1 1 0.152498247562 -0.00463821892393 0.0139146567718 -0.00927643784787
1.1427385864 2.29480601311 0.152498247562 1 1 0.152498247562 -0.00463821892393 0.0139146567718 -0.00927643784787
1.13940525307 2.29980601311 0.152498247562 1 1 0.152498247562 -0.00927643784787 0.0139146567718 -0.00927643784787
1.13607191973 2.30480601311 0.152498247562 1 1 0.152498247562 -0.00927643784787 0.0139146567718 -0.00927643784787
1.1327385864 2.30980601311 0.152498247562 1 1 0.152498247562 -0.00927643784787 0.00927643784787 -0.00927643784787
1.12940525307 2.31480601311 0.152498247562 1 1 0.152498247562 -0.00927643784787 0.00927643784787 -0.00927643784787
1.12607191973 2.31980601311 0.152498247562 1 1 0.152498247562 -0.00927643784787 0.00463821892393 -0.00927643784787
1.1227385864 2.32480601311 0.152498247562 1 1 0.152498247562 -0.00927643784787 0.00463821892393 -0.00927643784787
1.11940525307 2.32980601311 0.152498247562 1 1 0.152498247562 -0.00927643784787 0.00463821892393 -0.00927643784787
1.11607191973 2.33480601311 0.152498247562 1 1 0.152498247562 -0.0139146567718 0.00463821892393 -0.00927643784787
1.1127385864 2.33980601311 0.152498247562 1 1 0.152498247562 -0.0139146567718 0.00463821892393 -0.00927643784787
1.10940525307 2.34480601311 0.152498247562 1 1 0.152498247562 -0.0139146567718 0.00463821892393 -0.00927643784787
1.10607191973 2.34980601311 0.152498247562 1 1 0.152498247562 -0.0185528756957 0.00463821892393 -0.00927643784787
1.1027385864 2.35480601311 0.152498247562 1 1 0.152498247562 -0.0185528756957 0.00463821892393 -0.00927643784787
1.09940525307 2.35980601311 0.152498247562 1 1 0.152498247562 -0.0231910946197 0.00463821892393 -0.00927643784787
1.09737062103 2.36480601311 0.155745000808 1 1 0.155745000808 -0.0231910946197 0.00463821892393 -0.00463821892393
1.095335989 2.36980601311 0.158991754055 1 1 0.158991754055 -0.0231910946197 0.00463821892393 0.0
1.09200265567 2.37480601311 0.158991754055 1 1 0.158991754055 -0.0231910946197 0.00463821892393 0.0
1.08866932233 2.37980601311 0.158991754055 1 1 0.158991754055 -0.0231910946197 0.00463821892393 0.0
1.085335989 2.38480601311 0.158991754055 1 1 0.158991754055 -0.0231910946197 0.00463821892393 0.0
1.08330135696 2.38980601311 0.162238507302 1 1 0.162238507302 -0.0231910946197 0.00463821892393 0.00463821892393
1.07996802363 2.39480601311 0.162238507302 1 1 0.162238507302 -0.0231910946197 0.00927643784787 0.00463821892393
1.0766346903 2.39980601311 0.162238507302 1 1 0.162238507302 -0.0231910946197 0.00927643784787 0.00463821892393
1.07460005826 2.40480601311 0.165485260549 1 1 0.165485260549 -0.0231910946197 0.0139146567718 0.00927643784787
1.07256542623 2.40980601311 0.168732013795 1 1 0.168732013795 -0.0231910946197 0.0139146567718 0.0139146567718
1.06923209289 2.41480601311 0.168732013795 1 1 0.168732013795 -0.0231910946197 0.0185528756957 0.0139146567718
1.06589875956 2.41980601311 0.168732013795 1 1 0.168732013795 -0.0231910946197 0.0185528756957 0.0139146567718
1.06256542623 2.42480601311 0.168732013795 1 1 0.168732013795 -0.0231910946197 0.0185528756957 0.0139146567718
1.05923209289 2.42980601311 0.168732013795 1 1 0.168732013795 -0.0231910946197 0.0231910946197 0.0139146567718
1.05589875956 2.43480601311 0.168732013795 1 1 0.168732013795 -0.0231910946197 0.0231910946197 0.0139146567718
1.05256542623 2.43980601311 0.168732013795 1 1 0.168732013795 -0.0231910946197 0.0231910946197 0.0139146567718
1.04923209289 2.44480601311 0.168732013795 1 1 0.168732013795 -0.0278293135436 0.0231910946197 0.0139146567718
1.04589875956 2.44980601311 0.168732013795 1 1 0.168732013795 -0.0278293135436 0.0231910946197 0.0139146567718
1.04126672493 2.45480601311 0.165485260549 1 1 0.165485260549 -0.0278293135436 0.0231910946197 0.00927643784787
1.0379333916 2.45980601311 0.165485260549 1 1 0.165485260549 -0.0278293135436 0.0231910946197 0.00927643784787
1.03460005826 2.46480601311 0.165485260549 1 1 0.165485260549 -0.0278293135436 0.0231910946197 0.00927643784787
1.03126672493 2.46980601311 0.165485260549 1 1 0.165485260549 -0.0278293135436 0.0231910946197 0.00927643784787
1.0279333916 2.47480601311 0.165485260549 1 1 0.165485260549 -0.0278293135436 0.0231910946197 0.00927643784787
1.02460005826 2.47980601311 0.165485260549 1 1 0.165485260549 -0.0278293135436 0.0231910946197 0.00927643784787
1.02126672493 2.48480601311 0.165485260549 1 1 0.165485260549 -0.0278293135436 0.0231910946197 0.00927643784787
1.0179333916 2.48980601311 0.165485260549 1 1 0.165485260549 -0.0231910946197 0.0231910946197 0.00927643784787
1.01460005826 2.49480601311 0.165485260549 1 1 0.165485260549 -0.0231910946197 0.0231910946197 0.00927643784787
1.01126672493 2.49980601311 0.165485260549 1 1 0.165485260549 -0.0231910946197 0.0231910946197 0.00927643784787
1.0079333916 2.50480601311 0.165485260549 1 1 0.165485260549 -0.0231910946197 0.0231910946197 0.00927643784787
1.00460005826 2.50980601311 0.165485260549 1 1 0.165485260549 -0.0185528756957 0.0185528756957 0.00927643784787
1.00126672493 2.51480601311 0.165485260549 1 1 0.165485260549 -0.0185528756957 0.0185528756957 0.00927643784787
0.997933391596 2.51980601311 0.165485260549 1 1 0.165485260549 -0.0185528756957 0.0139146567718 0.00927643784787
0.994600058262 2.52480601311 0.165485260549 1 1 0.165485260549 -0.0139146567718 0.0139146567718 0.00927643784787
0.991266724929 2.52980601311 0.165485260549 1 1 0.165485260549 -0.00927643784787 0.0139146567718 0.00927643784787
0.987933391596 2.53480601311 0.165485260549 1 1 0.165485260549 -0.00463821892393 0.0139146567718 0.00927643784787
0.984600058262 2.53980601311 0.165485260549 1 1 0.165485260549 -0.00463821892393 0.0139146567718 0.00927643784787
0.981266724929 2.54480601311 0.165485260549 1 1 0.165485260549 0.0 0.0139146567718 0.00927643784787
0.977933391596 2.54980601311 0.165485260549 1 1 0.165485260549 0.0 0.0139146567718 0.00927643784787
0.974600058262 2.55480601311 0.165485260549 1 1 0.165485260549 0.0 0.0139146567718 0.00927643784787
0.971266724929 2.55980601311 0.165485260549 1 1 0.165485260549 0.00463821892393 0.0139146567718 0.00927643784787
0.967933391596 2.56480601311 0.165485260549 1 1 0.165485260549 0.00463821892393 0.0185528756957 0.00927643784787
0.964600058262 2.56980601311 0.165485260549 1 1 0.165485260549 0.00463821892393 0.0185528756957 0.00927643784787
0.961266724929 2.57480601311 0.165485260549 1 1 0.165485260549 0.00463821892393 0.0231910946197 0.00927643784787
0.957933391596 2.57980601311 0.165485260549 1 1 0.165485260549 0.00463821892393 0.0231910946197 0.00927643784787
0.954600058262 2.58480601311 0.165485260549 1 1 0.165485260549 0.00463821892393 0.0231910946197 0.00927643784787
0.951266724929 2.58980601311 0.165485260549 1 1 0.165485260549 0.00463821892393 0.0278293135436 0.00927643784787
0.947933391596 2.59480601311 0.165485260549 1 1 0.165485260549 0.00927643784787 0.0278293135436 0.00927643784787
0.944600058262 2.59980601311 0.165485260549 1 1 0.165485260549 0.00927643784787 0.0278293135436 0.00927643784787
0.942565426228 2.60480601311 0.168732013795 1 1 0.168732013795 0.0139146567718 0.0278293135436 0.0139146567718
0.939232092895 2.60980601311 0.168732013795 1 1 0.168732013795 0.0185528756957 0.0278293135436 0.0139146567718
0.935898759561 2.61480601311 0.168732013795 1 1 0.168732013795 0.0185528756957 0.0278293135436 0.0139146567718
0.931266724929 2.61980601311 0.165485260549 1 1 0.165485260549 0.0185528756957 0.0278293135436 0.00927643784787
0.927933391596 2.62480601311 0.165485260549 1 1 0.165485260549 0.0185528756957 0.0278293135436 0.00927643784787
0.924600058262 2.62980601311 0.165485260549 1 1 0.165485260549 0.0185528756957 0.0278293135436 0.00927643784787
0.921266724929 2.63480601311 0.165485260549 1 1 0.165485260549 0.0185528756957 0.0278293135436 0.00927643784787
0.916634690297 2.63980601311 0.162238507302 1 1 0.162238507302 0.0185528756957 0.0278293135436 0.00463821892393
0.913301356964 2.64480601311 0.162238507302 1 1 0.162238507302 0.0185528756957 0.0278293135436 0.00463821892393
0.90996802363 2.64980601311 0.162238507302 1 1 0.162238507302 0.0185528756957 0.0278293135436 0.00463821892393
0.906634690297 2.65480601311 0.162238507302 1 1 0.162238507302 0.0185528756957 0.0278293135436 0.00463821892393
0.903301356964 2.65980601311 0.162238507302 1 1 0.162238507302 0.0185528756957 0.0371057513915 0.00463821892393
0.898669322332 2.66480601311 0.158991754055 1 1 0.158991754055 0.0185528756957 0.0371057513915 0.0
0.895335988998 2.66980601311 0.158991754055 1 1 0.158991754055 0.0185528756957 0.0417439703154 0.0
0.892002655665 2.67480601311 0.158991754055 1 1 0.158991754055 0.0139146567718 0.0417439703154 0.0
0.888669322332 2.67980601311 0.158991754055 1 1 0.158991754055 0.00927643784787 0.0417439703154 0.0
0.8840372877 2.68480601311 0.155745000808 1 1 0.155745000808 0.00463821892393 0.0417439703154 -0.00463821892393
0.880703954366 2.68980601311 0.155745000808 1 1 0.155745000808 0.00463821892393 0.0417439703154 -0.00463821892393
0.877370621033 2.69480601311 0.155745000808 1 1 0.155745000808 0.00463821892393 0.0463821892393 -0.00463821892393
0.8740372877 2.69980601311 0.155745000808 1 1 0.155745000808 0.00463821892393 0.0463821892393 -0.00463821892393
0.870703954366 2.70480601311 0.155745000808 1 1 0.155745000808 0.0 0.0463821892393 -0.00463821892393
0.866071919734 2.70980601311 0.152498247562 1 1 0.152498247562 -0.00463821892393 0.0463821892393 -0.00927643784787
0.862738586401 2.71480601311 0.152498247562 1 1 0.152498247562 -0.00463821892393 0.0463821892393 -0.00927643784787
0.859405253068 2.71980601311 0.152498247562 1 1 0.152498247562 -0.00463821892393 0.0417439703154 -0.00927643784787
0.857370621033 2.72480601311 0.155745000808 1 1 0.155745000808 -0.00463821892393 0.0417439703154 -0.00463821892393
0.8540372877 2.72980601311 0.155745000808 1 1 0.155745000808 -0.00463821892393 0.0417439703154 -0.00463821892393
0.850703954366 2.73480601311 0.155745000808 1 1 0.155745000808 -0.00463821892393 0.0417439703154 -0.00463821892393
0.847370621033 2.73980601311 0.155745000808 1 1 0.155745000808 -0.00463821892393 0.0371057513915 -0.00463821892393
0.8440372877 2.74480601311 0.155745000808 1 1 0.155745000808 -0.00463821892393 0.0324675324675 -0.00463821892393
0.840703954366 2.74980601311 0.155745000808 1 1 0.155745000808 0.0 0.0324675324675 -0.00463821892393
0.837370621033 2.75480601311 0.155745000808 1 1 0.155745000808 0.0 0.0324675324675 -0.00463821892393
0.832738586401 2.75980601311 0.152498247562 1 1 0.152498247562 0.0 0.0324675324675 -0.00927643784787
0.829405253068 2.76480601311 0.152498247562 1 1 0.152498247562 0.0 0.0324675324675 -0.00927643784787
0.824773218436 2.76980601311 0.149251494315 1 1 0.149251494315 0.00463821892393 0.0324675324675 -0.0139146567718
0.821439885102 2.77480601311 0.149251494315 1 1 0.149251494315 0.00463821892393 0.0324675324675 -0.0139146567718
0.818106551769 2.77980601311 0.149251494315 1 1 0.149251494315 0.00927643784787 0.0324675324675 -0.0139146567718
0.814773218436 2.78480601311 0.149251494315 1 1 0.149251494315 0.00927643784787 0.0324675324675 -0.0139146567718
0.810141183804 2.78980601311 0.146004741068 1 1 0.146004741068 0.00927643784787 0.0278293135436 -0.0185528756957
0.80680785047 2.79480601311 0.146004741068 1 1 0.146004741068 0.00927643784787 0.0278293135436 -0.0185528756957
0.803474517137 2.79980601311 0.146004741068 1 1 0.146004741068 0.00927643784787 0.0278293135436 -0.0185528756957
0.800141183804 2.80480601311 0.146004741068 1 1 0.146004741068 0.00927643784787 0.0231910946197 -0.0185528756957
0.795509149172 2.80980601311 0.142757987821 1 1 0.142757987821 0.00927643784787 0.0185528756957 -0.0231910946197
0.792175815838 2.81480601311 0.142757987821 1 1 0.142757987821 0.00927643784787 0.0139146567718 -0.0231910946197
0.788842482505 2.81980601311 0.142757987821 1 1 0.142757987821 0.00927643784787 0.0139146567718 -0.0231910946197
0.785509149172 2.82480601311 0.142757987821 1 1 0.142757987821 0.00927643784787 0.00927643784787 -0.0231910946197
0.782175815838 2.82980601311 0.142757987821 1 1 0.142757987821 0.00927643784787 0.00927643784787 -0.0231910946197
0.777543781206 2.83480601311 0.139511234575 1 1 0.139511234575 0.00927643784787 0.00927643784787 -0.0278293135436
0.774210447873 2.83980601311 0.139511234575 1 1 0.139511234575 0.0139146567718 0.00927643784787 -0.0278293135436
0.77087711454 2.84480601311 0.139511234575 1 1 0.139511234575 0.0139146567718 0.00927643784787 -0.0278293135436
0.767543781206 2.84980601311 0.139511234575 1 1 0.139511234575 0.0139146567718 0.00927643784787 -0.0278293135436
0.764210447873 2.85480601311 0.139511234575 1 1 0.139511234575 0.0139146567718 0.00927643784787 -0.0278293135436
0.76087711454 2.85980601311 0.139511234575 1 1 0.139511234575 0.0185528756957 0.00927643784787 -0.0278293135436
0.757543781206 2.86480601311 0.139511234575 1 1 0.139511234575 0.0185528756957 0.00927643784787 -0.0278293135436
0.754210447873 2.86980601311 0.139511234575 1 1 0.139511234575 0.0185528756957 0.00927643784787 -0.0278293135436
0.75087711454 2.87480601311 0.139511234575 1 1 0.139511234575 0.0185528756957 0.00927643784787 -0.0278293135436
0.747543781206 2.87980601311 0.139511234575 1 1 0.139511234575 0.0185528756957 0.00927643784787 -0.0278293135436
0.744210447873 2.88480601311 0.139511234575 1 1 0.139511234575 0.0185528756957 0.00927643784787 -0.0278293135436
0.74087711454 2.88980601311 0.139511234575 1 1 0.139511234575 0.0185528756957 0.00927643784787 -0.0278293135436
0.737543781206 2.89480601311 0.139511234575 1 1 0.139511234575 0.0185528756957 0.00927643784787 -0.0278293135436
0.734210447873 2.89980601311 0.139511234575 1 1 0.139511234575 0.0139146567718 0.00927643784787 -0.0278293135436
0.73087711454 2.90480601311 0.139511234575 1 1 0.139511234575 0.00927643784787 0.00927643784787 -0.0278293135436
0.727543781206 2.90980601311 0.139511234575 1 1 0.139511234575 0.00927643784787 0.00927643784787 -0.0278293135436
0.724210447873 2.91480601311 0.139511234575 1 1 0.139511234575 0.00463821892393 0.00927643784787 -0.0278293135436
0.72087711454 2.91980601311 0.139511234575 1 1 0.139511234575 0.00463821892393 0.00927643784787 -0.0278293135436
0.717543781206 2.92480601311 0.139511234575 1 1 0.139511234575 0.0 0.00927643784787 -0.0278293135436
0.714210447873 2.92980601311 0.139511234575 1 1 0.139511234575 0.0 0.00927643784787 -0.0278293135436
0.71087711454 2.93480601311 0.139511234575 1 1 0.139511234575 -0.00463821892393 0.00927643784787 -0.0278293135436
0.707543781206 2.93980601311 0.139511234575 1 1 0.139511234575 -0.00463821892393 0.00927643784787 -0.0278293135436
0.704210447873 2.94480601311 0.139511234575 1 1 0.139511234575 -0.00463821892393 0.00927643784787 -0.0278293135436
0.702175815838 2.94980601311 0.142757987821 1 1 0.142757987821 -0.00463821892393 0.00927643784787 -0.0231910946197
0.698842482505 2.95480601311 0.142757987821 1 1 0.142757987821 -0.00463821892393 0.00927643784787 -0.0231910946197
0.695509149172 2.95980601311 0.142757987821 1 1 0.142757987821 -0.00463821892393 0.0139146567718 -0.0231910946197
0.692175815838 2.96480601311 0.142757987821 1 1 0.142757987821 -0.00927643784787 0.0185528756957 -0.0231910946197
0.688842482505 2.96980601311 0.142757987821 1 1 0.142757987821 -0.00927643784787 0.0185528756957 -0.0231910946197
0.685509149172 2.97480601311 0.142757987821 1 1 0.142757987821 -0.00927643784787 0.0231910946197 -0.0231910946197
0.683474517137 2.97980601311 0.146004741068 1 1 0.146004741068 -0.00927643784787 0.0231910946197 -0.0185528756957
0.680141183804 2.98480601311 0.146004741068 1 1 0.146004741068 -0.0139146567718 0.0231910946197 -0.0185528756957
0.678106551769 2.98980601311 0.149251494315 1 1 0.149251494315 -0.0185528756957 0.0231910946197 -0.0139146567718
0.676071919734 2.99480601311 0.152498247562 1 1 0.152498247562 -0.0185528756957 0.0231910946197 -0.00927643784787
0.672738586401 2.99980601311 0.152498247562 1 1 0.152498247562 -0.0231910946197 0.0231910946197 -0.00927643784787
0.669405253068 3.00480601311 0.152498247562 1 1 0.152498247562 -0.0231910946197 0.0278293135436 -0.00927643784787
0.666071919734 3.00980601311 0.152498247562 1 1 0.152498247562 -0.0278293135436 0.0278293135436 -0.00927643784787
0.662738586401 3.01480601311 0.152498247562 1 1 0.152498247562 -0.0278293135436 0.0324675324675 -0.00927643784787
0.659405253068 3.01980601311 0.152498247562 1 1 0.152498247562 -0.0278293135436 0.0324675324675 -0.00927643784787
0.656071919734 3.02480601311 0.152498247562 1 1 0.152498247562 -0.0278293135436 0.0324675324675 -0.00927643784787
0.6540372877 3.02980601311 0.155745000808 1 1 0.155745000808 -0.0278293135436 0.0324675324675 -0.00463821892393
0.650703954366 3.03480601311 0.155745000808 1 1 0.155745000808 -0.0278293135436 0.0324675324675 -0.00463821892393
0.648669322332 3.03980601311 0.158991754055 1 1 0.158991754055 -0.0278293135436 0.0324675324675 0.0
0.645335988998 3.04480601311 0.158991754055 1 1 0.158991754055 -0.0278293135436 0.0324675324675 0.0
0.642002655665 3.04980601311 0.158991754055 1 1 0.158991754055 -0.0278293135436 0.0324675324675 0.0
0.63996802363 3.05480601311 0.162238507302 1 1 0.162238507302 -0.0278293135436 0.0324675324675 0.00463821892393
0.636634690297 3.05980601311 0.162238507302 1 1 0.162238507302 -0.0278293135436 0.0324675324675 0.00463821892393
0.633301356964 3.06480601311 0.162238507302 1 1 0.162238507302 -0.0278293135436 0.0324675324675 0.00463821892393
0.62996802363 3.06980601311 0.162238507302 1 1 0.162238507302 -0.0278293135436 0.0324675324675 0.00463821892393
0.627933391596 3.07480601311 0.165485260549 1 1 0.165485260549 -0.0278293135436 0.0324675324675 0.00927643784787
0.624600058262 3.07980601311 0.165485260549 1 1 0.165485260549 -0.0278293135436 0.0324675324675 0.00927643784787
0.621266724929 3.08480601311 0.165485260549 1 1 0.165485260549 -0.0278293135436 0.0324675324675 0.00927643784787
0.617933391596 3.08980601311 0.165485260549 1 1 0.165485260549 -0.0278293135436 0.0324675324675 0.00927643784787
0.614600058262 3.09480601311 0.165485260549 1 1 0.165485260549 -0.0278293135436 0.0324675324675 0.00927643784787
0.611266724929 3.09980601311 0.165485260549 1 1 0.165485260549 -0.0278293135436 0.0324675324675 0.00927643784787
0.607933391596 3.10480601311 0.165485260549 1 1 0.165485260549 -0.0278293135436 0.0324675324675 0.00927643784787
0.604600058262 3.10980601311 0.165485260549 1 1 0.165485260549 -0.0278293135436 0.0324675324675 0.00927643784787
0.601266724929 3.11480601311 0.165485260549 1 1 0.165485260549 -0.0278293135436 0.0324675324675 0.00927643784787
0.597933391596 3.11980601311 0.165485260549 1 1 0.165485260549 -0.0278293135436 0.0324675324675 0.00927643784787
0.594600058262 3.12480601311 0.165485260549 1 1 0.165485260549 -0.0231910946197 0.0324675324675 0.00927643784787
0.591266724929 3.12980601311 0.165485260549 1 1 0.165485260549 -0.0231910946197 0.0324675324675 0.00927643784787
0.587933391596 3.13480601311 0.165485260549 1 1 0.165485260549 -0.0139146567718 0.0324675324675 0.00927643784787
0.584600058262 3.13980601311 0.165485260549 1 1 0.165485260549 -0.00927643784787 0.0324675324675 0.00927643784787
0.581266724929 3.14480601311 0.165485260549 1 1 0.165485260549 -0.00463821892393 0.0324675324675 0.00927643784787
0.577933391596 3.14980601311 0.165485260549 1 1 0.165485260549 0.0 0.0371057513915 0.00927643784787
0.573301356964 3.15480601311 0.162238507302 1 1 0.162238507302 0.00463821892393 0.0371057513915 0.00463821892393
0.56996802363 3.15980601311 0.162238507302 1 1 0.162238507302 0.00463821892393 0.0371057513915 0.00463821892393
0.565335988998 3.16480601311 0.158991754055 1 1 0.158991754055 0.00463821892393 0.0417439703154 0.0
0.562002655665 3.16980601311 0.158991754055 1 1 0.158991754055 0.00463821892393 0.0463821892393 0.0
0.558669322332 3.17480601311 0.158991754055 1 1 0.158991754055 0.00463821892393 0.0463821892393 0.0
0.555335988998 3.17980601311 0.158991754055 1 1 0.158991754055 0.00927643784787 0.0463821892393 0.0
0.550703954366 3.18480601311 0.155745000808 1 1 0.155745000808 0.00927643784787 0.0463821892393 -0.00463821892393
0.547370621033 3.18980601311 0.155745000808 1 1 0.155745000808 0.00927643784787 0.0510204081633 -0.00463821892393
0.5440372877 3.19480601311 0.155745000808 1 1 0.155745000808 0.00927643784787 0.0510204081633 -0.00463821892393
0.540703954366 3.19980601311 0.155745000808 1 1 0.155745000808 0.00927643784787 0.0556586270872 -0.00463821892393
0.536071919734 3.20480601311 0.152498247562 1 1 0.152498247562 0.00927643784787 0.0556586270872 -0.00927643784787
0.532738586401 3.20980601311 0.152498247562 1 1 0.152498247562 0.0139146567718 0.0556586270872 -0.00927643784787
0.529405253068 3.21480601311 0.152498247562 1 1 0.152498247562 0.0139146567718 0.0556586270872 -0.00927643784787
0.526071919734 3.21980601311 0.152498247562 1 1 0.152498247562 0.0139146567718 0.0556586270872 -0.00927643784787
0.521439885102 3.22480601311 0.149251494315 1 1 0.149251494315 0.0185528756957 0.0602968460111 -0.0139146567718
0.518106551769 3.22980601311 0.149251494315 1 1 0.149251494315 0.0185528756957 0.0602968460111 -0.0139146567718
0.514773218436 3.23480601311 0.149251494315 1 1 0.149251494315 0.0185528756957 0.0602968460111 -0.0139146567718
0.511439885102 3.23980601311 0.149251494315 1 1 0.149251494315 0.0185528756957 0.0602968460111 -0.0139146567718
0.505509149172 3.24480601311 0.142757987821 1 1 0.142757987821 0.0139146567718 0.0602968460111 -0.0231910946197
0.502175815838 3.24980601311 0.142757987821 1 1 0.142757987821 0.0139146567718 0.0602968460111 -0.0231910946197
0.498842482505 3.25480601311 0.142757987821 1 1 0.142757987821 0.0139146567718 0.0602968460111 -0.0231910946197
0.495509149172 3.25980601311 0.142757987821 1 1 0.142757987821 0.00927643784787 0.0602968460111 -0.0231910946197
0.492175815838 3.26480601311 0.142757987821 1 1 0.142757987821 0.00927643784787 0.0602968460111 -0.0231910946197
0.488842482505 3.26980601311 0.142757987821 1 1 0.142757987821 0.00927643784787 0.0556586270872 -0.0231910946197
0.485509149172 3.27480601311 0.142757987821 1 1 0.142757987821 0.00927643784787 0.0556586270872 -0.0231910946197
0.48087711454 3.27980601311 0.139511234575 1 1 0.139511234575 0.00463821892393 0.0510204081633 -0.0278293135436
0.477543781206 3.28480601311 0.139511234575 1 1 0.139511234575 0.0 0.0510204081633 -0.0278293135436
0.474210447873 3.28980601311 0.139511234575 1 1 0.139511234575 -0.00463821892393 0.0510204081633 -0.0278293135436
0.472175815838 3.29480601311 0.142757987821 1 1 0.142757987821 -0.00463821892393 0.0510204081633 -0.0231910946197
0.468842482505 3.29980601311 0.142757987821 1 1 0.142757987821 -0.00463821892393 0.0463821892393 -0.0231910946197
0.465509149172 3.30480601311 0.142757987821 1 1 0.142757987821 -0.00463821892393 0.0417439703154 -0.0231910946197
0.462175815838 3.30980601311 0.142757987821 1 1 0.142757987821 -0.0139146567718 0.0371057513915 -0.0231910946197
0.458842482505 3.31480601311 0.142757987821 1 1 0.142757987821 -0.0139146567718 0.0371057513915 -0.0231910946197
0.45680785047 3.31980601311 0.146004741068 1 1 0.146004741068 -0.0139146567718 0.0324675324675 -0.0185528756957
0.453474517137 3.32480601311 0.146004741068 1 1 0.146004741068 -0.0139146567718 0.0324675324675 -0.0185528756957
0.450141183804 3.32980601311 0.146004741068 1 1 0.146004741068 -0.0139146567718 0.0324675324675 -0.0185528756957
0.44680785047 3.33480601311 0.146004741068 1 1 0.146004741068 -0.0139146567718 0.0324675324675 -0.0185528756957
0.443474517137 3.33980601311 0.146004741068 1 1 0.146004741068 -0.0139146567718 0.0324675324675 -0.0185528756957
0.440141183804 3.34480601311 0.146004741068 1 1 0.146004741068 -0.0139146567718 0.0278293135436 -0.0185528756957
0.43680785047 3.34980601311 0.146004741068 1 1 0.146004741068 -0.0139146567718 0.0278293135436 -0.0185528756957
0.433474517137 3.35480601311 0.146004741068 1 1 0.146004741068 -0.0139146567718 0.0231910946197 -0.0185528756957
0.430141183804 3.35980601311 0.146004741068 1 1 0.146004741068 -0.00927643784787 0.0231910946197 -0.0185528756957
0.428106551769 3.36480601311 0.149251494315 1 1 0.149251494315 -0.00927643784787 0.0231910946197 -0.0139146567718
0.424773218436 3.36980601311 0.149251494315 1 1 0.149251494315 -0.00927643784787 0.0231910946197 -0.0139146567718
0.421439885102 3.37480601311 0.149251494315 1 1 0.149251494315 -0.00927643784787 0.0231910946197 -0.0139146567718
0.418106551769 3.37980601311 0.149251494315 1 1 0.149251494315 -0.00927643784787 0.0231910946197 -0.0139146567718
0.414773218436 3.38480601311 0.149251494315 1 1 0.149251494315 -0.00463821892393 0.0231910946197 -0.0139146567718
0.411439885102 3.38980601311 0.149251494315 1 1 0.149251494315 -0.00463821892393 0.0139146567718 -0.0139146567718
0.408106551769 3.39480601311 0.149251494315 1 1 0.149251494315 -0.00463821892393 0.00927643784787 -0.0139146567718
0.404773218436 3.39980601311 0.149251494315 1 1 0.149251494315 -0.00463821892393 0.00927643784787 -0.0139146567718
0.401439885102 3.40480601311 0.149251494315 1 1 0.149251494315 -0.00463821892393 0.00927643784787 -0.0139146567718
0.398106551769 3.40980601311 0.149251494315 1 1 0.149251494315 -0.00463821892393 0.00927643784787 -0.0139146567718
0.394773218436 3.41480601311 0.149251494315 1 1 0.149251494315 -0.00463821892393 0.00927643784787 -0.0139146567718
0.391439885102 3.41980601311 0.149251494315 1 1 0.149251494315 -0.00463821892393 0.00463821892393 -0.0139146567718
0.388106551769 3.42480601311 0.149251494315 1 1 0.149251494315 -0.00463821892393 0.00463821892393 -0.0139146567718
0.384773218436 3.42980601311 0.149251494315 1 1 0.149251494315 -0.00463821892393 0.0 -0.0139146567718
0.381439885102 3.43480601311 0.149251494315 1 1 0.149251494315 -0.00463821892393 0.0 -0.0139146567718
0.378106551769 3.43980601311 0.149251494315 1 1 0.149251494315 -0.00463821892393 0.0 -0.0139146567718
0.374773218436 3.44480601311 0.149251494315 1 1 0.149251494315 -0.00463821892393 0.0 -0.0139146567718
0.371439885102 3.44980601311 0.149251494315 1 1 0.149251494315 0.00463821892393 0.0 -0.0139146567718
0.36680785047 3.45480601311 0.146004741068 1 1 0.146004741068 0.00927643784787 0.0 -0.0185528756957
0.362175815838 3.45980601311 0.142757987821 1 1 0.142757987821 0.00927643784787 0.0 -0.0231910946197
0.357543781206 3.46480601311 0.139511234575 1 1 0.139511234575 0.00927643784787 0.0 -0.0278293135436
0.354210447873 3.46980601311 0.139511234575 1 1 0.139511234575 0.00927643784787 0.0 -0.0278293135436
0.35087711454 3.47480601311 0.139511234575 1 1 0.139511234575 0.00927643784787 0.0 -0.0278293135436
0.347543781206 3.47980601311 0.139511234575 1 1 0.139511234575 0.00927643784787 0.0 -0.0278293135436
0.344210447873 3.48480601311 0.139511234575 1 1 0.139511234575 0.0139146567718 0.0 -0.0278293135436
0.34087711454 3.48980601311 0.139511234575 1 1 0.139511234575 0.0139146567718 0.0 -0.0278293135436
0.337543781206 3.49480601311 0.139511234575 1 1 0.139511234575 0.0139146567718 0.0 -0.0278293135436
0.334210447873 3.49980601311 0.139511234575 1 1 0.139511234575 0.0139146567718 0.00463821892393 -0.0278293135436
0.33087711454 3.50480601311 0.139511234575 1 1 0.139511234575 0.0139146567718 0.00463821892393 -0.0278293135436
0.327543781206 3.50980601311 0.139511234575 1 1 0.139511234575 0.0139146567718 0.00463821892393 -0.0278293135436
0.324210447873 3.51480601311 0.139511234575 1 1 0.139511234575 0.0139146567718 0.00463821892393 -0.0278293135436
0.32087711454 3.51980601311 0.139511234575 1 1 0.139511234575 0.0139146567718 0.00463821892393 -0.0278293135436
0.316245079908 3.52480601311 0.136264481328 1 1 0.136264481328 0.0139146567718 0.00927643784787 -0.0324675324675
0.312911746574 3.52980601311 0.136264481328 1 1 0.136264481328 0.0139146567718 0.00927643784787 -0.0324675324675
0.308279711942 3.53480601311 0.133017728081 1 1 0.133017728081 0.0139146567718 0.00927643784787 -0.0371057513915
